2208 346440140 228 1957
303 433 41436751
201 2107 29881775
181 224 683296550
812 464 77155241
1288 777 108769493
1365 1359 560869533
12 46 365405413
1654 751 566800742
1259 275 393067558
1635 855 572875769
1766 1958 792884786
1433 2080 973097548
858 1585 127830130
2081 217 907507483
171 932 394371375
70 130 420804966
598 1453 665221325
369 173 638426037
1680 91 658627164
1188 810 387646665
229 498 513019775
651 1293 13338727
495 1819 146253849
12 4 337683315
272 10 326751602
683 101 365225562
357 507 471205153
199 484 174801472
365 167 505248883
1976 1102 146506536
1328 1346 886512246
547 1500 709401496
33 768 437109704
1181 1642 324009282
689 756 87784976
1332 690 882535980
705 437 811890591
1121 925 179545576
385 1122 339117788
1863 306 686463011
577 646 798694430
307 1632 727655032
1516 2058 437750797
1935 1002 722860462
172 80 896704621
233 1029 38533872
24 214 556961258
523 49 82571607
20 5 577120313
382 363 41289682
665 557 110405885
126 380 478670340
196 268 775088188
2009 998 634894381
1232 194 812726447
1030 829 589245874
706 970 543602737
1291 317 921605478
1312 1423 221593765
1309 672 559223630
1806 2091 117191816
129 592 825916829
480 780 923218173
535 810 449366396
1917 580 361895449
1303 411 695699247
93 6 604847013
187 1918 768593046
1261 1057 191299541
1473 107 513512808
2137 1670 993066369
128 143 790307943
303 664 624657257
1235 269 312893364
637 43 74225784
821 336 758830812
1729 2028 912572253
4 67 706707536
911 156 918918620
1403 822 890815379
767 146 578731456
1064 793 991027573
1140 1974 408403658
1153 307 852787073
1283 1205 511985115
323 1786 188706205
690 297 159595692
485 751 234058309
5 4 561713616
11 40 126996652
35 760 889356211
1811 626 461330564
649 1248 66398397
2199 1222 277284656
375 1521 486363061
123 1110 813814178
255 1026 352005954
240 1733 306207742
1097 1424 152728083
29 21 805235100
222 387 416904473
1530 468 526433113
1223 1078 633637620
825 988 244062877
1366 1421 41722679
741 2017 363634201
1237 718 720197613
414 958 319928808
1048 1019 306153209
239 511 522370516
2001 263 463378720
1028 788 622659341
647 151 914789045
353 168 958161905
434 744 536858467
2063 447 859474538
147 650 193759741
147 316 104655122
509 706 201612070
1523 631 471755635
512 1470 244693809
868 749 761713859
343 938 917012422
661 1192 215753536
1388 447 849102659
629 200 94318438
2083 874 507259914
276 1841 701472575
105 2072 472503166
1202 1367 859863286
574 1112 377439265
1289 894 463135582
37 82 543358209
570 1780 564273516
1026 1416 78513431
321 338 488443259
96 92 891286501
275 185 279520620
1785 566 918210049
1026 1980 462223627
67 539 261742377
393 220 800856623
412 76 962164999
443 220 758238331
192 24 875958055
1797 1557 609623471
113 32 378268452
552 660 807033746
1442 1888 152807582
301 424 658433146
189 716 245840345
359 1214 688774276
1309 1599 97108744
857 84 842220177
1638 924 589738551
85 339 193333384
1529 1400 103533124
480 1300 715841551
764 293 818634481
257 516 911879868
5 276 235404202
694 1373 704889740
1568 1884 966792030
25 298 27690109
478 30 12460065
1017 589 972775034
253 1575 828225434
512 925 960898552
595 399 62225843
638 1314 649774550
1222 1093 971483801
1875 1909 249464753
290 184 411567195
308 235 522944576
456 922 526164702
34 124 295202532
347 1216 969707575
1135 1767 790607768
40 187 750204446
148 101 164227728
222 218 395992946
1815 1107 756013345
827 1643 587283081
1474 945 243630585
1171 267 260508154
645 2098 940336354
1254 696 977900682
71 87 834312317
2055 1911 162686867
1141 919 720104916
215 532 681228844
2109 1120 744808382
1526 1399 824480408
159 551 405319634
174 492 713695046
848 711 212138866
293 1633 178548231
1204 164 833390784
1769 355 456978577
324 317 718452743
397 163 573359782
697 873 730848049
1550 1750 365927727
1062 428 390598225
25 69 175645359
734 260 708361440
17 893 719460268
156 71 749405189
803 1337 579819669
400 182 95554448
2157 474 334929307
213 1114 772121140
1277 2158 196906577
1716 2044 5645175
781 1078 781792630
251 184 312495071
607 1860 312985583
901 138 425484558
669 834 580071060
1563 1410 247507350
896 1507 966749109
1916 903 765363985
196 1082 466135719
895 203 164188748
1762 987 227400941
1901 2051 256676340
402 521 431164764
1836 625 718516595
589 1094 387358281
786 1555 956368238
1069 196 271984014
275 2189 12089996
871 1007 527163880
120 244 426107585
564 887 587683628
57 198 428587653
54 128 209405767
1226 1725 675931301
354 288 444711755
225 256 58035929
347 600 231220407
1353 2174 238099182
604 654 706862363
1409 593 537648347
137 304 615139547
1851 1647 138218025
267 824 949471440
49 1573 228412134
446 457 835000513
246 75 962746343
2182 968 427503685
630 639 756894104
184 118 120289713
79 121 79398338
748 214 320073037
765 314 441761856
1774 128 413245668
728 101 934403628
760 1412 491751891
489 1084 50486149
31 210 934406716
1939 231 471954406
414 718 351707908
513 174 846620183
927 1146 541744784
716 960 416647003
830 1016 859029131
230 2008 923506518
10 183 180012144
10 9 982573858
1655 1028 67638097
381 141 265182165
1454 632 299493439
790 1517 947429191
1321 1657 98263569
1139 103 524676330
1954 1082 954721798
1183 121 667937828
1374 296 200680898
2130 937 981294224
707 394 134478387
1001 2095 712953545
6 94 20198625
779 946 371047756
1280 67 771918072
25 27 628879698
1177 277 78108476
2010 52 943300174
285 12 754201913
21 5 677783508
1639 1265 124323307
22 16 33349530
1366 1313 131822312
1044 754 645387358
443 628 977285910
79 682 868940342
381 2047 229491913
1061 128 860593234
168 142 38111831
88 10 456319372
1929 1548 382552979
1800 674 154572662
1821 336 400152249
6 206 451063641
669 1306 513475282
157 121 742037400
1075 1295 698820061
1274 1118 915341092
43 150 263818905
695 179 13295030
485 50 254439020
1578 753 485907058
405 727 696448855
1742 669 771361563
196 459 732177203
312 2100 771348677
926 1773 518661961
2201 163 613940344
941 1398 153729870
1440 375 910501358
221 184 110840180
359 830 752565599
885 190 482237525
23 9 81792938
234 604 150133739
1814 445 290276217
44 41 503485305
2075 893 674929196
802 100 192246264
184 1051 797651775
1066 1861 274950922
1165 555 211455291
414 975 636959134
897 1731 29867193
739 30 161356754
54 496 868661692
96 323 99188274
467 786 796388279
430 317 248984944
1167 1118 35454328
310 285 606685257
1543 1763 887861793
447 342 160685528
996 303 666999244
1205 1142 593885722
954 90 772033433
881 1101 590986050
262 327 22869836
961 1011 241871322
1296 240 789643221
964 320 729198103
1605 247 648062870
208 314 430385038
599 76 161637783
1125 1597 765759887
173 738 32215297
898 74 247822285
1539 522 740680105
2073 1593 452424210
1240 722 945912998
1120 734 742205788
1189 168 860832769
1871 1575 935549557
1723 1108 852421565
1688 1835 118358139
96 504 772863468
53 166 499089588
921 2120 944506371
2133 566 692021812
1435 1496 958030971
373 135 287634184
1185 194 928141549
409 246 688676790
750 324 425845189
853 2084 804538242
955 1846 976251698
1969 1718 153420891
709 171 278318255
615 65 679922323
988 2169 504147115
2132 1698 529906804
800 1636 554239605
1462 60 449313154
1615 1415 957000333
546 292 150632994
420 223 6080299
715 44 535228441
153 1758 302315642
1252 1357 22973339
1384 152 514444465
1068 1134 679505619
230 1531 765730757
286 243 933056173
500 1662 637546573
289 512 188674505
1677 889 169393604
1067 1148 935989698
1684 866 813381206
1944 865 853577535
345 1090 701357437
149 77 596037743
1572 1745 740489593
1025 2180 781732875
307 98 360140363
44 583 892132488
158 261 125843776
189 923 921018084
462 474 772290640
3 449 202598609
1126 2150 568303701
1877 222 527252423
54 27 145119237
422 137 42170335
1324 267 863098478
747 268 790671558
1221 820 464612406
939 1399 448788746
780 1176 549808475
70 955 823293925
1246 1322 283086011
432 951 240309425
2066 1070 879538068
1175 910 646384172
1358 1429 111737267
1419 478 521005617
679 63 542085037
983 316 561052932
1231 2202 937407894
60 70 723264596
1567 1649 18793720
680 11 14738348
766 862 641806853
832 947 609798791
630 541 675548517
1118 468 800853468
484 1457 166127298
581 2062 536959463
291 986 734583652
35 25 757420748
1010 422 956901047
1865 1507 629793330
186 76 115431064
670 1126 395100760
15 997 634493304
2186 532 782167358
623 1913 520778262
818 193 372022522
1093 250 828761182
18 633 324708765
1834 27 622242362
193 219 968551255
777 80 677092386
1438 417 154133583
54 175 946893518
1473 1747 390765193
1035 1922 284720609
830 1584 168029481
603 677 854398237
1802 1396 860560568
312 22 177587657
1527 1837 254270161
741 35 706125482
305 173 628947683
62 189 610673641
1567 1129 308490946
1656 1006 687702091
2160 1534 706299722
255 236 516090745
1397 1822 226254029
102 88 947658588
710 399 52810351
1870 1108 469046384
2183 1192 218983749
1540 263 645027741
1610 1247 126213666
161 1471 180819798
139 415 47156595
1267 221 994267614
388 1198 859942515
38 75 822109320
1953 1843 294479711
806 253 283957246
816 463 582082097
1196 941 930867095
46 196 670824835
2200 1657 989403648
81 111 648382213
489 1100 712860110
100 1342 191566489
113 928 869889130
340 231 682975553
639 785 188493867
148 217 447343711
441 159 195138663
1823 2101 894179522
879 1757 333477148
1713 901 567794502
369 965 829873962
1494 2030 736220499
880 314 48341512
985 591 885598369
529 72 14322224
367 398 233406658
109 227 170714890
77 26 869495169
1948 1106 547458912
580 1873 198464698
1891 831 948256301
2097 301 803038363
1522 949 674909231
283 188 300917878
1273 915 664228119
1973 1014 694432739
2127 485 288398318
611 2049 395823153
3 866 424220401
1469 544 845963294
156 926 991603081
134 266 939330055
1641 151 702751365
870 99 786765441
82 832 231838163
386 1601 284510301
544 393 798492818
145 383 597962869
173 555 854703022
8 138 205764115
1014 1480 327947026
100 98 980020897
39 641 54838910
1949 516 796203438
1277 758 116114375
863 252 310301071
301 1318 330464948
534 328 776963246
517 513 731966784
1626 1375 593667992
2039 1462 192288554
15 607 515793166
1645 1807 312356694
1258 581 589970863
603 672 952146753
814 2121 638267372
1855 1028 735623575
1295 1709 60644651
2040 558 391194248
1581 2164 402008912
2076 123 627463095
30 14 552192394
428 1282 496296503
1932 816 983606649
1524 126 594095101
197 836 181962687
592 1169 882002097
214 585 17070080
1159 482 948173477
37 642 436541168
871 275 882613009
838 1434 99788331
1626 1869 84124155
387 448 438410451
1718 1840 207894940
1390 559 814265370
980 765 24401196
204 235 401357734
880 1059 18882539
936 601 569685998
1069 1407 608792162
1255 1482 778499203
605 1125 244306389
1219 710 48161622
947 1097 692601444
1027 12 947347357
1209 148 798881315
1243 372 247152628
1400 907 657218763
12 18 255189029
37 179 895504773
340 736 291119314
92 5 512229472
1572 1278 115994606
485 501 258838501
385 1080 236506603
1105 2203 607720588
1167 1455 624768263
1158 2034 204249574
115 42 279422295
68 1224 23894670
1436 711 288357805
69 1427 892380600
56 386 770838563
390 90 537456293
973 880 367806604
1602 381 818278271
626 4 156995271
48 473 762789179
267 428 622473631
1613 1379 544612995
111 297 354634500
475 378 978690342
298 1385 166864601
1018 956 392269056
72 294 782178184
2082 547 589607451
1151 1818 913917519
724 1106 356811080
128 202 900642860
713 337 508117859
10 287 405871710
2136 1352 777953207
239 179 389764528
348 351 420853276
289 503 875389152
435 455 564208184
1708 297 749495692
848 1184 417977508
636 1002 146979596
380 729 363889830
1590 887 909875342
1950 1707 636258644
972 288 370816014
1914 252 365773637
142 104 478261880
582 1549 954232236
1625 55 309113098
775 2071 92065906
1458 1387 700299452
1782 528 48860600
70 103 350912071
592 891 264810928
84 920 225695962
1179 308 539652223
479 132 939050083
1485 754 666378045
982 647 316892228
50 588 215521637
288 167 533768448
758 736 766427543
1138 819 76202511
260 676 715056293
464 140 716687257
844 681 587307537
267 1229 780602781
2069 208 128394331
2204 1328 328155090
491 412 6314350
1304 258 593637890
1108 1317 436329044
1425 495 982281235
552 510 378108657
1393 882 673533847
462 181 38143015
845 2086 555032126
2 1344 536259466
353 640 241122599
846 657 569507385
493 50 436958942
302 191 144479592
190 211 551113
1896 2124 828250976
1446 742 323569452
483 1442 750202840
1827 92 292985898
2 52 23724653
127 826 794766223
631 585 722974613
1794 1403 328682064
995 281 718988174
306 197 245429723
148 1004 600521315
554 1186 215437273
609 1006 613118453
239 264 624034388
356 1788 880659055
724 1449 575423799
1316 1806 817407029
514 503 460985224
250 62 986625267
800 661 677517620
2026 1040 244788730
420 509 224194133
70 114 341431231
801 940 403458868
1741 1600 783564141
52 313 145850609
24 446 795523806
492 772 23468636
12 969 357043861
9 1854 276898322
1600 977 903109630
1489 1790 851841839
2141 1581 23351152
1800 2134 152595738
140 1040 473272100
140 34 422758645
322 281 685398259
66 36 895071802
668 76 328816920
1698 1766 440191608
265 1217 873387242
974 59 532651506
169 216 242539505
64 83 837295342
582 493 712092206
395 1 957797064
116 36 140361432
538 890 940890740
732 797 371703332
1919 125 650883769
1218 650 774516472
819 546 347711053
813 748 67324311
85 1164 370227863
110 79 42679892
2056 574 147109982
71 76 119007548
638 488 286079434
494 874 724093248
174 659 189394220
1994 1777 231083286
168 601 184814814
1057 696 295945517
1667 2179 924452673
957 1857 64572338
1202 20 599017468
401 1294 854059778
1285 448 725904544
481 348 736615787
1 586 281361309
1204 1276 756017552
731 688 934225542
1362 1025 683545090
493 1271 532094461
38 199 757445572
460 541 979388262
1356 1353 205949594
1984 526 425019690
698 215 431647369
1532 1764 302108182
310 1116 712976310
144 737 964601803
1038 901 675808640
545 1761 885425897
46 137 344381505
135 1690 344710121
2106 1826 171192233
1915 849 534260661
1386 361 885978759
394 56 613702400
934 1559 140949344
1965 472 418195994
1204 2078 718507103
1227 788 933232277
444 559 457706130
617 711 918305852
99 649 260923053
918 967 663049680
410 399 94522833
273 113 137454790
1756 2093 694906119
229 346 78143124
201 590 817918036
775 318 638791451
1400 1569 250255108
1203 91 611096744
1031 2042 593120241
907 630 50830428
199 234 791811970
963 987 288787317
341 1001 803040869
395 469 777236286
53 52 100981163
768 991 234339686
573 213 789259250
285 1349 11056306
395 632 845161646
14 5 102275097
1881 2085 828439993
21 377 353998952
158 596 165924998
507 757 405011852
297 1712 46157504
105 2057 753982576
448 1234 150882979
202 1831 309299444
77 90 199356458
1092 463 865402163
1622 2007 926622552
1152 738 646587206
499 158 688156288
623 107 254323210
397 1325 432809492
918 1849 751508423
252 378 587158635
942 168 104936119
95 1389 498127804
196 245 625568974
2205 300 931938435
684 356 443464674
994 1808 193217127
1995 479 301436936
99 1847 257080813
473 2146 885462311
48 809 511485989
1835 2185 927240049
58 577 301099174
935 58 823390095
107 218 999979485
1207 50 993259324
1707 1572 926897611
1945 836 22629329
1289 1551 748595665
835 636 666621605
1266 2059 661243780
788 33 568520637
1947 106 864155824
775 904 322863015
221 241 261818842
1335 1218 417442967
540 1579 219795967
107 46 208135959
739 782 767921678
122 78 18947710
666 226 128321360
278 569 354622978
1444 641 393894259
1407 1591 104838522
397 602 512765711
1039 451 15157624
164 621 129046765
916 133 121603243
284 413 571642494
161 34 79554270
1536 577 423074856
1698 236 994593767
112 771 667345647
79 1981 821464508
1041 1098 352616895
1081 1514 984810083
597 1502 299383676
169 9 798344854
2206 1667 715067374
1631 263 308601460
697 1071 782200591
1548 292 999660566
34 461 116435996
45 13 797968148
1056 701 102785765
820 858 830939033
648 283 75026823
1951 714 419708132
230 952 734083131
1168 111 887970011
445 528 779351283
1743 990 98532431
770 1998 546395721
658 177 702649194
1365 1675 894184051
410 1810 286806702
937 1081 915732436
2108 232 251450451
1109 1072 482244576
84 720 857998566
1694 1155 71501001
1105 386 331153486
1466 726 366726122
151 158 116178649
47 34 995603029
1129 469 574683069
930 1352 52631470
462 2163 90821501
1 671 571960009
7 5 257882003
1525 1295 380637664
523 625 672522965
1073 1576 332137530
956 687 479535197
1284 469 252477645
544 1511 658664866
1664 142 439607718
126 54 854343657
931 401 492644649
335 137 334195314
49 72 212337761
2077 1632 928596038
392 619 814252712
1941 856 789850661
879 569 503161061
1587 11 350923271
29 1244 539203218
90 1279 280060999
877 397 376020471
1528 560 923160937
1788 1923 431905931
1071 1413 893735022
1074 187 52322722
726 377 283060246
149 1844 703428994
2111 1223 569074614
1216 1589 605272348
59 91 993713350
164 74 8965825
68 4 683878339
1465 1309 321711916
390 581 61024615
3 743 17434400
738 1117 339330059
971 582 266738319
1210 578 554647226
176 106 933825840
1102 1208 54961631
189 237 390312875
1799 1648 617378907
1826 1104 683921908
755 589 228262245
1791 1662 117964558
531 127 115285683
824 881 763455622
2114 1822 716118465
1269 1138 616129673
2021 1249 280502863
355 283 191961702
502 435 273276599
152 137 124622262
4 2 158625964
1268 91 582080414
2079 1289 114557197
786 828 90711802
1419 1683 414941447
1037 892 990632883
524 128 102224916
397 483 931914150
368 645 835805494
1316 631 911563196
1484 333 471914919
1694 1987 185357763
1 89 494765864
330 246 401855907
390 404 378958729
472 76 23469958
328 38 406065181
141 271 937624491
1895 1065 293648041
900 914 102205960
215 372 591508335
319 817 610478444
590 1594 998066440
1305 130 295599781
767 1131 190779512
233 490 116849141
116 1975 242261564
565 206 892481681
2038 1929 822102760
795 452 221976428
180 109 982364916
171 978 416822257
1247 751 578221119
1249 1225 965688378
1738 29 311295173
24 1013 293176259
594 509 551278085
10 174 9997797
585 855 134144124
96 1104 418348631
1343 940 54106632
368 865 558784177
2191 134 241571722
667 318 502891224
98 48 906955152
1499 1759 497541282
719 530 329762093
426 279 448536759
526 88 379620013
301 258 654859611
65 54 705118251
1081 1488 809460524
1681 334 910139910
746 398 547705465
134 84 564449596
1716 1367 10082566
1077 837 855591351
244 833 506219964
439 269 241446475
325 83 799730883
189 1516 239278016
1360 1209 993718860
435 899 424359252
207 678 424686874
339 1312 910895527
475 572 288749950
908 113 721005847
1703 1563 444620949
1858 1033 87066264
313 820 160828182
1003 357 375432110
1036 491 706177781
86 15 56633129
429 374 63544052
269 227 543714038
623 1666 306921156
1571 669 959371226
220 692 660722362
1577 442 148026637
784 778 466459011
688 337 532266869
369 1752 231760737
1456 1009 824042198
37 71 577801632
2096 1312 559021855
51 29 225231522
1059 1686 268070598
435 196 566234358
1179 1592 860588881
111 1178 196280445
333 2165 988643183
11 1532 770678904
2060 1790 855386487
1191 724 891054849
99 1045 590266008
2118 1372 997979453
1070 1162 834301480
1254 1960 995560855
1507 1878 811904420
456 18 530826081
1957 245 896048526
14 177 272910491
2004 957 634431296
943 67 599067610
170 525 976773626
97 12 923527786
1411 1382 828137424
1843 849 400116495
1490 322 385639269
231 725 366688147
722 14 253574992
58 46 863070886
158 466 309314750
1472 1209 481938978
9 62 807115521
2167 1675 927127183
33 173 149157221
162 109 103278205
326 51 782515769
1908 485 678231369
945 1606 151396003
392 150 901268598
1378 2087 537910750
1250 1301 231673008
591 493 157488779
711 1892 488477307
89 204 852866720
303 1264 533563320
1236 1072 840585241
617 372 888648501
675 478 650577745
1651 76 16531475
367 518 978259616
784 979 546611105
737 1147 741914586
511 2144 992733651
952 2025 340273942
1454 1653 667887234
117 1 397887289
600 1088 871248423
2004 2014 115035529
182 396 138250054
303 992 237610303
1345 344 607029143
1044 1058 838701535
285 1901 122078145
1623 1136 61830795
1351 1746 253608503
164 232 272649094
1565 56 735324092
1663 402 82280390
429 548 423229830
1644 1809 61253557
137 203 858009053
536 831 921378489
900 119 379232851
1902 233 690413274
2027 1410 804461295
248 183 298477877
1020 21 361869753
699 732 411547063
1624 1615 79179212
1553 1604 165763915
768 913 322541534
853 1499 990922243
262 1145 452725687
583 1997 909593134
1640 1492 835782623
87 1319 346425808
501 1845 829906855
556 52 36056542
1736 1206 456979110
158 197 766957415
1241 715 51776812
1124 1487 370776367
139 620 144087911
1111 331 533032689
779 867 694847166
1582 1512 14019819
368 132 743013930
732 915 566454731
1019 1135 107133263
282 10 178955928
205 7 270583995
1906 280 585350770
699 487 649420392
357 1347 347392345
837 216 294559386
25 63 215460475
957 744 568586431
1894 81 140104254
568 778 451925506
1705 1108 966605575
447 892 797350259
162 229 359005886
877 1839 435307650
2125 109 148534788
563 2045 6993481
1520 216 860661719
233 1199 868952744
388 624 793199761
18 85 986628237
521 1392 245794341
167 1795 904705286
2 376 335078254
1437 1216 402729395
385 840 223138501
172 468 214721666
154 100 774022755
1627 842 897530465
22 34 280936100
1108 352 567546944
221 606 792202302
835 1494 970506449
1753 1274 922915826
3 917 427609473
579 285 348845476
793 19 877508055
109 95 602430600
444 330 420272486
980 1063 957781398
1695 1287 907503550
2054 595 925597334
723 118 327847710
521 1682 528399937
1415 1169 714320373
819 1492 420726806
484 1593 538936294
843 439 375932898
847 882 514556259
1096 367 727630258
399 587 728667444
568 411 317292740
36 5 158261938
350 701 367028200
980 2099 210013608
1720 1110 903343701
903 22 922555109
1671 1979 825693050
12 213 79581561
317 155 190940403
2148 471 766755729
629 1085 151805857
108 280 868580925
382 1151 790846607
129 411 242895965
990 758 133677486
179 458 754842654
1550 1211 535993491
300 888 112170749
772 1005 446381810
292 103 85028244
682 860 5771080
1383 1038 311249597
754 260 839165459
167 162 408461465
311 407 500336465
30 37 871558123
374 133 970165133
1377 825 392153520
479 1042 593273948
1793 669 521166703
389 113 410285550
1805 1801 801863040
921 749 629167316
619 693 12737637
1093 1673 331659845
97 1700 971592493
351 1467 994319760
438 259 794220466
192 371 134700772
209 193 292275553
43 14 305536486
1260 839 803846282
28 1 10661931
180 388 83162898
467 296 862250028
893 1748 771380515
88 215 962031789
1378 959 952280278
81 6 795298548
332 933 24151367
56 545 654244246
984 92 784877025
459 2207 752629657
33 23 517219902
938 981 322766456
27 487 101988714
1410 232 653222839
89 163 538677842
1493 749 396904946
663 1200 347437051
463 298 95450701
1701 437 442503973
104 318 611987046
436 489 89093229
1160 843 19113687
194 1014 738247815
771 2002 439756569
1368 652 974269295
1438 1679 921973601
1546 2188 430487866
505 498 595202800
151 661 40423232
2151 338 595961079
198 580 537983835
70 253 403774713
83 1652 134891602
1887 1884 865993525
519 246 356261811
947 1962 795777699
2067 1589 992863531
1361 142 910279309
909 37 560342991
1278 1240 956400830
337 177 441892595
1340 149 12195105
864 1136 978868367
95 31 51567803
583 825 442442659
1311 908 722233844
766 207 69043853
352 204 595227563
1778 1475 518401283
501 567 352488270
936 1554 419171288
1211 319 365777650
1934 450 552051148
850 723 275660959
58 861 858415897
573 1370 234722526
2181 1662 989173941
1764 2175 921411901
1772 850 925769735
2104 1776 765561080
678 1534 149095919
1404 592 315481890
462 856 665680868
837 1338 64352208
1983 1769 998787189
519 610 141899030
1543 1232 182269619
148 703 222551391
1549 1937 21047432
1170 702 193138869
691 188 671521782
1049 483 575063030
129 730 752522450
50 29 856037731
608 523 609671297
1418 328 93579606
855 950 571170426
166 470 490057208
165 350 683623560
188 16 930681475
1929 2036 583383531
539 1833 993951525
1448 380 446068643
721 1128 494036114
733 620 63995159
145 35 40469702
878 4 822586779
402 108 402852572
1013 1019 456461395
1926 327 572863084
1703 2048 466630583
373 1055 737870519
1275 625 524425796
1405 1676 989974216
48 7 335069384
135 6 741019909
1970 1852 499481708
409 560 243586046
1363 826 367622291
1327 555 916926117
1661 131 122086054
402 1619 826163710
1717 1069 90234384
689 256 121490068
173 1331 872714894
659 1401 203655836
343 314 396289090
440 38 224097317
890 934 888590438
152 1955 353473064
288 712 516146869
560 2046 87945856
68 136 626874486
1016 1372 479064371
49 853 10429363
1233 942 831703516
185 575 569026154
74 1562 232132232
1215 300 896735006
1195 11 132044275
110 2011 766039250
916 1925 768701453
101 515 868355026
1080 1556 998651600
181 993 902217402
1099 1220 136788755
762 45 611275499
327 815 912035080
97 193 542138516
70 2015 976371244
408 74 912395015
1648 2195 898521173
599 1751 384562027
1009 1228 86437202
585 612 676490493
154 1230 464728816
1687 1163 344303246
1065 537 388313229
344 16 490556570
1547 1451 852544480
2153 552 752943502
963 407 554049276
1308 268 719662634
1252 1115 347924522
2010 2166 905569734
1226 224 8127570
798 419 759811362
359 62 774325157
496 1266 601170795
1257 434 842912569
2094 378 150711490
2113 1031 173048216
818 1697 595125076
139 79 707440726
274 570 814102151
580 1107 891921592
1432 1144 40980205
421 1103 45244780
6 561 179531488
1053 1557 880815449
606 1242 569794055
2053 59 176260367
1829 661 851442183
18 1779 257524376
1273 1475 886555968
16 358 782289155
134 740 17883262
864 777 400101990
542 79 972698591
66 1441 219460056
918 547 163650663
2043 1982 386393464
1728 1084 987453726
144 230 942545773
95 773 757370320
1217 1489 676467810
1495 1313 445111054
474 804 326260872
825 838 127562804
497 322 971185331
1868 1733 706995043
687 450 668700315
492 1375 149583170
928 1650 418798487
1660 588 650224017
296 71 230478406
634 1816 409650500
690 1133 577431954
779 343 193957665
976 20 317857603
1158 2190 879004293
1515 831 107578927
549 423 701924350
2119 1635 622599871
27 375 747136910
1334 859 774444538
1771 967 59277255
134 1460 941280859
1552 46 121173398
1927 262 718747461
28 1245 878024953
106 42 423053774
1719 137 667166465
1091 911 684993335
785 1726 966942702
520 140 637840605
1527 839 501825916
996 1508 572535192
685 59 836581650
623 794 609222037
1442 1541 813579487
314 1824 618850395
1801 795 413415130
649 1032 390773533
80 445 391839648
131 33 607943507
884 787 777729997
319 164 851261354
23 155 840765298
842 558 863223718
1433 996 3865651
582 790 427429456
1850 1181 843919441
1325 1380 756805503
1971 431 95715946
421 897 677852344
510 2092 850934925
45 852 923888859
337 803 21028939
1422 1066 699415688
1304 1609 605767432
24 576 76641935
296 384 220353455
66 1464 626311826
1 79 70427114
1099 713 220963360
506 391 919572711
623 886 536880973
325 1879 813175727
119 94 440437015
1043 874 190472688
1140 687 247370644
1190 54 4109761
78 1330 152208474
1903 1964 869156638
475 1580 110775656
51 1307 731367074
1408 515 695929838
418 261 867236924
578 422 277260732
852 2061 392949732
249 603 665356900
927 280 449972654
809 994 238470372
959 579 815468663
1075 4 112334501
1195 1486 479589373
1704 23 333320981
2161 2121 203790185
1097 1518 828014724
1478 1413 476956614
567 811 838188522
1795 1796 53229949
696 949 111021047
1940 1296 292795823
216 1076 898848281
796 468 300815303
663 165 464853002
1586 427 629792034
896 493 181663662
928 1102 754390063
120 96 743784767
99 527 611548511
1351 284 254646172
145 1391 886198090
212 172 449095877
189 1395 337284279
839 1711 564622069
1133 1946 907571640
1890 546 688263932
121 1376 581165410
1022 1658 733476089
182 135 97982565
1668 839 317473323
265 259 197276966
1434 1670 501698723
497 597 471262743
1989 907 993470138
150 598 780063045
1315 1897 821830850
191 875 694725064
1302 437 838720453
231 652 633078438
1174 874 272364834
2023 2110 264762343
281 704 329042831
70 742 30472924
1568 1985 127835667
1371 169 374747786
112 31 566725332
272 1336 796207126
315 1756 616491949
233 87 929469769
569 1452 69813513
2013 1511 753634565
1158 205 723798848
309 213 960638678
770 521 176663133
363 84 912081176
1968 1221 794268603
1172 1678 988099874
1649 1838 599009230
131 195 323767119
1685 1189 174478756
1286 202 979948627
36 300 54389028
38 25 317721957
1201 1776 308975366
1163 88 588362622
1900 213 699222480
492 669 457845235
892 941 839818176
1999 792 171833599
624 1730 514408202
350 1310 820874199
242 50 411510011
2175 2184 263981624
68 465 202024872
1698 1982 282670778
261 1046 711903746
905 786 976867771
481 1402 43615932
1033 1123 774689345
93 450 422648917
332 199 634090440
859 330 252551563
469 1054 566139509
323 912 946101938
8 13 555095170
77 336 640772313
1494 2192 110773790
326 563 898368388
1792 852 727141991
172 274 286130331
823 87 476022657
203 270 737701723
71 1644 350080002
1 15 602241926
1287 569 119567515
1329 497 747683381
832 1396 901231723
598 1292 320412670
1461 1379 80704717
1611 788 92384589
399 1115 42124355
1491 949 803417943
570 1992 211988299
876 152 615145206
191 31 963946465
1880 863 30925625
11 8 648181874
407 1430 603714028
635 239 194905879
135 1535 339196130
928 944 401861680
59 9 65566021
1519 1075 499157981
133 103 321945398
1352 1765 404981057
1459 323 691238488
604 791 481835389
434 196 575343133
1813 5 866981522
1194 659 370149221
260 174 30968364
600 889 265110882
96 686 338800396
1787 1409 37049559
1328 299 997060550
1754 586 868655484
276 1181 839924878
1000 598 856476137
651 548 33234122
1066 424 989498131
544 1034 608577816
688 2171 799734302
522 241 517869309
288 1015 461872142
395 2012 408409811
96 419 908981002
1225 1126 287977047
894 464 42711507
24 1079 382888260
1817 1754 354676147
1749 748 440008326
668 1009 371112980
267 154 266073373
863 1060 92911258
1831 1931 460786245
1262 745 8040501
537 1899 418611177
735 625 542274588
1867 1410 41515067
2173 690 719871004
1420 141 980265256
116 1598 515931725
1732 22 964112955
1927 1990 31880785
1674 1378 982816403
458 1142 373644613
1903 1693 926224366
80 15 168127780
1483 1446 121550892
1073 792 290794121
261 366 246397788
2064 1674 36811847
334 119 119718526
2029 699 296735708
508 320 831718714
1052 230 121178737
1768 1004 888049628
68 1445 835443531
1284 1468 102574484
2198 502 917297834
537 2154 905106153
220 34 477362460
1645 1380 362146422
262 155 697550382
7 557 993653297
391 1033 508383608
646 1041 757018293
1417 1311 288073095
263 83 841363931
159 2 505285550
26 399 112584531
2016 2014 253660566
1755 1317 897553827
2159 1073 519570073
80 702 901763931
2006 1204 433839005
405 144 379300240
455 1956 995446775
1885 613 26266175
2112 395 588224534
225 88 250681244
1 2 268683790
1756 2126 875286693
1832 1233 37978676
16 1 303538433
1174 1544 964420510
1830 1312 447245739
1886 56 780628416
2041 1524 449267791
342 310 491659311
655 54 898592208
700 1132 826994580
710 854 813977707
1022 778 262671261
1290 1172 441998909
5 24 693870452
1369 459 56509351
1148 1803 311217130
1265 1828 475827504
664 721 318772351
1596 555 995482572
1696 777 147102280
1353 1222 985479790
1008 745 173940393
1213 58 518179366
497 1238 70556291
772 1239 450889281
792 381 928271615
225 787 79533962
2103 1810 7674864
1706 331 133248212
818 937 857868615
2145 2125 652116071
247 135 820789665
968 168 58545433
165 1710 781671450
2035 34 950750540
872 241 232568196
1634 598 471780065
373 476 949968354
348 117 554462621
945 738 854500201
1812 1649 922752673
238 9 963650966
752 338 758385834
536 167 367856662
1154 820 313160890
538 318 381769231
72 320 764409435
1848 776 47803805
16 108 510091642
384 2019 547915292
939 803 263882335
530 375 867481889
1446 2196 978477592
2005 1428 840529835
119 2105 804479032
753 167 609158684
711 849 506498720
618 374 779457717
29 851 327182958
1007 1387 699881656
1689 1444 692171194
95 494 411870630
61 37 142317187
310 2000 735105878
155 170 191619911
2 8 944406748
421 323 194539907
1086 1921 491321662
290 1068 131617411
1193 795 541553655
54 78 427801784
309 1050 978254635
309 781 766822287
41 6 84868172
928 989 260653760
59 1435 7091626
316 480 529037684
1426 1136 739573107
953 562 263576489
2138 1560 616246077
1692 773 883462143
1155 196 886590922
187 1740 231211275
1119 289 334504865
385 1566 696068426
331 589 164466754
52 1144 574891612
1938 1225 929085215
1528 1866 733637740
1169 1481 672332969
540 321 326907438
510 142 525063564
535 372 982765564
962 568 62683143
29 1450 412971284
1924 631 851537811
407 550 806300603
162 341 675382538
783 2102 684471270
1893 571 760851318
2131 797 62234499
1021 724 158655675
1189 1463 44352855
1583 419 460827084
1512 1614 302739018
153 14 120185599
667 1333 408177954
591 776 522760821
138 437 523312482
615 622 274547
496 1315 460788507
488 384 868507629
151 82 813181480
1197 449 224568063
1124 934 209683865
1732 1875 791084793
803 930 710956522
763 580 716633074
373 416 784998695
759 720 514577327
2194 1423 43412493
1206 557 617670134
1086 1616 737371984
80 331 438663190
370 271 224668731
674 166 866115595
779 2149 286506444
851 1570 678324701
1182 102 931188708
2025 2116 115556259
31 2018 880761616
42 9 782109462
1967 805 593023092
2024 1707 88671906
929 594 785249937
289 16 571662498
1928 1132 10708168
879 1428 595978253
343 1341 608663120
2033 865 976749462
770 1612 381031543
1510 116 100176249
1597 2168 529761401
1853 562 147072863
1602 1872 203342693
2172 883 965576609
2135 1759 409123940
173 379 834359310
357 1156 161593995
127 16 152992481
1 425 570779031
2020 533 498091940
1251 1104 455134425
845 290 365039482
1630 1335 455237561
95 789 501082383
1852 968 725196680
814 305 860627104
1263 21 234445594
1251 2065 194579584
1182 1477 829908434
1501 1859 302169164
520 1911 601232168
961 183 73167101
1272 861 23287922
993 1889 875307759
482 478 506951982
486 406 299011613
36 144 836611223
104 46 168663737
278 254 179934492
1735 359 214190059
1143 29 663463507
1558 1286 993790871
123 72 416346773
485 1067 477202871
1996 131 888590720
1406 1993 56883453
1040 1313 240837584
297 2156 475992751
521 724 991398735
1253 816 718648534
1381 710 373120123
500 492 840297697
582 1783 208824971
94 1513 38503069
1083 122 596766970
725 1659 577515228
219 1149 477369711
170 243 957672747
34 417 536810890
1023 207 653451579
309 634 241689191
339 1512 635306534
85 636 959660595
571 513 447635967
183 293 804924332
750 1603 749424395
233 360 501172887
2142 136 131301334
111 1323 282195731
831 1339 736917967
9 17 989943787
20 1166 526541311
349 178 360935655
1548 1905 358019816
299 17 878022402
118 207 836983036
282 431 667521773
137 178 926644637
1459 1714 994645900
822 1734 951884548
561 657 695982491
110 190 754613874
906 216 616181515
754 822 386171138
1770 1024 287043878
310 1789 631926669
1959 1918 143788215
910 751 292115333
385 452 491133263
149 999 226391654
1091 1201 496343245
1472 1904 128245891
311 242 69879467
154 774 797435681
537 236 497979976
460 47 892793012
1504 672 405633867
1 31 475546465
46 566 259529886
1669 713 230818293
244 609 376516105
1130 652 800716252
401 322 163630057
1503 1372 568972969
1739 1181 895802194
1095 151 950467504
1744 1134 764542649
1087 387 272959641
49 19 853981046
783 19 546141860
1621 691 913858538
501 1354 836775401
500 1568 508969337
218 807 641999596
418 1823 239684383
394 827 957525429
56 44 378688990
1912 1403 860382938
493 562 650798179
1180 1143 269800043
99 28 510307219
284 143 862415268
1561 1050 453043172
1718 502 365477662
700 93 68494682
519 616 788701574
351 1270 937199496
1187 982 705509521
281 36 355521865
2122 1944 254771909
801 48 507235097
1533 456 159349090
1451 82 650701591
553 128 142422093
24 132 799801354
2139 742 608581311
291 19 944124348
569 2088 320099646
1907 268 301084416
2128 1065 251348618
2022 1080 635165063
520 2140 733017612
1564 2193 84475803
697 96 893438400
1737 1452 899021195
125 23 894140354
570 574 874694619
820 919 723928147
1842 396 431306746
437 1560 252428827
1505 877 425434698
249 196 59075587
240 202 546474973
759 1359 766920244
403 182 814936606
696 202 253826984
927 1246 245577869
708 18 562228267
1297 1117 180619728
1447 1183 752105987
37 1086 85537012
519 902 738253223
613 85 899324473
1574 1534 29572391
91 118 378755525
924 375 955675194
1942 377 602543024
386 1406 437418004
72 257 247040182
1729 606 473793141
393 1617 357005660
745 24 894822945
567 1546 604477810
644 643 932231978
279 998 298625451
1506 303 817960666
77 223 337451578
2197 1688 170417461
1952 1498 62273457
1466 1862 450178792
26 16 26224946
226 182 541205867
374 1414 605537002
1538 748 696873275
148 160 609988125
1882 1501 207484515
154 362 112923705
1856 994 253206402
1781 868 287372743
129 91 720025019
1364 798 583614645
1335 1542 308538116
303 116 182437804
1537 230 225795390
152 231 66463556
1487 1702 142155943
25 20 783179482
821 1405 233373122
680 2032 82123588
658 673 4027077
2027 2074 181420069
1157 1646 388312434
948 1620 23306298
199 829 560599425
228 167 831697170
443 1798 62416837
6 19 138865589
130 165 51767418
64 3 514862904
761 15 136231021
1269 1930 617653728
681 290 277426471
488 1172 756755156
9 1072 417600883
2123 1538 948917945
329 1699 952022032
785 1265 545850525
116 147 559263903
1047 103 455428750
1311 1647 721490644
31 367 96875712
2177 1548 179704904
136 1053 490356081
277 196 98076589
442 176 353475976
1972 1295 37795521
1553 1236 889314683
300 1212 847687281
489 869 79392703
1966 531 906977286
1089 638 695135073
176 181 360859375
185 69 679286174
27 329 241123238
92 208 188177244
2129 1279 145595049
84 15 784079116
2208 804 340901419
1127 588 518805791
82 451 326588153
2162 1677 761838430
1693 220 596178280
1954 2052 120040557
543 133 346337004
1581 1346 274361130
444 533 377867286
820 1933 432230624
2089 747 594291661
1036 1672 760643688
1991 1560 601602495
3 1 761727558
1150 861 358303212
59 436 460984399
252 95 841859730
73 48 540199388
1722 629 138848042
2068 707 32349570
40 55 341420952
128 141 369872618
562 1637 28216241
1910 1372 190607246
1691 531 508266597
205 427 96164838
564 51 66350883
423 269 211869019
1394 692 532971723
347 64 536752333
10 171 93614850
22 656 979397017
519 1715 988094873
1608 1080 51159226
186 558 632489468
1137 709 78440646
341 356 837840967
361 64 600277961
1671 657 94339797
631 808 919931051
1760 1656 543482089
875 1874 720886182
471 225 663750458
48 2147 528450032
1479 991 431477159
1663 1883 564017096
1564 661 758743284
616 670 842525503
258 136 458133187
2050 679 383888245
837 1431 712547221
1648 366 495241932
1769 2176 211876421
21 432 999351754
4 9 885397887
375 584 565187305
1864 1102 437203158
1473 1629 66845597
1916 1943 199178007
1329 1978 948492923
1386 2090 863275025
39 34 236503118
1348 339 393421239
948 475 334252085
943 1476 960043807
320 1281 797664156
321 16 934459937
30 32 782248062
1777 1708 989771102
1784 240 815424880
27 279 342340619
611 166 65554122
201 196 149501103
1437 2143 992215943
110 614 132656314
512 1665 848640708
1898 1104 297314318
1588 86 234832207
848 2155 621219033
1977 1017 938559214
1618 1028 402160844
1506 2178 671066382
85 414 708359428
711 839 15634772
1024 387 925941976
504 643 486858863
778 2070 955101035
577 1321 759061381
556 1545 707962324
1721 191 513140421
19 105 161544941
97 406 755011363
18 653 707727090
2117 844 150923534
847 653 224562227
477 76 49030653
193 1443 750838153
1355 497 740311023
730 1231 845648286
1160 1727 682603293
38 60 314708919
552 627 970832385
19 74 777458618
1622 753 478655550
385 185 610575573
1688 1649 709201806
1250 225 209705687
2037 986 940909630
887 1667 484411237
841 184 69325034
280 1509 216506052
635 1501 623356867
433 1498 512178873
236 112 647850576
204 259 198410820
977 603 416191973
547 302 340908604
911 1936 83349429
1607 1164 542844183
1825 1456 441955528
388 1255 293119292
1920 1333 83224685
717 5 248366604
883 321 740930733
333 228 998432665
2115 15 453782302
1298 847 955591442
1379 254 781201749
184 194 899452308
2003 1844 749432652
225 2031 581015058
73 495 648471603
219 694 282980110
1213 1896 579601949
288 357 624430403
1256 1018 686210943
1035 249 187336827
341 2187 174076327
1333 1961 555331431
416 1804 88409919
842 1724 319216072
4 6 379100621
195 1326 380881943
296 1397 219770339
662 307 836252093
1963 778 955008527
243 749 68490400
200 198 926851357
769 548 497988617
1881 298 730547966
379 805 721217248
938 1025 973375626
101 88 634231006
308 345 744992187
1031 835 76864019
28 799 374049033
1206 1628 776362945
90 1439 914037289
714 531 506402847
254 206 677399195
171 295 250386504
605 582 848822456
203 1382 910816832
1358 675 200364084
2152 567 763071339
554 299 683941877
98 146 744545374
34 57 343766128
236 593 801959297
2170 1929 862947234
1988 308 499733095
364 195 75167465
1320 1113 121654095
1299 1086 793833447
790 1173 822646354
453 440 177051843
119 1775 311218223
391 127 519179285
1113 247 159197396
126 315 796500954
498 1070 602946387
1350 202 122453614
1820 354 790489293
930 966 978387324
806 1012 903431759
454 432 197790578
991 2023 302676254
712 1161 799368537
1876 675 968133839
904 1595 530808372
1162 1986 398194730
1497 175 945443911
217 1157 589629814
