808 918325054 467 646
438 501 459318917
418 159 343728358
12 69 928446791
170 372 392978752
33 266 184266041
513 525 222823825
88 292 698320139
676 124 4419521
37 276 761076344
57 90 724268846
192 193 964156224
243 92 784295821
129 512 346431037
304 360 585289784
512 556 623669732
304 193 723242947
446 735 727977962
752 123 399595976
423 518 154230420
104 280 542330280
604 771 742077326
243 281 646141603
86 33 189128875
109 805 372163057
455 177 486364081
280 310 970460357
209 612 89377722
217 541 574950221
37 141 358082402
87 129 533450691
732 188 677713468
525 653 929552937
646 232 5348700
17 103 518378705
473 277 7159206
659 69 333773652
638 682 109962839
268 430 524248105
508 274 420267872
28 44 793469306
304 409 10513951
755 731 257966546
13 125 812279858
388 195 366474500
344 61 101388793
105 583 380008813
168 318 912757510
562 408 821815593
145 38 623215263
666 192 592659520
555 215 162296656
423 782 599658824
399 133 302833664
300 91 822741991
38 363 576527168
376 516 346679805
707 185 841530938
551 723 829453824
52 18 516585526
264 105 521460551
609 93 881268351
668 708 57656751
100 207 102211132
597 548 936304929
437 435 683072269
804 305 785339420
345 548 234185675
648 709 49450146
325 128 226221062
194 308 587856959
92 8 529093762
494 359 686152000
27 136 520544173
86 162 606654046
55 40 2601784
503 761 188712038
324 193 831627309
31 339 178450025
101 59 907968056
87 44 552308011
322 326 867639755
164 236 639133062
290 671 731129677
38 43 487916388
66 13 234244220
415 416 808989410
637 195 289757782
662 402 932937833
555 575 446678348
514 706 200976504
425 564 583476184
122 521 40811392
209 593 362032774
251 484 685180406
476 287 919972396
776 339 861063320
727 141 420250725
710 664 201524078
4 2 487621744
197 196 32831237
642 165 116701727
466 71 355496599
239 316 696697781
69 84 268043953
95 70 133083318
123 61 849218887
183 233 39349651
361 396 847999151
331 108 859003949
308 421 616393212
5 159 82727818
362 184 122460897
329 324 978969726
100 265 586819637
127 358 132829636
120 601 843018312
197 426 631956186
532 427 402555871
59 649 707251020
491 592 31293226
699 794 161734336
402 207 460470296
127 167 623324393
228 86 203920281
271 130 945482897
370 250 11168656
613 338 449589770
181 56 624000343
452 720 162106329
16 731 513192059
679 525 652856269
130 420 627111993
203 523 992091435
394 403 138461423
74 45 834469565
498 182 447889421
280 380 992099477
491 298 641880767
54 262 482658415
10 410 264573740
43 58 836548016
313 330 802736052
135 5 703478445
151 130 543063699
195 52 853964858
604 554 272328066
305 139 411846587
729 200 882355118
142 89 296982751
168 140 962298790
411 252 169738730
559 404 636948567
94 65 597004634
502 496 563348231
29 32 962395323
99 337 90621934
103 312 932436498
244 75 228483799
138 371 110239960
7 275 769898883
433 167 344877363
718 418 379184136
4 115 12433605
12 235 73416005
702 561 316567962
89 132 822555198
148 753 75752987
417 783 186996322
750 683 672738551
303 227 988350709
59 127 706986696
13 93 558747620
722 584 819215274
317 70 859351552
222 594 521549902
39 367 734878700
614 807 782728080
718 766 102129319
13 1 988135387
19 157 24552036
16 36 260913114
616 311 291027183
42 35 446058605
234 620 440706690
257 114 806060462
83 215 174139643
148 509 452630503
519 587 849481709
770 1 47867449
301 493 98900214
70 131 54014479
252 569 78207629
301 258 638554860
153 65 202228203
136 619 931239362
365 66 867264051
29 118 13328148
226 474 972617459
192 9 391915938
607 711 934698797
377 74 211605101
539 692 591336507
434 522 473282076
190 298 841049617
667 521 825389263
109 27 108591482
184 570 939342683
414 256 326358796
799 153 41152072
42 108 907339088
779 760 735245175
217 643 219962118
224 467 462720279
77 681 376984813
657 92 81162310
788 104 709850839
582 669 164003533
21 26 518592348
34 161 990429507
36 81 337898599
19 147 345140379
589 149 947279445
20 600 413581047
571 74 68775971
203 497 89629721
605 363 697454532
299 586 776978235
738 391 366896715
556 772 48034076
2 16 614680094
677 306 400386224
123 270 644708934
258 579 618204148
712 524 225235783
75 389 208725248
542 269 423855711
212 172 122109085
384 192 877141153
73 256 503925737
323 141 970545396
754 760 788088797
345 350 957023600
80 185 34895366
373 61 509442150
490 188 132432380
660 175 792004649
417 366 207000512
261 428 409172788
169 218 766612939
63 48 275608213
122 306 699239984
574 274 673864346
561 472 175663728
331 796 623236511
316 798 115922802
368 529 131947319
188 49 297925888
1 288 800192497
27 297 215704644
9 6 145225210
269 625 488251960
42 673 882993996
390 252 554462447
423 17 670284883
546 255 795168416
116 16 133850834
791 722 487935959
68 255 23738738
347 289 972809763
179 79 157224152
161 170 120220653
447 475 465757714
140 1 268701228
618 346 876315578
535 176 324409366
573 361 457737814
18 48 849657876
51 237 15480757
501 748 812199496
25 214 244592314
186 307 613891810
536 623 987533394
58 186 971978789
2 50 354017734
611 515 130658393
331 705 809328397
155 461 481023967
60 130 842312739
597 615 781475757
315 267 358212740
547 778 230044047
434 577 175641076
402 582 759867667
1 441 5865372
342 269 666552301
237 530 334294014
128 23 804712469
21 397 620453182
658 651 287782280
46 102 422681721
120 356 883247253
247 239 196429232
1 20 594667168
459 85 250616139
93 443 245373842
431 186 273996324
106 55 666494104
227 197 332441020
98 60 874447810
114 61 441950083
482 33 304569743
449 125 302522526
462 339 38425187
487 308 423603952
263 83 332120927
654 113 542808402
272 31 982001243
432 447 288237336
342 663 76197877
507 485 883750442
98 143 24017959
107 106 854229710
341 87 594274369
626 282 171427374
690 77 258619676
11 17 39355552
386 395 148308555
379 533 812270639
417 670 337160150
43 338 558446723
294 47 116206660
754 29 266505714
293 102 685464711
15 29 28063732
28 113 362189909
98 120 501791167
397 526 289646975
547 806 933535297
543 737 275620874
349 520 871085096
349 50 215183180
337 472 449406342
100 51 280410881
251 695 263186157
617 563 217650198
91 320 87590632
140 453 350743627
55 65 235855670
774 600 821204808
510 361 782360743
57 200 364851133
124 2 503694635
485 297 287265455
243 284 412980807
7 28 673671667
391 665 934017379
294 515 493909250
367 457 548835364
70 55 68049170
479 245 129086461
384 419 975941110
79 46 90527316
258 780 608551138
639 721 242733688
735 741 58153640
510 675 325087932
588 407 680068728
180 357 517849753
213 142 457669303
113 405 458434495
175 58 599284937
614 586 529791902
141 311 883989978
789 368 466453723
100 578 645087024
550 507 735509242
468 368 717559200
470 538 460822116
112 96 409698986
346 253 990177549
440 223 483830309
460 143 663189870
511 502 601241041
450 164 190792077
699 775 536908366
72 164 26093120
163 5 148083520
608 216 889612600
694 648 531213274
220 207 581320620
252 73 845364014
53 59 292194037
6 205 510984128
437 661 856666595
169 149 990286739
408 790 729141658
34 781 855442693
119 95 423661919
471 18 443170984
314 146 810922813
321 483 241294070
21 27 680873712
17 21 858366984
89 10 678253144
481 351 223175353
20 25 625368567
621 444 740809213
547 528 506351383
769 69 393608451
749 695 960604999
189 44 861903675
86 150 597930766
133 39 795563261
230 273 24440419
14 438 231756115
2 1 695294014
12 23 242150084
89 261 572840285
696 448 237294585
11 1 818751683
103 802 206102785
647 355 403630989
174 383 238899488
717 639 477359374
543 349 459525974
225 269 426243374
293 425 443021752
167 286 885670877
725 216 11254391
283 8 300401341
687 111 425768846
120 678 690946828
70 289 604375455
226 241 228419368
9 12 77304065
32 439 68663346
211 254 486995767
787 590 808353868
15 2 250044097
411 506 822852566
306 768 656620065
225 391 676264981
793 497 426223915
45 43 720790646
143 527 358254706
338 563 238739072
5 7 474882047
223 309 943993488
98 217 563441838
144 115 143022283
456 326 605488826
808 805 902021999
764 38 58440482
132 668 912123955
22 1 25435538
312 684 307827705
33 3 162242219
757 261 950736015
366 4 700124315
62 15 229724162
413 517 415278056
249 157 844284066
343 293 882962128
104 35 801526034
747 713 904394825
294 378 661549255
344 496 828904413
9 14 815439261
250 61 359765085
240 209 105197954
177 83 603644934
190 728 592854604
503 176 415920223
433 767 109837377
744 434 499661856
67 758 566043315
264 800 75787022
278 238 690072495
30 15 913999339
669 751 78206475
275 797 127106193
398 656 300807781
290 101 965951184
22 54 492810005
196 64 505455050
155 221 906250614
326 353 500934327
318 412 908000135
199 432 248739313
10 68 195103178
143 584 121885454
121 37 525817755
121 279 87161957
546 803 787845349
53 80 122390360
258 79 268482476
340 174 388548332
37 78 513593082
182 576 842634784
519 209 709786319
113 156 465134699
539 145 843242651
38 64 432695104
49 31 247292437
171 79 134148633
551 524 878839822
162 536 261235394
31 51 306359123
8 4 179385846
385 49 866689373
40 13 585156854
697 186 712955458
784 349 971416966
137 111 313050294
198 40 232124124
167 478 234968241
498 505 369942780
198 226 775633762
415 39 621338724
101 183 150253959
392 31 205341381
99 683 13851669
359 87 129712183
2 210 504866323
524 581 551212501
44 149 758621868
309 333 91443117
43 332 318498761
267 672 728063857
246 590 709048612
97 62 580460542
16 225 430927993
606 96 438771222
448 65 205692690
26 641 737182216
328 134 60941386
317 568 465646621
9 47 282813858
561 591 659918348
35 105 274409540
518 602 240575357
24 18 519292447
74 158 987707602
257 368 946218301
622 119 264275978
136 232 762238643
73 10 784725887
376 242 418346527
83 178 792459049
108 599 340093573
93 201 107203485
652 210 498995906
730 31 299807915
500 345 903149581
189 267 327833327
253 184 395063765
785 699 73286938
237 345 416524744
701 443 868998119
86 452 730814196
91 80 370271954
714 378 643224564
139 313 719355247
479 633 233641039
454 387 627565021
230 733 528110182
63 361 238767013
5 2 256906210
122 35 817765014
190 146 809221234
169 680 649177419
184 150 790259682
167 199 858595397
67 327 871958521
242 64 677395128
537 250 212408415
700 364 949287468
76 38 977409194
566 356 362576133
463 404 230472984
110 73 570617275
465 72 219721816
82 49 907253576
14 61 652977338
699 217 774871097
650 158 772736643
400 280 279962320
64 77 871116822
94 277 161388692
206 61 904123214
259 445 709634313
47 174 861563686
644 79 999154522
35 31 762190764
156 335 186504488
131 208 641930358
222 128 269388371
43 67 788011524
284 291 398923609
225 686 213336508
317 369 236191166
607 505 840071793
159 528 272856104
398 269 610063825
445 540 596749867
222 354 234722470
411 553 796145137
648 264 769076078
407 365 311513148
632 82 35045903
482 552 231800588
733 801 718971064
485 716 495742693
742 442 108638530
247 446 456490430
275 513 735840976
166 45 105500062
427 451 942191666
172 51 423020543
441 724 61542451
205 651 897806223
406 628 736860989
80 260 954360431
335 355 207689751
28 763 712684117
396 560 48896770
302 572 926431051
2 46 460024282
99 29 649962470
478 746 412914204
458 49 202825510
413 101 307171856
296 274 745670713
464 55 713700704
321 45 195585805
509 698 694153312
642 759 449535262
565 346 77160142
234 2 449902699
89 740 38179810
434 106 148134618
238 126 836726297
24 37 623108459
66 319 11732968
90 287 335443061
42 134 329569043
655 445 209140200
134 138 576715454
282 179 111097496
95 638 674938773
304 598 458977727
433 514 640498602
19 488 888004514
374 116 600441831
645 603 782116371
444 381 726476238
64 160 991913956
134 248 3690493
268 182 349816508
719 643 286003717
640 133 404150461
285 144 196063000
322 306 357954446
777 312 486714331
44 83 593598616
117 62 118840820
745 743 713430133
24 39 159975738
1 3 324228123
154 202 549125863
304 595 137081417
51 111 803609493
226 295 881661084
469 55 571693839
221 495 211384733
437 631 337332413
294 424 884625585
29 38 872649245
762 142 870021600
387 221 392718723
142 596 94120120
290 715 43975187
435 36 211096431
57 34 499188065
765 303 689828617
6 3 480465114
111 126 434438325
57 96 669652851
386 146 431007961
56 33 327602582
299 197 167877714
92 176 824415353
630 153 26048331
394 66 559353944
253 334 634120135
83 148 82327898
545 282 502952356
75 24 393004156
251 178 518710799
120 224 222914574
580 143 100262943
10 85 675187825
734 363 378543007
138 743 887619694
773 357 170798978
237 504 454898213
154 132 802267304
28 34 626879887
8 19 280260150
792 773 947187564
216 24 231419984
231 64 460850562
489 267 560906876
558 585 425982093
13 427 834479631
336 74 824647801
191 379 86409818
617 795 390817416
10 3 656324326
713 665 235252155
418 693 721353171
685 113 578162073
259 249 103714439
610 342 935118875
142 567 777565325
131 204 560775047
539 629 137131496
635 212 30405502
208 239 859204926
406 288 251688820
133 182 121246043
726 147 665003101
203 129 503403155
364 330 571632417
393 165 606007417
416 786 599050933
187 429 761461644
691 683 822340630
703 519 963546243
71 21 160150677
492 390 125500447
76 173 398367887
191 134 457499581
65 544 181620919
167 180 666963208
270 756 633393362
204 274 706645463
401 185 845492203
209 162 66583881
739 372 274880064
348 324 465859130
68 230 287901581
219 4 611426233
187 26 392796923
246 221 665680364
367 558 23475168
5 146 799492921
6 524 858655239
442 104 520354042
375 168 657005062
447 636 999695759
704 521 488699410
146 194 944970035
488 554 933397062
436 155 610798554
470 4 810279492
549 155 752439988
17 152 738495473
521 664 310310949
11 245 52923275
422 165 70593549
6 674 1675262
29 155 680786197
1 53 389581154
489 627 217788667
448 634 429611913
486 54 315039007
165 91 841967703
267 534 940445277
54 351 152950924
477 5 637409126
404 356 904921082
736 158 207536995
557 196 773656689
315 352 561300877
624 271 190754144
139 44 373536535
41 2 976083367
109 408 862592323
88 73 286360715
689 524 217270129
60 3 579382703
72 28 419739925
639 556 444657543
381 32 616509884
480 348 843422192
51 223 657763871
18 9 258972735
60 211 564272702
688 351 37675768
371 531 892968160
382 345 312796125
8 229 697715655
263 603 635546500
31 25 538276772
53 302 85662357
499 275 535757479
