856 951746780 27 431
762 394 605630598
394 356 256959923
356 613 11107455
613 566 660758641
566 725 562381445
725 493 630467825
493 276 343024388
276 152 650717418
152 195 909285466
195 190 108805251
190 312 763870890
312 657 878437968
657 781 424658671
781 599 470216828
599 89 448959315
89 313 408779073
313 254 334498496
254 111 296327840
111 317 579136439
317 451 995189582
451 756 654841441
756 568 130353389
568 629 51839971
629 157 855701883
157 527 886191350
527 428 441087503
428 760 841470389
760 565 458628289
565 275 223877305
275 62 927632362
62 369 549497186
369 353 72052877
353 668 765550455
668 42 830858772
42 567 296439281
567 248 110717758
248 329 853506835
329 221 706114135
221 580 815119294
580 463 343138474
463 515 256368130
515 548 185903412
548 234 861159672
234 115 82591897
115 164 369553358
164 718 642807899
718 765 941759522
765 85 361362249
85 770 706668948
770 333 641047861
333 345 644877974
345 166 62564841
166 649 701553797
649 842 873686874
842 44 341972733
44 784 407434526
784 33 566826600
33 48 504705307
48 308 594600920
308 700 106278272
700 457 723897878
457 660 277797369
660 384 463205883
384 349 29598238
349 217 174778365
217 370 368300843
370 687 604419340
687 597 704991478
597 798 757603486
798 274 580595229
274 423 975175688
423 430 809944446
430 443 941637392
443 738 758112491
738 208 373384639
208 185 892872990
185 741 787458426
741 759 279924970
759 174 995101011
174 340 862892467
340 592 957922204
592 263 823771424
263 431 113915581
431 51 635700750
51 476 358612295
476 49 631090375
49 555 171759432
555 316 686540403
316 655 584212704
655 405 766421966
405 361 145816596
361 601 179669275
601 20 978658786
20 241 619911000
241 427 780538516
427 339 473859762
339 695 583666009
695 823 794245690
823 550 401063696
550 531 103154393
531 334 557519463
334 215 308986753
215 159 252167972
159 425 631588517
425 697 558765250
697 474 987775722
474 63 165774911
63 34 710082846
34 69 647017268
69 271 652109161
271 673 100789797
673 17 560456641
17 680 33982490
680 173 597864355
173 76 345462638
76 752 510150911
752 569 383620582
569 526 51193971
526 479 289594373
479 346 682326204
346 27 307705245
27 323 450684777
323 785 531164073
785 586 370312400
586 73 697413978
73 371 551759174
371 461 344354927
461 817 763361161
817 373 992991945
373 136 684650113
136 492 5816638
492 732 714004008
732 247 840519597
247 207 685326277
207 358 118139985
358 40 827332959
40 773 328597594
773 735 903695984
735 300 635849657
300 244 148826585
244 795 931467323
795 505 404920598
505 520 567512537
520 728 520776370
728 433 363954765
433 659 446646269
659 525 39530984
525 635 77244923
635 415 624821666
415 304 672200094
304 322 704436850
322 150 610953528
150 31 368911328
31 644 979737898
644 524 604363736
524 615 800566753
615 557 209954751
557 189 578680067
189 628 37506251
628 623 916138468
623 849 312475023
849 439 378371902
439 108 357869269
108 632 425504289
632 191 1507759
191 472 62152232
472 199 958048464
199 494 398888173
494 484 938222871
484 518 527282366
518 53 591889260
53 536 359583376
536 506 163636687
506 23 36262707
23 843 954187182
843 647 822734791
647 65 49273718
65 638 608681838
638 464 657821035
464 218 696553026
218 435 861329852
435 469 417082249
469 204 938472401
204 690 245316903
690 547 838655208
547 50 126129235
50 704 51333087
704 490 560977293
490 127 428032082
127 401 996300751
401 837 417008872
837 753 437735170
753 238 320280298
238 318 128237491
318 87 984054549
87 81 516723718
81 513 960495024
513 388 6124010
388 141 191509983
141 560 486580878
560 796 239335481
796 143 565417747
143 54 809944728
54 386 155844738
386 672 618516785
672 835 126053631
835 32 641006307
32 70 216180798
70 462 84285139
462 803 307929398
803 387 803322680
387 251 902038293
251 359 141412723
359 606 266527603
606 182 304762210
182 800 952348105
800 607 951702005
607 297 591233060
297 604 423673088
604 816 367848725
816 367 973710418
367 826 91722987
826 13 735070215
13 310 151590947
310 203 635194394
203 252 258134815
252 96 789266750
96 287 757174038
287 302 325665517
302 534 158231116
534 314 203515584
314 347 624051074
347 86 404866305
86 315 356117166
315 819 636923518
819 106 779389167
106 827 633125791
827 744 139262906
744 19 166384315
19 396 618939737
396 793 620510118
793 400 863385238
400 675 988006030
675 714 105639859
714 489 642305031
489 841 714352796
841 598 667879523
598 288 952985183
288 780 768216647
780 104 318044123
104 391 253226618
391 671 636290999
671 591 950376704
591 844 908149142
844 776 464189799
776 289 516936328
289 145 28338272
145 196 453279939
196 533 585671312
533 368 645347986
368 709 186159784
709 16 489891980
16 38 836460210
38 10 858268937
10 530 946414254
530 364 331818194
364 642 887755357
642 324 217833751
324 553 663312987
553 711 864071845
711 561 103512179
561 602 986231895
602 301 807906094
301 326 19267277
326 483 1878189
483 470 267717468
470 210 608969400
210 511 240995396
511 82 823719446
82 509 600217128
509 94 208517918
94 165 19992250
165 92 400114062
92 621 623173813
621 446 940933018
446 667 709402896
667 45 268477000
45 109 285337456
109 226 428481274
226 763 192695261
763 233 273607756
233 522 660813752
522 692 640016928
692 72 382815212
72 154 254579958
154 83 583622244
83 674 509632128
674 471 595644092
471 777 364125045
777 510 330266170
510 41 78115493
41 413 190809343
413 729 947456333
729 840 977008249
840 419 898843820
419 188 321006875
188 636 905732309
636 55 811248976
55 424 327502023
424 719 203095980
719 475 990156218
475 450 487803492
450 769 609983419
769 128 979117056
128 748 767770490
748 21 459501902
21 213 379284322
213 261 434524825
261 595 428717034
595 320 517598235
320 269 598630186
269 705 204282287
705 658 293359025
658 758 89674698
758 754 76857493
754 193 349390764
193 444 617357002
444 653 903560913
653 788 368000951
788 397 903832494
397 833 805865222
833 118 650176921
118 554 638059451
554 160 846585864
160 656 706402952
656 834 744422141
834 343 203847518
343 810 738893505
810 408 769599559
408 362 606824143
362 488 60880754
488 129 851735059
129 646 420061839
646 588 734344276
588 669 721133405
669 270 534212333
270 133 981212544
133 625 898367171
625 448 88757655
448 130 313542514
130 66 547341198
66 706 520209353
706 117 23232560
117 273 398362488
273 743 918139903
743 563 25998343
563 686 96309063
686 481 118576394
481 486 258506096
486 529 919051667
529 828 228759956
828 585 257061607
585 772 715200593
772 751 440295027
751 325 214201567
325 811 186279680
811 807 679683940
807 375 941434149
375 101 260961926
101 645 84736765
645 381 90626626
381 654 166746394
654 459 221821947
459 850 23451321
850 214 153791958
214 734 282412854
734 716 414304068
716 262 723232450
262 114 366297823
114 558 147872850
558 786 827433850
786 91 645653210
91 677 470036594
677 634 522981306
634 11 468161354
11 176 561365112
176 801 395836023
801 240 461498288
240 355 784663927
355 131 196001608
131 767 843872807
767 856 934454247
856 685 519698262
685 327 478838695
327 286 647409812
286 466 455737352
466 724 255886160
724 818 334223656
818 202 372608289
202 309 530865712
309 664 331719011
664 663 880770321
663 702 153094662
702 538 110888304
538 582 656835490
582 820 387168478
820 813 536688333
813 491 860545100
491 794 408864944
794 708 678933181
708 293 107966168
293 365 993887037
365 47 67307081
47 186 681341457
186 723 365517785
723 693 74379567
693 552 527761850
552 348 244178928
348 256 420355159
256 417 553310723
417 407 789072996
407 360 264403365
360 519 181024816
519 6 881543438
6 498 256843325
498 392 95768366
392 611 986248977
611 749 923529113
749 500 974079054
500 455 109871550
455 757 959938816
757 404 267346783
404 52 535241014
52 200 505447485
200 74 944346835
74 354 444259090
354 68 846195109
68 264 935762371
264 855 315352758
855 639 398976725
639 155 814567138
155 684 393907744
684 151 5328041
151 25 857137859
25 15 990352198
15 211 359891544
211 393 726083328
393 332 750789991
332 305 485828799
305 727 127734047
727 22 975386337
22 122 347912770
122 487 160037198
487 542 689503073
542 577 511830217
577 420 410906185
420 747 205610377
747 61 430560445
61 192 198462216
192 587 426876516
587 620 630761754
620 651 748875268
651 791 386617920
791 453 915928560
453 395 499088189
395 812 33725375
812 266 410253290
266 229 584174910
229 146 92477254
146 169 342948007
169 782 986711761
782 766 442368018
766 249 720080665
249 75 771552299
75 676 875165076
676 77 147669540
77 278 621397424
278 808 805540589
808 703 303669544
703 267 755824034
267 5 647520153
5 112 154487621
112 551 659020628
551 303 863891885
303 665 318034805
665 771 974669245
771 650 922527540
650 167 335545559
167 619 527951483
619 147 808897939
147 126 294655927
126 330 148909483
330 589 361907954
589 123 314131770
123 815 465480737
815 116 269738789
116 100 453578938
100 608 856190681
608 224 416327818
224 521 422693174
521 178 209543620
178 764 384050378
764 614 554134108
614 26 308231490
26 750 619738261
750 454 367888412
454 4 160287960
4 260 445454497
260 836 384619208
836 139 946880274
139 838 169152914
838 825 669367073
825 775 94892937
775 197 510166434
197 434 118951153
434 107 475707778
107 809 968934426
809 257 657277943
257 242 5699248
242 328 446892537
328 681 124880465
681 294 706671856
294 311 864157280
311 603 736485038
603 436 520217368
436 514 187283102
514 438 322656228
438 707 678624829
707 458 572607212
458 390 815817418
390 259 769096691
259 449 428210745
449 285 957226591
285 398 734589292
398 545 690601113
545 272 761485221
272 783 88551063
783 701 355162933
701 824 518931382
824 57 100108665
57 821 81533900
821 342 122082822
342 572 290171773
572 581 712133411
581 473 953426893
473 120 959222647
120 98 896232183
98 535 822617859
535 418 133887100
418 125 667859281
125 298 140180606
298 710 853855981
710 219 461984845
219 532 676057620
532 60 905283650
60 610 380011179
610 797 960878284
797 135 944055666
135 691 180731079
691 39 932128889
39 447 697680148
447 609 906039506
609 245 381185381
245 64 458120071
64 549 889711704
549 138 5085646
138 239 795816647
239 292 717625979
292 220 254141533
220 299 530017973
299 543 959781741
543 206 327150572
206 600 722877950
600 562 362665226
562 516 98403882
516 255 889716968
255 640 93333415
640 35 806994435
35 144 205154470
144 12 990862703
12 110 344643547
110 643 202357002
643 277 193703388
277 181 578295029
181 445 293396399
445 337 474055232
337 626 870745245
626 768 790842084
768 648 866669388
648 414 860823285
414 331 289531404
331 366 632362775
366 426 989653104
426 403 418052657
403 28 726853665
28 374 550377057
374 832 15281390
832 243 618593071
243 156 543216678
156 467 821766404
467 804 790827305
804 179 647373276
179 790 63483196
790 382 922195770
382 851 991092893
851 715 919768412
715 480 538324695
480 482 673236912
482 496 436749399
496 230 766350470
230 99 43351870
99 579 958299142
579 441 614700408
441 497 860735587
497 84 193288204
84 183 490028880
183 822 361660853
822 852 542348979
852 432 107431090
432 688 102739096
688 67 944850394
67 612 325654119
612 564 488747250
564 71 951340889
71 523 496111682
523 113 423753768
113 848 529233253
848 30 186892806
30 670 984853857
670 678 432426191
678 799 117567479
799 631 431712385
631 389 876047419
389 618 67351531
618 502 24274534
502 385 722092196
385 662 301782762
662 171 597629502
171 559 295215814
559 504 116274876
504 477 76643099
477 163 457951808
163 617 115394559
617 721 431910408
721 253 983811729
253 279 663845019
279 641 501218381
641 712 572077886
712 306 816197025
306 792 192199853
792 170 407393216
170 88 753749767
88 282 733125557
282 321 694067977
321 730 743711930
730 814 551613054
814 717 14608329
717 805 548241398
805 201 684674163
201 198 83595190
198 802 461897457
802 698 904634350
698 3 613738360
3 637 847806001
637 56 771368145
56 452 719765537
452 421 211651624
421 280 179915625
280 209 947130915
209 571 434742000
571 699 547449654
699 97 601797962
97 410 986541877
410 633 303122546
633 713 218281002
713 235 526535350
235 161 888656488
161 696 962450674
696 336 986494944
336 93 844241920
93 265 808612530
265 507 732985710
507 140 241537287
140 291 911326065
291 437 89995293
437 80 615730202
80 216 313024162
216 830 205904839
830 745 85172806
745 228 237621979
228 456 234405515
456 341 605070001
341 694 980738271
694 124 910662093
124 806 205897195
806 184 380355924
184 132 867781165
132 422 726942654
422 740 86362052
740 774 294916297
774 307 877453194
307 429 121681072
429 501 400593255
501 440 384224412
440 845 48440804
845 319 343179867
319 594 145449214
594 335 129048399
335 95 158085692
95 90 579740328
90 105 395742723
105 399 570482901
399 187 182029353
187 7 402796599
7 573 401604039
573 517 385835799
517 847 186170450
847 350 944435930
350 465 379843564
465 737 613196402
737 755 266626807
755 661 520966168
661 546 115037931
546 172 69241911
172 605 861219945
605 575 150563243
575 205 358882448
205 231 269450026
231 352 755721614
352 570 301934594
570 584 332420217
584 378 953418244
378 722 253173854
722 290 243578560
290 268 14494362
268 499 816321010
499 246 841477224
246 36 613166395
36 344 827009467
344 726 695199507
726 630 774273358
630 351 219291389
351 225 949793784
225 733 621188349
733 412 60374340
412 102 681982023
102 761 769567552
761 574 660678456
574 539 710500757
539 250 810506889
250 779 944127448
779 468 250065345
468 508 160726814
508 142 338986219
142 789 34708181
789 258 207204745
258 372 966976209
372 540 634542792
540 194 986854565
194 212 403191540
212 162 117610548
162 624 66717741
624 377 142497159
377 537 853627995
537 416 112786911
416 495 832628319
495 720 582130702
720 402 860523658
402 731 22046210
731 409 321537618
409 512 667921826
512 666 539366210
666 846 46326492
846 787 677486898
787 149 964371710
149 357 340397496
357 180 202067269
180 284 718164702
284 2 942428339
2 503 564168980
503 232 321162533
232 43 275591272
43 137 708223396
137 29 489264372
29 296 668896762
296 46 715438742
46 59 178392456
59 778 517610470
778 460 975929175
460 380 746382948
380 237 983736172
237 683 35935217
683 679 10880863
679 24 460503424
24 338 561437230
338 121 741092621
121 227 354479438
227 153 53765325
153 596 446151939
596 590 415869862
590 839 931099633
839 37 992191713
37 593 659609073
593 528 431942429
528 383 227718184
383 616 27311750
616 622 646126166
622 1 269309511
1 485 121387371
485 103 641294140
103 578 878094687
578 739 806122476
739 175 251108418
175 376 220053430
376 853 360476818
853 442 593275721
442 682 980219596
682 78 411514457
78 8 244338245
8 79 651184270
79 583 303367993
583 168 807931840
168 148 498467876
148 541 508029793
541 652 701773904
652 236 127847226
236 363 445048239
363 831 344052570
831 478 803614186
478 544 599896394
544 18 639043769
18 119 620830341
119 281 113460597
281 556 765280294
556 222 267398634
222 829 168994787
829 854 494965361
854 223 781060665
223 9 389730110
9 742 771881961
742 177 560272118
177 736 816322722
736 576 825687173
576 283 810025215
283 295 34640429
295 58 842005427
58 379 800092641
379 406 861508610
406 411 728134867
411 627 861019506
627 14 724249162
14 158 151078082
158 746 316094905
746 689 478167067
689 134 468461069
