2367 904608708 1109 1109
290 1110 855339449
231 1110 858010280
1408 1110 488611994
171 1110 599647483
671 1110 467110317
1320 1110 610254051
1342 1110 102824260
1655 1110 145599061
1749 1110 719216767
1330 1110 123855144
1688 1110 902209725
295 1110 493689248
2154 1110 904276559
368 1110 236344391
2031 1110 292596334
1252 1110 376585475
533 1110 542527087
818 1110 623934309
1318 1110 544550452
580 1110 617972798
2013 1110 537575909
559 1110 154375800
1539 1110 655735520
209 1110 594285858
1578 1110 263582189
1542 1110 611288780
88 1110 445085366
691 1110 120626196
1922 1110 753262197
1829 1110 547445632
1880 1110 925416431
1096 1110 871220367
1120 1110 240857760
2200 1110 824636938
1530 1110 488002359
1687 1110 811213727
372 1110 364702020
1825 1110 360603311
1378 1110 258310191
2215 1110 224344678
1984 1110 716190571
1975 1110 213940492
1208 1110 224423404
1018 1110 674835610
1000 1110 557851350
1272 1110 149276304
460 1110 399726454
1594 1110 469807365
1470 1110 318249589
956 1110 393414399
279 1110 898351690
1039 1110 962583556
2093 1110 356751088
508 1110 102052080
1032 1110 125130457
393 1110 69819913
2112 1110 142834977
1772 1110 84379728
1089 1110 17513223
1710 1110 356420633
617 1110 516631192
1128 1110 855919326
2025 1110 299589804
1232 1110 713058383
1449 1110 586201622
724 1110 150246572
1725 1110 761341974
954 1110 151346775
1334 1110 68619282
1541 1110 591910564
1055 1110 738812037
135 1110 987332084
1810 1110 830443831
705 1110 336901889
2030 1110 403341998
2082 1110 14676858
727 1110 652601572
976 1110 684842450
235 1110 212089657
1483 1110 333661268
374 1110 32382890
1307 1110 935712122
1400 1110 466091331
2351 1110 444542847
1624 1110 227995602
1436 1110 170924851
2107 1110 153497309
1196 1110 17425933
2349 1110 130057173
993 1110 881936774
2049 1110 578519434
1326 1110 940926884
2328 1110 631339234
90 1110 373563092
2014 1110 68831941
881 1110 565431036
678 1110 114905435
899 1110 911928273
1962 1110 350301817
1052 1110 801609829
2121 1110 703897432
2023 1110 943861251
1537 1110 436611463
1033 1110 952927294
599 1110 237794594
2005 1110 365104199
1168 1110 700308548
1445 1110 656996223
554 1110 98184633
2314 1110 962549581
510 1110 830032120
577 1110 642013232
359 1110 677027151
1284 1110 635512855
504 1110 982570080
184 1110 911384560
803 1110 770676683
1854 1110 315005566
2246 1110 263676460
263 1110 683774063
500 1110 717376327
562 1110 350115757
768 1110 762787714
1974 1110 880437748
1664 1110 87966355
1369 1110 829085348
1898 1110 715424121
2203 1110 954837975
861 1110 666672559
655 1110 63743158
240 1110 838630303
1474 1110 20844296
751 1110 203823188
1314 1110 731491339
1455 1110 957518452
1036 1110 553304711
182 1110 529482348
445 1110 993794591
1223 1110 680431596
967 1110 93407721
720 1110 674462870
1093 1110 242355777
433 1110 746388977
1034 1110 773921242
100 1110 480902307
2367 1110 951910421
2066 1110 138320607
1999 1110 471166613
1370 1110 769767452
1005 1110 711897619
1859 1110 613017607
2320 1110 913136750
1554 1110 639364793
742 1110 93596165
74 1110 254636588
11 1110 23449161
775 1110 186201323
2324 1110 399624077
623 1110 533644808
2338 1110 865644575
2184 1110 333346387
1909 1110 418586268
1331 1110 28280008
753 1110 951032704
1066 1110 483596873
2197 1110 486447612
472 1110 157388940
2204 1110 626237964
75 1110 675424854
1596 1110 316597704
1976 1110 497408233
1723 1110 474248697
805 1110 348063418
679 1110 228270063
522 1110 103164774
1884 1110 712545936
740 1110 32959207
1401 1110 739672244
1339 1110 978089474
200 1110 767898288
424 1110 435234307
450 1110 561500464
1943 1110 307985836
1344 1110 135857482
685 1110 874707306
259 1110 957375951
657 1110 193212618
690 1110 146628579
2187 1110 293233450
1818 1110 300141775
1361 1110 686245811
1416 1110 532179221
1190 1110 186765958
932 1110 627035844
1580 1110 953297205
743 1110 638563086
2162 1110 679384692
1666 1110 419301143
1885 1110 230919439
970 1110 973168143
1095 1110 856694815
2070 1110 206965890
1430 1110 573349496
1685 1110 121048814
62 1110 415981413
1418 1110 854939029
1229 1110 773482647
211 1110 628005780
2322 1110 151693657
955 1110 381597493
388 1110 758205192
475 1110 816157056
1323 1110 278472386
1961 1110 929015575
1671 1110 702817373
2182 1110 883489347
779 1110 723183771
541 1110 284838985
426 1110 728933019
920 1110 14288898
1271 1110 961614481
1253 1110 537007530
2311 1110 783079353
1559 1110 565580791
565 1110 476051848
1037 1110 588862573
1508 1110 233867812
1376 1110 611401968
1805 1110 952585750
991 1110 287407258
1963 1110 655217470
545 1110 557533647
341 1110 319703815
1777 1110 798158221
998 1110 158988762
2214 1110 173060104
203 1110 530185175
525 1110 806379637
1085 1110 727337666
1752 1110 521990694
1550 1110 502288699
1064 1110 965177046
856 1110 650571570
1693 1110 215644742
826 1110 510891928
2231 1110 468335368
1043 1110 690024794
859 1110 916462746
1981 1110 241503114
176 1110 183973045
1706 1110 909540575
1787 1110 316120039
440 1110 787685471
587 1110 302459743
1925 1110 58697562
1419 1110 140898311
2300 1110 255426714
1412 1110 668100312
1407 1110 750937815
764 1110 658731112
1130 1110 248022640
1781 1110 590871495
572 1110 183080024
1081 1110 412032652
1995 1110 992658510
2250 1110 61748266
2222 1110 473280592
1633 1110 939438727
1849 1110 817118545
345 1110 577951183
1940 1110 744150825
123 1110 474979716
1912 1110 886538188
1188 1110 243501273
1270 1110 439748542
2234 1110 482348096
891 1110 225865158
60 1110 865527873
339 1110 475395553
94 1110 14609293
317 1110 146442105
2221 1110 676364371
1555 1110 742127830
1462 1110 725156561
452 1110 190169556
835 1110 743251245
2265 1110 124823510
645 1110 750024324
1080 1110 430251770
127 1110 184389443
2108 1110 505840782
1642 1110 389425846
1497 1110 378112705
1117 1110 219870174
1007 1110 6216093
1467 1110 86731142
1273 1110 799518004
1920 1110 205643672
931 1110 543513369
1597 1110 526193068
913 1110 921888018
1238 1110 309637345
1965 1110 557982987
2129 1110 340562672
1875 1110 370976844
732 1110 928524413
2072 1110 652073966
1134 1110 957583536
354 1110 992244875
1766 1110 21999108
271 1110 696159540
1518 1110 970149470
67 1110 335032231
46 1110 67969633
387 1110 222909889
2216 1110 106375680
1937 1110 317419569
968 1110 699787348
707 1110 978625646
1308 1110 263152303
1022 1110 445718506
59 1110 327055088
2171 1110 408510087
177 1110 381087000
1 1110 851854922
719 1110 412888605
1942 1110 789195342
1543 1110 352355326
26 1110 466863354
1185 1110 343591191
2096 1110 205709174
1004 1110 357690550
120 1110 223281242
635 1110 127922413
1900 1110 940371368
1262 1110 259005353
1429 1110 369821180
542 1110 611302147
1750 1110 972840193
1213 1110 218991829
2323 1110 670547751
1077 1110 892980112
933 1110 77876882
137 1110 367672397
2116 1110 862126421
877 1110 347888673
791 1110 320301791
2028 1110 29919412
1035 1110 421970613
1544 1110 369329684
1741 1110 855223905
1670 1110 896843206
595 1110 703167657
1867 1110 857064734
1637 1110 643575300
1327 1110 693330128
828 1110 618844745
817 1110 851764678
1263 1110 702509481
973 1110 622173491
265 1110 518786783
1192 1110 383095783
573 1110 494000805
1732 1110 899121893
349 1110 393460841
12 1110 425290034
1864 1110 971185728
1834 1110 354583791
730 1110 69573147
839 1110 395412394
1606 1110 360352824
97 1110 239361008
195 1110 576825562
1621 1110 65691686
224 1110 106388795
1169 1110 557541528
299 1110 431966145
701 1110 955026130
654 1110 408731504
894 1110 793798190
1469 1110 552654496
2281 1110 701346222
1990 1110 435415279
1569 1110 590032139
1324 1110 828171384
2177 1110 566739213
830 1110 563128388
1928 1110 232837917
2344 1110 447525376
2336 1110 565700120
767 1110 561074928
189 1110 130743909
1657 1110 757161507
1644 1110 419540297
23 1110 66160104
1411 1110 253323129
2047 1110 401481344
19 1110 144859888
346 1110 760220180
1421 1110 660721155
2362 1110 351673833
1595 1110 626779569
367 1110 247974097
893 1110 632814911
1804 1110 809836260
606 1110 558048516
70 1110 519899248
1374 1110 515708545
1338 1110 19909677
2333 1110 935236532
1245 1110 47747253
115 1110 867204013
169 1110 528743730
1861 1110 725077601
1075 1110 858467160
829 1110 303213501
1948 1110 891920022
750 1110 30531070
2012 1110 636729479
2309 1110 529984319
2101 1110 859615918
898 1110 652389971
1953 1110 317067618
887 1110 251242708
451 1110 442425351
325 1110 774466684
2038 1110 792426110
443 1110 697345459
1634 1110 373975518
1124 1110 86999912
1496 1110 498397283
757 1110 687160867
2062 1110 266815142
1495 1110 867251803
843 1110 992931854
1747 1110 119147524
461 1110 344118918
936 1110 736093036
527 1110 897460080
972 1110 181995335
282 1110 58487768
752 1110 854716424
38 1110 760505836
1996 1110 418795633
1205 1110 442539948
549 1110 289562477
640 1110 730391773
1947 1110 738235677
644 1110 835072578
1493 1110 930055472
1090 1110 456258574
1717 1110 519977591
404 1110 959098260
505 1110 154920375
1915 1110 879357504
1061 1110 544050625
68 1110 493946314
1607 1110 974492352
159 1110 712222119
882 1110 704405713
2051 1110 588127171
1413 1110 397933017
1118 1110 625576557
1977 1110 254106257
470 1110 497820051
446 1110 130006757
494 1110 789420846
1293 1110 609724286
81 1110 351139583
2289 1110 118724765
1584 1110 128458107
1916 1110 419942954
1906 1110 180255235
181 1110 486212876
1480 1110 867106903
962 1110 330364347
156 1110 588328780
548 1110 601818130
772 1110 895999165
5 1110 272609897
2149 1110 12730559
652 1110 610823651
2008 1110 278868504
1910 1110 184804355
2017 1110 710433264
694 1110 489437061
808 1110 621406408
192 1110 478121067
759 1110 959748268
1997 1110 180074837
1072 1110 432570532
2305 1110 896546837
846 1110 223284591
1012 1110 65875331
1852 1110 260191603
2227 1110 495685261
1135 1110 673667054
1102 1110 757612689
1784 1110 681120114
1306 1110 550693102
987 1110 499348879
2142 1110 644328408
150 1110 83059665
1988 1110 430408811
687 1110 838012908
2291 1110 762198530
1665 1110 404405557
119 1110 638640841
532 1110 399134548
1366 1110 136190865
923 1110 846692920
502 1110 980297443
2283 1110 559542602
1026 1110 161127255
144 1110 888118757
266 1110 768538917
1456 1110 693119748
1247 1110 896914684
2297 1110 374546492
1835 1110 71007762
2176 1110 8387565
1799 1110 683566460
777 1110 609354420
489 1110 385656511
1994 1110 788099619
432 1110 351784358
1694 1110 967537332
47 1110 522639701
474 1110 608199417
244 1110 87081630
1774 1110 30202904
164 1110 741031826
1615 1110 649241975
1929 1110 686117467
51 1110 456499122
1558 1110 576735561
1609 1110 173301461
1359 1110 172138026
1475 1110 492928967
1945 1110 370598109
1857 1110 962597124
162 1110 538300201
313 1110 489510542
485 1110 900768714
2166 1110 99484453
413 1110 539124429
126 1110 6767285
916 1110 249962269
1427 1110 479945743
2100 1110 745183068
2264 1110 361006555
1577 1110 569562615
738 1110 632774861
1289 1110 793233524
1540 1110 296024343
630 1110 125648909
1946 1110 232498462
958 1110 347874690
582 1110 315049328
138 1110 602646571
69 1110 252904948
1122 1110 863638092
1500 1110 879048290
1415 1110 908968108
878 1110 728287733
748 1110 928278888
1794 1110 228021855
373 1110 916459012
949 1110 720976381
886 1110 509567682
561 1110 672779596
2242 1110 98850103
1105 1110 776351130
712 1110 954111514
1311 1110 147866368
723 1110 298405471
2150 1110 19966351
2126 1110 22006659
662 1110 6654920
1668 1110 287004969
2056 1110 141769297
1468 1110 696273382
52 1110 388766950
729 1110 144190296
1049 1110 32535181
79 1110 192111997
1768 1110 529413901
2189 1110 24793409
664 1110 424528800
310 1110 594260568
55 1110 219981543
1728 1110 521127502
854 1110 91393565
821 1110 660512987
331 1110 340304271
632 1110 570697083
1927 1110 471177803
852 1110 546122814
1738 1110 716674327
1887 1110 813469148
2010 1110 868255397
2034 1110 805069580
1744 1110 225362692
975 1110 552783637
677 1110 433227864
574 1110 612686756
2090 1110 751201485
208 1110 757715936
946 1110 827899848
2043 1110 437638844
1882 1110 429063775
1358 1110 25003659
1708 1110 500127499
1242 1110 407965657
2074 1110 23200924
1936 1110 421309303
615 1110 131935340
1159 1110 696384471
2195 1110 339177431
741 1110 667291546
2019 1110 422617834
855 1110 228912487
1855 1110 669491801
2288 1110 627777278
152 1110 992142006
421 1110 982681996
1002 1110 677807840
1067 1110 882186560
285 1110 95304632
1111 1110 438065693
2144 1110 695571739
2245 1110 284710930
314 1110 229062155
1305 1110 737713735
1349 1110 443899439
1410 1110 568959417
241 1110 963556477
14 1110 587917064
1112 1110 431686453
1108 1110 123668879
167 1110 413261072
1485 1110 564018101
1355 1110 886521273
1860 1110 251758210
1743 1110 252696956
1476 1110 2127477
2183 1110 176931900
840 1110 111329171
1282 1110 182783402
1843 1110 158981315
286 1110 138673332
300 1110 940225113
1140 1110 52454458
771 1110 987251695
479 1110 873387271
1106 1110 707473787
2298 1110 618034430
104 1110 962044830
163 1110 951832467
220 1110 756710714
218 1110 915368317
2045 1110 45422662
969 1110 1471401
1711 1110 20904420
1143 1110 357370737
391 1110 903669683
773 1110 465254925
304 1110 691699810
838 1110 254018377
1792 1110 883842437
1585 1110 207402360
408 1110 959659691
845 1110 779958952
2232 1110 141261743
1998 1110 870594326
2230 1110 499249230
2087 1110 455480036
455 1110 914498298
1402 1110 407117065
1853 1110 590819565
1552 1110 933161864
1955 1110 943534464
399 1110 693731556
1722 1110 220312764
2137 1110 53605074
1011 1110 832968497
2077 1110 905263152
1396 1110 439884550
717 1110 203791925
1798 1110 344559185
1748 1110 499529450
1101 1110 192998056
2290 1110 38436569
2006 1110 14038008
1316 1110 464033283
2233 1110 264434324
1287 1110 353251862
1152 1110 982389393
1971 1110 670612447
2249 1110 864673872
1581 1110 980502013
1246 1110 826989147
386 1110 239774423
1098 1110 544196725
1713 1110 524531663
613 1110 824849387
1222 1110 762766263
2342 1110 414715696
112 1110 782945411
2193 1110 804725928
1291 1110 409788480
2146 1110 746507971
476 1110 553914180
1684 1110 882205518
1588 1110 883819431
16 1110 151220229
963 1110 397579761
2132 1110 612941420
925 1110 229162260
866 1110 878386910
1992 1110 715734940
2119 1110 767823078
377 1110 406331428
478 1110 352094925
2308 1110 390123276
1422 1110 378953843
1097 1110 281297256
44 1110 144619362
168 1110 665089339
1180 1110 895258655
544 1110 302168292
528 1110 294820035
1890 1110 761497047
2205 1110 862747339
793 1110 202203792
2057 1110 374056491
2191 1110 137367493
2140 1110 433832360
681 1110 481943771
1281 1110 607188071
486 1110 986113434
1793 1110 660447936
1968 1110 972461347
1277 1110 827427927
1040 1110 813403168
2091 1110 630641517
1654 1110 185428542
3 1110 375062387
89 1110 218427608
2259 1110 2604768
92 1110 915585268
481 1110 442369603
864 1110 88986226
2217 1110 271866011
1638 1110 741134466
2240 1110 490511078
1083 1110 588011350
1531 1110 706902263
2117 1110 408717080
1146 1110 395314572
495 1110 364507678
187 1110 346581407
2350 1110 783971932
1260 1110 4732156
1313 1110 570923546
1515 1110 31174163
186 1110 941541350
1283 1110 30808847
397 1110 236142026
225 1110 569325607
1568 1110 275681730
1683 1110 713941811
626 1110 877311336
206 1110 842008193
1071 1110 813150449
27 1110 232564457
468 1110 223649628
48 1110 295571742
2147 1110 29200359
2046 1110 415154758
462 1110 385987269
570 1110 470898125
212 1110 238946574
111 1110 171981942
1736 1110 452623351
812 1110 596313266
1385 1110 586003778
1919 1110 22020149
2143 1110 148319479
2196 1110 565397189
1795 1110 483902036
358 1110 320785492
509 1110 116407297
1767 1110 967168081
1895 1110 973744519
2317 1110 297060922
1203 1110 277490691
2073 1110 979391861
223 1110 267329046
1009 1110 758400096
296 1110 236434207
674 1110 800958630
122 1110 912435628
1822 1110 291332308
1837 1110 38036781
429 1110 552301867
1579 1110 453144298
1598 1110 134312375
1086 1110 444667958
2075 1110 963607456
1491 1110 862703588
1714 1110 221621183
197 1110 206905082
183 1110 470893172
1987 1110 677564068
2316 1110 935568566
614 1110 451234667
1210 1110 432361066
2325 1110 823632806
85 1110 431223288
1482 1110 640116528
1978 1110 240098076
2120 1110 811610715
1608 1110 108382969
416 1110 956461091
788 1110 96060275
2243 1110 883240358
1502 1110 706421181
2105 1110 206650067
473 1110 246977584
1388 1110 398140514
174 1110 439638366
1705 1110 211249411
1770 1110 961780327
2058 1110 153718233
607 1110 635989130
233 1110 443355689
86 1110 365985279
1303 1110 571528270
29 1110 151642627
302 1110 231153648
2257 1110 500289075
1729 1110 727211893
25 1110 889339165
981 1110 102439606
344 1110 419806227
243 1110 512621302
1478 1110 853743683
332 1110 591195151
54 1110 123981060
2206 1110 191149805
1514 1110 645379954
1575 1110 411126592
2141 1110 264772924
1211 1110 303555693
1479 1110 353606843
776 1110 362072005
1386 1110 978346055
1443 1110 910483448
1024 1110 709052614
2029 1110 279545803
161 1110 24064389
139 1110 265441800
550 1110 234647882
1150 1110 876184758
1241 1110 4478633
84 1110 680004490
2103 1110 117348758
1893 1110 700954525
2048 1110 269673531
930 1110 281998942
98 1110 191087372
914 1110 851881929
1181 1110 13495831
353 1110 130955224
1703 1110 504540064
87 1110 445047098
1809 1110 178567148
1830 1110 971875138
996 1110 397752925
1661 1110 526071074
2052 1110 75663806
1587 1110 61551704
917 1110 386656736
2071 1110 221917799
2272 1110 706889317
356 1110 876475338
230 1110 583395035
2321 1110 655068197
2170 1110 236854284
293 1110 909323197
1674 1110 793725075
1709 1110 956413482
57 1110 285481650
264 1110 81055306
288 1110 837258595
1980 1110 458609017
190 1110 656642732
250 1110 599039486
922 1110 642123063
1368 1110 959961287
2063 1110 839830817
2286 1110 433160281
1092 1110 522440210
2138 1110 791136001
1641 1110 21888141
496 1110 871156815
628 1110 117051528
1519 1110 15646660
1507 1110 738370879
813 1110 758708938
588 1110 33199684
903 1110 122991588
1060 1110 417471962
1839 1110 199530789
1360 1110 70627972
1844 1110 402242022
1950 1110 44378072
1458 1110 499505074
109 1110 616381080
948 1110 391728773
2084 1110 635803650
2237 1110 918214710
1648 1110 347368550
1547 1110 674397488
1132 1110 529274105
2275 1110 289700968
1298 1110 907365097
351 1110 673171082
1753 1110 446307761
179 1110 190367861
188 1110 977175213
744 1110 733907178
2212 1110 215184368
428 1110 529499519
283 1110 53907541
1107 1110 58145497
675 1110 23758548
1759 1110 421903897
219 1110 526026518
1718 1110 504568214
699 1110 724347210
493 1110 286837453
1628 1110 958049593
1645 1110 929428885
737 1110 38869656
205 1110 131336854
1042 1110 763522204
1147 1110 854618875
350 1110 410554068
1300 1110 766093158
1504 1110 55438130
1321 1110 532270116
1934 1110 21308266
810 1110 284001441
1268 1110 26971007
659 1110 685508638
364 1110 621900185
2339 1110 642041760
1448 1110 208318236
820 1110 545790763
778 1110 611514103
291 1110 120180784
1627 1110 654798649
277 1110 481441603
1501 1110 593682921
2361 1110 972937488
847 1110 136942358
2252 1110 28600975
593 1110 25831468
604 1110 545570422
1464 1110 924079753
1171 1110 60702191
226 1110 477114703
24 1110 733017227
2135 1110 440845435
2064 1110 507423605
1640 1110 88969526
2083 1110 175989226
885 1110 113861483
539 1110 156448488
1204 1110 585359001
1166 1110 960953893
904 1110 648555497
1013 1110 888730178
1264 1110 440865154
1662 1110 209320000
1808 1110 127576348
202 1110 491428915
157 1110 855819219
1165 1110 602479412
1398 1110 149244221
814 1110 365066395
1371 1110 183091646
921 1110 500394606
401 1110 59371546
2247 1110 667908883
2293 1110 173278283
1200 1110 888288333
175 1110 372584340
270 1110 798394213
83 1110 476990421
1380 1110 567095975
1015 1110 616739361
2213 1110 906039312
1619 1110 712218765
1477 1110 162678596
911 1110 345703754
1048 1110 457160901
1372 1110 529500406
1646 1110 825683042
20 1110 361541166
146 1110 498205420
2228 1110 266508391
1346 1110 48074032
1632 1110 451151358
287 1110 475830304
1801 1110 94403980
1827 1110 903496275
1930 1110 331108991
2065 1110 159318191
688 1110 664528613
2122 1110 86562403
784 1110 471700619
765 1110 569530395
1292 1110 687236422
227 1110 362313839
2115 1110 924076688
385 1110 116486043
721 1110 966445654
213 1110 218079349
1790 1110 581099791
2365 1110 171863195
1815 1110 330660112
2069 1110 704616939
1141 1110 191127838
858 1110 694406967
121 1110 70496836
1625 1110 782087225
648 1110 153855207
1309 1110 215488196
798 1110 864631575
610 1110 326265660
31 1110 208598055
1692 1110 924750408
406 1110 414447487
1828 1110 970874821
1296 1110 466853551
986 1110 388506877
1420 1110 577291464
1970 1110 264630296
1899 1110 564271335
627 1110 582774994
2330 1110 895284241
2357 1110 999830126
1249 1110 293058118
879 1110 169993450
749 1110 828773584
2000 1110 187533683
1202 1110 676371931
1465 1110 785336346
1250 1110 324874570
650 1110 505834184
336 1110 922870983
892 1110 113442159
912 1110 940876060
1352 1110 902934914
1833 1110 206793921
1820 1110 332991654
222 1110 808261557
1387 1110 39875241
1836 1110 848998544
2337 1110 4176051
1070 1110 955769049
1762 1110 512897466
785 1110 218773653
246 1110 889685051
873 1110 119458079
1063 1110 582359846
656 1110 24945470
1782 1110 287453209
1438 1110 836519028
1592 1110 59112145
909 1110 941413268
1079 1110 222771676
6 1110 864294039
357 1110 113532563
2327 1110 847383470
1153 1110 293012039
1121 1110 789693850
647 1110 905260218
324 1110 654805819
2366 1110 617684433
1340 1110 683192935
526 1110 279834758
1389 1110 562524669
471 1110 877230883
1381 1110 303029561
1571 1110 840560812
1866 1110 173980232
1265 1110 313961884
2021 1110 47560735
165 1110 928023508
1924 1110 218745223
269 1110 434390992
520 1110 689621372
1151 1110 520689435
128 1110 558121144
625 1110 781974021
631 1110 695948937
586 1110 464415378
622 1110 611560171
1972 1110 577643700
2160 1110 415213522
37 1110 814321085
1028 1110 808324038
1059 1110 367108878
1516 1110 199791029
1659 1110 520008724
1896 1110 838851588
2086 1110 610764149
908 1110 286330598
1935 1110 138789765
1602 1110 605737457
1278 1110 674808318
682 1110 149935342
897 1110 480566000
191 1110 316491248
251 1110 564086006
118 1110 280168615
696 1110 158185642
41 1110 888616693
1618 1110 101824346
1317 1110 566395586
990 1110 188834043
1505 1110 375097100
603 1110 243454813
1193 1110 453726785
72 1110 750525088
646 1110 264407504
1635 1110 828606694
1021 1110 659522813
253 1110 441867593
2039 1110 151610100
609 1110 182817807
1003 1110 228336673
185 1110 184035868
1248 1110 734809790
848 1110 223557543
2001 1110 557070509
1886 1110 703338544
1356 1110 137439367
214 1110 936350129
1506 1110 652763124
964 1110 98275091
1286 1110 462973244
1821 1110 305182691
1087 1110 800531486
93 1110 350059333
1126 1110 80911840
1329 1110 228595752
366 1110 59763367
1986 1110 789311675
1842 1110 946295816
1045 1110 915782430
1786 1110 409338078
1218 1110 326970205
2356 1110 116762205
458 1110 375660185
988 1110 310100583
978 1110 43990407
938 1110 202853662
953 1110 152408094
1393 1110 62007225
576 1110 403289228
799 1110 474217627
1649 1110 383847785
1938 1110 155502753
2224 1110 600393518
1593 1110 363553211
1731 1110 903040744
403 1110 250948798
492 1110 308383272
2172 1110 428811383
1226 1110 733502525
80 1110 963383810
760 1110 385506980
1771 1110 136441436
1341 1110 984009919
871 1110 723529015
1905 1110 284465861
1195 1110 379162381
1179 1110 124634618
2263 1110 413145720
1682 1110 459589663
1177 1110 912459967
273 1110 200558122
1484 1110 66107315
1903 1110 169254970
1613 1110 217929916
204 1110 699448004
1546 1110 174288686
335 1110 334646546
754 1110 744983009
961 1110 639436526
1848 1110 308234239
342 1110 210059162
762 1110 771501343
256 1110 954467330
608 1110 78506643
1266 1110 594110516
1172 1110 537371133
315 1110 212670479
1441 1110 280830760
2307 1110 457583930
564 1110 498442004
1209 1110 710380632
1503 1110 742387282
2267 1110 298252153
1626 1110 131541650
734 1110 480857043
301 1110 118649722
1212 1110 623364785
477 1110 230571192
2097 1110 965093802
722 1110 494556506
649 1110 733026838
1487 1110 445893212
1170 1110 214705598
2169 1110 749561986
1084 1110 233436882
2127 1110 651387752
303 1110 210852639
320 1110 530128855
1362 1110 658153600
868 1110 605363545
1660 1110 912441493
392 1110 835746574
410 1110 755784115
999 1110 617789888
819 1110 253936410
1228 1110 848942901
417 1110 836925037
934 1110 603328709
736 1110 884188766
1426 1110 369334059
284 1110 30102184
308 1110 575989663
43 1110 146398530
769 1110 904962083
1139 1110 760677073
425 1110 661406493
58 1110 594632797
1832 1110 97753125
2279 1110 752114759
1788 1110 936558112
2211 1110 177980026
1267 1110 283466893
376 1110 95233505
639 1110 308621342
2277 1110 7014680
2002 1110 128060042
280 1110 713116773
210 1110 673326497
989 1110 512951529
1194 1110 58652576
1622 1110 998475538
1528 1110 424940230
1319 1110 962039891
1142 1110 1486375
1573 1110 906103319
278 1110 328373183
1563 1110 57258482
1545 1110 139839433
260 1110 101460761
1053 1110 524933969
1521 1110 436913428
2089 1110 846032392
1926 1110 28326833
665 1110 201822039
589 1110 805087803
2236 1110 226039478
1058 1110 990436844
2261 1110 942663997
2180 1110 117254559
2020 1110 618086522
1251 1110 751963337
1534 1110 421175941
125 1110 766624682
2254 1110 714744146
1879 1110 830305982
2104 1110 935620422
437 1110 588733818
1144 1110 777295116
1921 1110 899853364
2130 1110 549913256
129 1110 533929826
935 1110 662876619
1054 1110 282940934
1187 1110 652966249
1367 1110 775498601
2114 1110 511723144
1529 1110 303813126
488 1110 809391195
995 1110 363422153
512 1110 354530703
490 1110 993638777
327 1110 316413155
1824 1110 242260337
1913 1110 692104958
1335 1110 261054870
39 1110 544276860
1960 1110 780063876
837 1110 128729417
427 1110 75385866
1136 1110 732827698
1564 1110 131446488
1406 1110 122961337
363 1110 90826614
560 1110 300785448
1939 1110 469379192
1244 1110 746171624
1435 1110 418622447
2134 1110 408565522
1383 1110 634588194
511 1110 165446982
794 1110 589586814
629 1110 37098939
1873 1110 885406666
1197 1110 560997271
1876 1110 72679582
2260 1110 909795969
1333 1110 884444949
2111 1110 434384755
2335 1110 803090113
153 1110 585466580
1780 1110 121064415
96 1110 456584133
1677 1110 743216331
1023 1110 495061690
411 1110 34482358
394 1110 353283405
1562 1110 941700501
926 1110 191759182
1450 1110 914357596
249 1110 821950750
1779 1110 330636395
676 1110 684804925
641 1110 356739400
1720 1110 575925536
402 1110 569872271
465 1110 214939975
2194 1110 861451814
1603 1110 252393103
1116 1110 834335412
1754 1110 775761092
937 1110 656509011
1686 1110 437642874
1538 1110 279686019
193 1110 373538844
1776 1110 471426914
1215 1110 22239813
2253 1110 268741145
352 1110 59229518
378 1110 266022041
348 1110 978179623
1931 1110 199300487
91 1110 895740010
2269 1110 735719796
106 1110 229992877
2125 1110 584879185
1663 1110 64783895
1201 1110 531987489
2156 1110 359372853
869 1110 755315440
2274 1110 125326862
692 1110 165519875
1010 1110 702902644
453 1110 245551696
1453 1110 799933852
786 1110 940800048
658 1110 679943153
2011 1110 264077394
872 1110 251898916
4 1110 794507251
1217 1110 269289351
680 1110 312562763
702 1110 856564635
653 1110 694107466
1567 1110 86558695
1409 1110 719090052
1872 1110 515140875
1390 1110 536757096
7 1110 124415251
796 1110 227660216
1350 1110 816565008
2078 1110 147908916
1030 1110 19547109
1617 1110 973253528
1440 1110 316575326
1279 1110 925644745
381 1110 324235398
65 1110 160422218
1050 1110 328801337
695 1110 117402868
434 1110 348700407
2032 1110 556832998
114 1110 55533307
1074 1110 334983609
700 1110 901747595
945 1110 650391288
1870 1110 562839697
207 1110 935592143
2198 1110 127587179
1158 1110 617048321
456 1110 308132094
1878 1110 107132703
1259 1110 381453585
2266 1110 342256118
1680 1110 145226455
1630 1110 182892617
1457 1110 268069069
1038 1110 547053247
2319 1110 96353734
884 1110 820622622
770 1110 129412419
1636 1110 641418937
1520 1110 170137352
551 1110 378287143
1490 1110 562711531
761 1110 621489717
321 1110 981111790
584 1110 380316189
1337 1110 808816528
389 1110 249036023
531 1110 649021536
1481 1110 324212847
1285 1110 361036498
1888 1110 674309815
1001 1110 205486933
939 1110 238236095
1647 1110 277030052
99 1110 92951459
33 1110 939217244
697 1110 714791525
1765 1110 830763214
1394 1110 694621403
1513 1110 255017238
1008 1110 54780650
419 1110 161500268
71 1110 763623156
1570 1110 621338553
1019 1110 720060559
1869 1110 590846573
1148 1110 987004534
73 1110 551123343
1701 1110 60258244
2332 1110 212134933
1274 1110 774135390
1488 1110 80367733
782 1110 625863345
1949 1110 196723579
1310 1110 175475869
155 1110 553288796
567 1110 729847728
228 1110 613329420
739 1110 573527702
601 1110 877300684
1850 1110 352016848
245 1110 77176582
1689 1110 550817700
2088 1110 991481948
1182 1110 504977236
2271 1110 816641534
804 1110 870530450
566 1110 230782779
634 1110 858506290
466 1110 818695514
2313 1110 692760865
1439 1110 197421994
2155 1110 247418517
825 1110 123374296
979 1110 80064134
540 1110 83321728
274 1110 117719388
491 1110 296444421
151 1110 940547049
2285 1110 464664485
943 1110 274806424
1863 1110 654617799
2340 1110 891290598
1778 1110 625917079
248 1110 465412626
905 1110 924909524
323 1110 201661968
2251 1110 547433192
370 1110 513518530
2276 1110 677069112
907 1110 122048361
1525 1110 333245
1599 1110 996371545
154 1110 392654035
124 1110 2496236
2239 1110 252274513
375 1110 598042552
8 1110 58367705
2348 1110 677435396
1351 1110 62512496
1299 1110 991301495
1175 1110 845464656
217 1110 325839634
178 1110 481001468
2109 1110 326237023
242 1110 736531349
2136 1110 946077674
1700 1110 67947372
1549 1110 953545200
568 1110 410140375
1831 1110 477347414
1444 1110 282845512
1783 1110 742197980
2050 1110 650279579
229 1110 691349138
1365 1110 167027886
1610 1110 7448458
1791 1110 996714038
2044 1110 830776782
792 1110 271538896
941 1110 40116628
1894 1110 939246166
849 1110 824152752
1414 1110 227126644
2201 1110 6774089
2302 1110 992072058
950 1110 276535247
2178 1110 569356147
1616 1110 828694572
2095 1110 424576117
1803 1110 780665401
131 1110 248138554
1773 1110 211664755
1902 1110 786043631
1941 1110 195338221
1288 1110 165913420
1509 1110 847960200
422 1110 329539044
482 1110 844960866
306 1110 950615741
412 1110 754168204
1489 1110 200923683
18 1110 397946623
553 1110 995078584
823 1110 95649743
2067 1110 268461776
1667 1110 561142176
951 1110 847516155
1522 1110 503791705
982 1110 772413410
619 1110 482499352
2081 1110 772052822
2 1110 495666789
1917 1110 588635302
322 1110 682113449
1198 1110 337417264
2055 1110 455189472
517 1110 87622714
1966 1110 324290445
1548 1110 245564418
516 1110 176981998
1675 1110 183877139
529 1110 712607601
638 1110 382385113
275 1110 556116838
148 1110 553865847
1486 1110 193188597
2210 1110 873828568
1214 1110 727457617
1254 1110 197648132
1932 1110 800886061
585 1110 563885236
1751 1110 86055279
2255 1110 5739303
1027 1110 448263971
17 1110 328197686
718 1110 149295793
1933 1110 193290918
1454 1110 1462866
944 1110 658078141
2318 1110 512060864
1631 1110 5693975
1679 1110 230392108
783 1110 587628473
1586 1110 979743093
1173 1110 474398566
66 1110 321338262
2124 1110 18923313
2256 1110 972910431
1967 1110 568290387
985 1110 887885671
108 1110 101699134
2329 1110 950305344
133 1110 180814065
2190 1110 802558700
297 1110 746247310
612 1110 127684752
853 1110 83783209
2219 1110 590568807
797 1110 461096930
2280 1110 745127673
1154 1110 122554421
850 1110 751089547
28 1110 376697488
2054 1110 938347225
1574 1110 627097381
693 1110 734171138
1800 1110 470019073
2208 1110 424332483
538 1110 668635997
2015 1110 457320935
1216 1110 693023028
851 1110 196616958
1363 1110 92204565
2241 1110 301514060
1858 1110 853311801
1877 1110 296522244
2181 1110 388872664
438 1110 858349494
1186 1110 512234423
832 1110 201044229
1565 1110 868531973
1746 1110 154774172
34 1110 919425384
102 1110 84637793
583 1110 282017361
880 1110 478937579
1979 1110 419252887
1712 1110 109276722
597 1110 222520643
1425 1110 370450565
875 1110 841657257
2009 1110 145278144
591 1110 106055863
2053 1110 909641405
435 1110 200272273
1845 1110 584164106
763 1110 69951836
1364 1110 164686044
1492 1110 877254745
1944 1110 464549188
822 1110 901333046
865 1110 463633824
747 1110 578455968
992 1110 803084115
140 1110 203010844
1964 1110 170487480
1901 1110 684899607
1695 1110 432793939
1991 1110 300029243
9 1110 714536265
239 1110 562099971
194 1110 521790994
267 1110 457636753
2061 1110 693091436
536 1110 462060734
1678 1110 377962386
1243 1110 805789555
355 1110 260580269
2223 1110 759612726
160 1110 38885770
1239 1110 871921415
2139 1110 421835150
21 1110 645140333
1280 1110 239025638
1068 1110 482761675
272 1110 932651522
1524 1110 190476023
571 1110 483468099
2306 1110 535269644
1681 1110 801156850
959 1110 649878655
409 1110 568568692
1006 1110 641266288
13 1110 776473787
2118 1110 444587586
467 1110 708628992
484 1110 382785645
1704 1110 10290350
1065 1110 773024914
2186 1110 538540193
997 1110 944292559
2168 1110 789645199
534 1110 752288340
1639 1110 502905286
407 1110 893413686
834 1110 352363031
252 1110 983755651
515 1110 126243090
2003 1110 33649557
1651 1110 723315058
1162 1110 197414315
2225 1110 257130971
1676 1110 300011189
815 1110 827111874
758 1110 473944686
1954 1110 462449579
1403 1110 859844784
1745 1110 723737242
1345 1110 414517763
1256 1110 988600515
618 1110 497065846
2152 1110 707508611
984 1110 948556722
2113 1110 304829075
929 1110 265524555
1041 1110 627831930
715 1110 408143961
2343 1110 262244931
1556 1110 317499719
1572 1110 535657584
1523 1110 521368810
1730 1110 903883054
499 1110 172591573
1847 1110 277039049
361 1110 402648298
1959 1110 394878305
1325 1110 831576884
2007 1110 498962654
518 1110 914643188
1690 1110 197462049
1904 1110 180144121
841 1110 663595131
1391 1110 123331380
862 1110 787458658
901 1110 880203147
836 1110 997548129
143 1110 602010093
2179 1110 968947536
1623 1110 454809254
2026 1110 738428357
780 1110 693030387
1224 1110 863305418
663 1110 60849113
1257 1110 977346511
1973 1110 644398386
2024 1110 938312674
1823 1110 937872903
110 1110 316638748
415 1110 84902693
2238 1110 234552670
683 1110 279856362
78 1110 58871101
1405 1110 997471583
800 1110 791427130
384 1110 425066891
994 1110 929690934
2040 1110 112457222
1149 1110 680840740
1230 1110 748314316
414 1110 99701760
1100 1110 55470163
261 1110 772144639
1620 1110 869128158
398 1110 712866823
400 1110 872230675
1290 1110 858111584
292 1110 50155211
1533 1110 464104108
1707 1110 741993769
2163 1110 257741844
1207 1110 699605229
1017 1110 843861700
2148 1110 41124361
2334 1110 247969944
1395 1110 350687093
1757 1110 484167447
766 1110 426356287
1431 1110 41044127
454 1110 131594213
149 1110 589170402
1696 1110 607810534
76 1110 408306320
790 1110 969284758
2209 1110 198480981
334 1110 594601778
1806 1110 236350726
105 1110 930392371
101 1110 206561558
666 1110 808731878
735 1110 712943950
755 1110 96403772
1697 1110 424592573
1865 1110 642067166
53 1110 487305708
725 1110 327747204
2218 1110 51353942
2258 1110 288294535
689 1110 998350614
1103 1110 561962932
147 1110 2378722
2354 1110 613882722
928 1110 516456759
1737 1110 174356166
1914 1110 380052181
309 1110 652680581
1760 1110 702305134
2076 1110 742009738
1907 1110 909969562
1702 1110 479597593
1560 1110 28779533
2128 1110 46270500
552 1110 804940810
418 1110 48522205
890 1110 93584154
498 1110 953918348
338 1110 920032505
215 1110 903620513
1404 1110 760637649
395 1110 631217677
833 1110 984810154
2326 1110 975027404
523 1110 481914911
1652 1110 492073926
513 1110 705309269
444 1110 750594007
581 1110 107065641
103 1110 389387564
2175 1110 933554088
1164 1110 151831760
1846 1110 780075971
380 1110 121948550
1025 1110 5827395
556 1110 616653784
870 1110 174309882
1225 1110 60224368
1557 1110 78333243
1160 1110 613776805
789 1110 902732427
343 1110 309545816
396 1110 420148631
616 1110 465755137
546 1110 661544297
816 1110 864276996
1233 1110 746755286
289 1110 5870665
1029 1110 221750843
2347 1110 145711883
726 1110 448757352
1295 1110 154311151
1691 1110 347012315
1733 1110 29776727
1461 1110 798675248
643 1110 928438008
2036 1110 289588696
1269 1110 676188073
1951 1110 181739017
1047 1110 261974654
1157 1110 651533557
977 1110 926273813
2220 1110 681927229
2033 1110 199654703
2295 1110 519046568
254 1110 314254209
1123 1110 399206415
2299 1110 342659020
1758 1110 174780316
842 1110 194261547
330 1110 877368627
1312 1110 482940331
2060 1110 208721711
1322 1110 760021024
1796 1110 811105617
439 1110 588769590
1131 1110 514932212
63 1110 622817990
1629 1110 502179461
2145 1110 563113578
2331 1110 2859827
844 1110 206268499
1862 1110 921942498
1258 1110 401792857
1452 1110 787407972
430 1110 895184467
558 1110 433574890
2131 1110 158356136
2364 1110 657662392
514 1110 725206054
1240 1110 250342680
966 1110 380734481
1553 1110 663383184
906 1110 917809023
1221 1110 160558678
1174 1110 497663203
1817 1110 36083203
1423 1110 452132582
1868 1110 916274567
2037 1110 149250685
733 1110 69026653
1797 1110 866949687
983 1110 902463998
1199 1110 830730454
1740 1110 409885850
449 1110 950003489
2273 1110 250533125
774 1110 435941624
232 1110 281192175
32 1110 980521384
1590 1110 968081496
874 1110 605537152
827 1110 923212098
1206 1110 553145508
56 1110 941264039
2352 1110 743679264
318 1110 419174061
1044 1110 656803392
1091 1110 475017751
2018 1110 574853406
940 1110 570580223
2301 1110 18393211
2270 1110 576983234
1591 1110 1969106
1382 1110 305103674
957 1110 333907882
141 1110 81003314
1276 1110 391312684
30 1110 603547158
1742 1110 170421492
136 1110 489580266
1237 1110 637015339
1145 1110 983043709
2153 1110 246446805
201 1110 36319453
1952 1110 263195239
1871 1110 293825037
1761 1110 782450588
371 1110 815506421
1315 1110 234187400
578 1110 700300697
1826 1110 404023788
2294 1110 486841741
889 1110 237476044
594 1110 397620648
1911 1110 25384767
50 1110 219130872
1656 1110 106083461
237 1110 96617717
117 1110 981379166
216 1110 281136376
2360 1110 186708889
806 1110 989285101
867 1110 754293738
255 1110 810232903
1735 1110 203955456
876 1110 836189748
1336 1110 672148183
1373 1110 375913490
1183 1110 632051530
2133 1110 12054816
1104 1110 732089067
2244 1110 431759736
236 1110 778194711
2287 1110 901493820
543 1110 32409924
703 1110 622955791
1078 1110 732764060
464 1110 36495559
1156 1110 816438991
1897 1110 377375072
1384 1110 500677412
795 1110 991209779
1494 1110 124978386
319 1110 322275174
2159 1110 605498765
684 1110 387648934
1301 1110 639152994
2158 1110 846595347
49 1110 831059143
1428 1110 662988924
1719 1110 399615982
379 1110 413487564
158 1110 468788057
347 1110 728340163
802 1110 266246578
1764 1110 82559720
1184 1110 158978780
2123 1110 461501629
2042 1110 906494021
1715 1110 692283956
1234 1110 543809661
268 1110 656155234
262 1110 750869516
487 1110 301666929
521 1110 928502143
1119 1110 29865947
442 1110 648538308
1551 1110 578693589
2098 1110 280912823
1466 1110 311168008
756 1110 797947900
2164 1110 290216070
1332 1110 463898126
1451 1110 661796091
436 1110 392030104
563 1110 884269346
1969 1110 946032387
1236 1110 509129851
547 1110 409040464
895 1110 330180410
1437 1110 41996070
501 1110 31982210
809 1110 94813742
40 1110 638205395
896 1110 267254686
258 1110 480668095
431 1110 754879252
2092 1110 695014883
311 1110 197183652
2202 1110 976892949
2262 1110 685178164
2079 1110 163094746
1353 1110 609209350
173 1110 611588890
2278 1110 777712534
1046 1110 105253654
423 1110 255648677
459 1110 93370009
1109 1110 158225045
2004 1110 141268589
1088 1110 604240887
1138 1110 308513552
2102 1110 733881442
1983 1110 150083240
2185 1110 249998470
952 1110 201937459
1769 1110 187083136
329 1110 590671362
1673 1110 552265838
1669 1110 89089383
2192 1110 448376646
900 1110 29115309
636 1110 886385891
1155 1110 619051592
1517 1110 373675104
2312 1110 866902093
238 1110 285060521
1302 1110 384642339
2027 1110 614167886
1605 1110 333996155
918 1110 812917146
1447 1110 123152253
1698 1110 473470180
298 1110 9628995
807 1110 120547108
1536 1110 869514
199 1110 144542409
1813 1110 450641574
362 1110 197376200
2085 1110 218234294
651 1110 425467896
831 1110 345687065
483 1110 957423516
326 1110 860625184
1473 1110 18811713
1856 1110 708518660
1658 1110 798269898
686 1110 887436826
1653 1110 457694153
1191 1110 590863172
1014 1110 477099279
602 1110 954197419
1643 1110 450372485
2059 1110 532319146
1851 1110 646920509
1819 1110 394292493
708 1110 661038019
36 1110 189453434
257 1110 177570489
132 1110 563445807
1434 1110 392620962
1031 1110 528751597
902 1110 397461245
947 1110 137002035
1176 1110 677130902
1161 1110 371861679
116 1110 97123095
1094 1110 470064113
2161 1110 178299621
2310 1110 245546081
1392 1110 303948841
555 1110 66680947
441 1110 331513388
1082 1110 263240728
535 1110 314361319
107 1110 625910135
860 1110 578910170
2296 1110 542930140
1399 1110 297271068
960 1110 668030960
337 1110 412730291
1604 1110 273935402
669 1110 570843685
1612 1110 528361605
980 1110 124073550
637 1110 245998707
2207 1110 392817012
716 1110 197152273
1734 1110 974582680
2345 1110 297267611
95 1110 193820686
745 1110 216706593
801 1110 10266447
1073 1110 4948346
2353 1110 60368910
294 1110 84571001
35 1110 919860616
2248 1110 292223071
170 1110 524651296
2157 1110 890012303
2303 1110 456271658
1724 1110 906575240
633 1110 966165254
1056 1110 18328590
365 1110 985475697
714 1110 47714730
611 1110 95163415
1347 1110 907599701
557 1110 52917611
2106 1110 293689711
180 1110 46080955
1375 1110 596513014
781 1110 350722174
661 1110 597260275
507 1110 113373936
134 1110 34256183
672 1110 604706016
312 1110 765494087
1432 1110 682356936
1510 1110 530496148
1178 1110 779477790
2304 1110 418160879
2235 1110 201347305
1756 1110 665438267
1881 1110 999739798
1163 1110 987295331
537 1110 948231179
2174 1110 752549518
1789 1110 531629820
1227 1110 710793617
883 1110 803777662
1460 1110 523076005
1433 1110 291001049
1076 1110 546553177
811 1110 42716833
1459 1110 919203273
247 1110 156113927
575 1110 928256016
1918 1110 148933996
1127 1110 870274042
667 1110 976745783
1802 1110 900344830
503 1110 709935335
45 1110 531734123
1114 1110 910332779
1874 1110 478061024
1231 1110 482433200
1051 1110 438160128
196 1110 375010428
1057 1110 422206310
524 1110 533279354
1582 1110 860254679
1471 1110 683626901
1304 1110 54175670
2188 1110 522376840
927 1110 159252412
166 1110 7694262
145 1110 141540327
971 1110 445333558
316 1110 731883699
1840 1110 367241266
2341 1110 28457863
668 1110 4553329
621 1110 418847346
333 1110 813278513
1099 1110 184438038
1527 1110 624351289
382 1110 193232100
1526 1110 57322543
1755 1110 822302345
1841 1110 334024998
824 1110 146870439
480 1110 414295675
1442 1110 3523016
1129 1110 836804577
1357 1110 483372943
82 1110 777587129
2041 1110 178337072
1814 1110 929503910
1956 1110 649979681
198 1110 656005728
1377 1110 866057233
2284 1110 930387913
1561 1110 928627993
569 1110 977765437
448 1110 560617776
728 1110 264166445
746 1110 390110180
1535 1110 601722606
2165 1110 458608455
1069 1110 631622094
1958 1110 353232678
1511 1110 612841576
1614 1110 492582785
530 1110 779245113
1576 1110 476344374
2226 1110 783650674
1348 1110 906419198
1985 1110 419603215
15 1110 591873181
857 1110 9485864
642 1110 142556245
307 1110 916913286
624 1110 575233691
1908 1110 106795128
1417 1110 580664333
463 1110 812037607
2173 1110 788267426
2167 1110 937847464
1785 1110 801874722
2315 1110 184847377
1923 1110 782635737
974 1110 617265102
1499 1110 303274119
863 1110 921586165
1125 1110 94403482
1566 1110 469906006
281 1110 504554142
1583 1110 511032600
965 1110 395050996
142 1110 941092481
1498 1110 725662657
276 1110 10029588
2282 1110 461519657
2346 1110 375793376
710 1110 250071229
1532 1110 126909206
942 1110 534207537
1062 1110 835700445
369 1110 901991250
2358 1110 615361122
888 1110 985142
1255 1110 281320754
10 1110 514468020
2080 1110 312740555
1957 1110 451411222
77 1110 634805871
660 1110 764016653
1275 1110 996506683
711 1110 166242277
1892 1110 821728120
1716 1110 617413881
1763 1110 437344817
1137 1110 613914984
42 1110 218415621
328 1110 401549320
2359 1110 29968446
1020 1110 695868058
420 1110 780176161
2229 1110 994071871
1982 1110 427507847
2199 1110 705067818
1816 1110 123894700
22 1110 830851735
596 1110 984023622
340 1110 571041276
172 1110 211282649
447 1110 952692349
1133 1110 351390793
221 1110 733887908
704 1110 106179248
113 1110 310501968
1672 1110 777217393
1167 1110 154305774
305 1110 899467917
1807 1110 559108839
1424 1110 72618805
1343 1110 559664473
1294 1110 125863327
1297 1110 385370888
1650 1110 55165469
1354 1110 312531350
234 1110 408833898
1727 1110 411940850
405 1110 479763527
1113 1110 839832078
1472 1110 924995654
1220 1110 320223188
1512 1110 805109732
1261 1110 716838234
590 1110 851676637
706 1110 936740947
2151 1110 721235900
592 1110 462969032
1989 1110 133163953
1993 1110 369050888
1891 1110 468328358
64 1110 479731421
2292 1110 116231059
1611 1110 585964032
497 1110 506829585
579 1110 128981966
1379 1110 74247213
713 1110 290364986
360 1110 29103487
2363 1110 245389317
1463 1110 821453178
673 1110 20100141
620 1110 445807364
390 1110 756882594
1811 1110 901864264
1699 1110 894091327
605 1110 849934539
2355 1110 251585015
2035 1110 611402685
1812 1110 564076879
2268 1110 173978513
1726 1110 261095435
1016 1110 908186575
598 1110 874259756
2094 1110 574425640
1838 1110 93220121
2022 1110 243812810
1721 1110 127245595
130 1110 897377782
1601 1110 151644174
1739 1110 238254031
1775 1110 337093205
1600 1110 448431987
709 1110 349842702
1235 1110 66447439
1446 1110 448397446
506 1110 683765422
1397 1110 393095151
1115 1110 146416275
519 1110 426922576
2016 1110 219987401
1589 1110 852586684
1883 1110 550346552
919 1110 586269638
787 1110 360993145
2099 1110 222245939
1219 1110 538026155
910 1110 207362289
383 1110 474798471
600 1110 345583176
670 1110 324704177
731 1110 211476558
1328 1110 354611025
924 1110 196756640
1889 1110 22498786
915 1110 523759438
457 1110 180356681
698 1110 615260951
61 1110 363248681
2068 1110 443469525
469 1110 130066037
2110 1110 342530618
1189 1110 186217798
