1001 756375973 468 584
6 585 738799676
840 585 361355320
214 585 615040964
318 585 986953241
488 585 631485457
351 585 744299401
31 585 554668501
269 585 294430593
220 585 526145452
158 585 806939584
36 585 45605981
835 585 538846375
463 585 52756830
960 585 363727204
274 585 793454493
648 585 862501459
715 585 616221309
344 585 107688864
451 585 740251422
559 585 567658032
121 585 927241697
376 585 581354689
409 585 362905130
392 585 752172367
412 585 194442856
916 585 173148857
997 585 551442002
235 585 797809828
560 585 209353586
128 585 283822495
4 585 735358438
866 585 672314248
832 585 49808229
426 585 398108205
951 585 140982400
761 585 611064373
881 585 404002858
603 585 416069185
903 585 230740346
402 585 744896077
450 585 876501934
379 585 184763228
309 585 400729202
767 585 466444628
226 585 283361378
175 585 240319270
980 585 218358221
430 585 423772977
615 585 504156092
549 585 15694824
49 585 174234930
446 585 751468721
732 585 686235316
122 585 308976400
169 585 925437963
483 585 98872324
662 585 144817224
176 585 919417265
155 585 702726151
829 585 118028606
919 585 545199608
300 585 512453888
217 585 845756827
285 585 768316119
91 585 229428298
793 585 206409944
661 585 241762940
609 585 863947820
232 585 227200327
616 585 87519287
860 585 67085862
282 585 779221500
909 585 763629820
396 585 656929215
54 585 911087704
923 585 415321323
658 585 929976314
508 585 94534710
606 585 11856790
691 585 980203010
324 585 341874135
873 585 430501126
199 585 216128422
547 585 28706605
858 585 275739563
671 585 743588029
896 585 757630483
652 585 273380796
653 585 906312340
294 585 397530510
125 585 369054382
445 585 903836386
137 585 478970418
774 585 766360015
933 585 711954439
617 585 660378169
120 585 355690283
236 585 962857081
428 585 469148152
558 585 236874813
149 585 106869160
694 585 307732395
947 585 154099739
80 585 92461772
140 585 969321431
410 585 30479655
389 585 943920207
292 585 379631020
381 585 675527271
216 585 816279764
249 585 685499703
539 585 225332997
700 585 34558223
129 585 362779962
856 585 890471098
476 585 845283811
513 585 226002183
864 585 812309513
577 585 381904004
885 585 803039925
229 585 857075596
765 585 529987218
552 585 770629252
67 585 459555793
280 585 604839521
562 585 33061964
187 585 635111788
594 585 479832046
573 585 510136905
838 585 517939537
168 585 318402357
956 585 647668904
306 585 978572174
693 585 631890142
984 585 471891352
434 585 103025919
278 585 800135805
7 585 389953495
139 585 850554517
566 585 137593304
485 585 537823720
925 585 889123136
518 585 209914096
25 585 602847866
22 585 118246306
18 585 118440645
110 585 704167087
26 585 198927123
879 585 722332422
882 585 373880115
952 585 799274397
928 585 713279281
908 585 930240881
329 585 957981436
73 585 818151371
78 585 420408393
941 585 569965764
699 585 689445560
17 585 843566602
380 585 93224500
792 585 223608291
247 585 849409438
50 585 516083313
819 585 247206317
154 585 700023608
166 585 904153615
407 585 724055261
926 585 212381396
605 585 391658288
536 585 547809804
366 585 2984812
973 585 989389230
159 585 112403132
782 585 897414587
817 585 971271937
875 585 786886818
772 585 831568338
720 585 553300454
507 585 519829956
59 585 232536317
425 585 860062698
950 585 24443003
806 585 970162591
88 585 500637551
663 585 924966530
797 585 873137421
827 585 566240450
290 585 935255692
279 585 709461403
813 585 257904977
75 585 173781535
299 585 51305293
779 585 918127161
512 585 242389922
35 585 609716718
471 585 164776844
530 585 406839014
305 585 523974526
994 585 830666283
877 585 602859659
227 585 123339311
621 585 678970887
188 585 945547027
992 585 966881646
468 585 78091046
999 585 104818819
338 585 518380971
58 585 945446332
105 585 428223454
670 585 149392605
685 585 831661113
252 585 325860834
241 585 55278579
735 585 358584353
795 585 834812616
418 585 324817328
729 585 779815679
634 585 224045827
267 585 69390249
173 585 779162842
967 585 618095398
629 585 772002905
457 585 431604717
364 585 675707768
398 585 846215051
356 585 313096605
773 585 830462443
820 585 974427782
783 585 613988056
905 585 69132140
791 585 339046848
709 585 72232037
190 585 651887547
115 585 726056457
581 585 552619466
942 585 202116440
340 585 955351907
196 585 186492379
431 585 504976173
824 585 624731144
276 585 439130119
53 585 319345130
544 585 689740366
831 585 127543297
851 585 528470367
737 585 500619878
537 585 113170266
307 585 996769842
57 585 410464041
239 585 337384224
29 585 353021632
96 585 460824433
62 585 304399781
865 585 444629519
310 585 862603187
993 585 278803189
90 585 393578522
448 585 84392397
904 585 967212201
778 585 370415834
800 585 616733519
649 585 362593304
461 585 650414558
164 585 456713889
157 585 225186322
910 585 104723025
927 585 144146898
551 585 907465645
222 585 211440565
986 585 87521792
633 585 896584135
847 585 809474502
484 585 264807564
208 585 889741646
580 585 120509508
132 585 917662618
182 585 311222896
843 585 995351433
373 585 994182548
769 585 925490487
69 585 878526271
95 585 784296868
180 585 208566344
212 585 931088019
273 585 538201945
352 585 953828532
642 585 587751345
696 585 864416772
391 585 533932069
262 585 964319860
258 585 504641127
500 585 293394632
455 585 12693642
39 585 845771202
744 585 681315013
378 585 729762687
255 585 812090230
914 585 918484768
944 585 547825002
185 585 397328043
427 585 59423323
225 585 730999603
884 585 781766073
590 585 860628791
893 585 537561005
152 585 638709064
799 585 40518746
639 585 778976493
572 585 159514469
493 585 29323210
475 585 433107383
990 585 145886462
672 585 317248385
33 585 986452173
828 585 423336064
826 585 555699839
936 585 579602561
626 585 614412423
647 585 174686759
834 585 738165478
716 585 620696556
201 585 696013777
487 585 63139173
495 585 501312657
876 585 216372937
804 585 88589482
24 585 774832819
297 585 516079423
46 585 700764710
640 585 89181364
178 585 951289554
245 585 744685204
442 585 318070165
974 585 579988917
721 585 401506627
12 585 796225178
907 585 327898538
456 585 889238552
589 585 442814160
40 585 345429051
889 585 250376318
48 585 401412457
296 585 659437569
459 585 45920200
179 585 726420015
207 585 3475677
588 585 692210600
698 585 716261749
608 585 80291165
948 585 79879112
523 585 147826518
578 585 774007770
753 585 416693679
596 585 81936420
915 585 155417059
801 585 804673652
701 585 717889612
357 585 654765840
953 585 207143402
611 585 4512289
975 585 553167459
930 585 1446223
144 585 718154314
532 585 633477032
27 585 875238307
133 585 941559237
320 585 788119206
400 585 29613103
553 585 918288067
270 585 428218878
440 585 425163238
620 585 382839747
657 585 995156476
966 585 924573863
134 585 138572980
103 585 884376532
388 585 459381641
703 585 547566611
894 585 602247680
839 585 296090037
646 585 779385390
550 585 173870775
14 585 800363389
850 585 788359968
489 585 921995694
481 585 448409518
666 585 867178017
261 585 823328945
114 585 322121044
23 585 726355253
211 585 489207465
316 585 678078566
131 585 928960107
787 585 563265328
432 585 354679314
360 585 78422565
660 585 263341254
167 585 103622564
195 585 39894049
303 585 349327414
186 585 888450873
618 585 743031611
117 585 591575517
651 585 726937029
521 585 541247005
776 585 771231683
93 585 471115279
458 585 972373345
126 585 550631888
920 585 571479727
786 585 683570121
983 585 424890240
727 585 133880115
367 585 667405716
959 585 678155996
681 585 56424185
758 585 688043050
954 585 115552429
607 585 893628000
833 585 321772936
514 585 670766112
219 585 872630104
619 585 867297584
474 585 331422285
506 585 179702400
170 585 180676759
74 585 262543979
206 585 77944397
312 585 52823357
436 585 328938896
490 585 911182837
435 585 172834544
677 585 429345099
337 585 776665614
848 585 835268851
86 585 690203265
317 585 745635107
598 585 574031613
724 585 433486931
898 585 547854514
288 585 948537667
1 585 63489777
745 585 49300290
286 585 578651413
722 585 248582828
561 585 633994400
386 585 42530739
419 585 538067875
665 585 194758498
228 585 590947683
172 585 380434655
112 585 964429113
961 585 768926448
770 585 586638778
855 585 365876672
371 585 204876310
498 585 102925025
315 585 533906373
900 585 289424788
421 585 374659679
768 585 202570568
61 585 37141451
867 585 836381280
510 585 476691612
113 585 994293049
679 585 204095159
417 585 660355947
334 585 678714936
209 585 871562573
784 585 618477206
749 585 148092350
972 585 224954372
599 585 994190882
781 585 65020698
444 585 77052075
746 585 735892660
497 585 788592345
751 585 813793306
496 585 154720835
243 585 537869664
815 585 695853463
654 585 259231248
240 585 860202462
901 585 998633477
271 585 681012740
842 585 898317465
224 585 67585175
932 585 213421570
250 585 971003855
365 585 790682361
401 585 501350350
995 585 507825820
748 585 852906279
343 585 578202772
546 585 270235556
535 585 415168890
302 585 236037955
527 585 237102454
479 585 215476098
251 585 100050217
807 585 641023708
295 585 441731788
676 585 737972370
491 585 724772761
20 585 357644974
570 585 385775977
156 585 628255812
892 585 761980574
557 585 857400827
259 585 262181954
2 585 417474763
415 585 245548144
266 585 5388551
56 585 112353010
118 585 847285150
347 585 922554923
499 585 426721181
265 585 870378551
130 585 95248375
30 585 599887440
81 585 935454600
82 585 182919795
635 585 679052119
136 585 144184130
98 585 516602139
934 585 934485547
304 585 800696832
939 585 920177610
104 585 769956778
938 585 86550156
738 585 579330425
965 585 238945172
710 585 227898383
538 585 870373857
102 585 737705742
887 585 719741872
604 585 347446566
757 585 111267358
790 585 94526542
853 585 700055825
361 585 184757840
664 585 954657113
719 585 344946059
205 585 371906833
752 585 942671348
335 585 633211979
408 585 870664285
837 585 683685355
686 585 303025658
89 585 577186003
390 585 568276512
142 585 884006720
124 585 891000910
637 585 605999731
509 585 580218993
502 585 449473683
505 585 501591395
780 585 145014481
10 585 66224564
15 585 164124109
319 585 515157165
369 585 640674359
516 585 299895185
741 585 261604793
198 585 180288806
301 585 855420436
138 585 528411507
586 585 503530121
852 585 892061130
674 585 957587833
704 585 577206024
151 585 725703247
66 585 416344091
345 585 365500829
330 585 329500356
583 585 379232645
712 585 154968221
725 585 135433306
189 585 463764061
443 585 437757318
624 585 64577371
123 585 965520045
237 585 929347408
623 585 376417042
460 585 724100704
631 585 959232313
77 585 690145115
695 585 954982606
165 585 642206271
99 585 996982981
825 585 782162689
571 585 951348674
883 585 472753292
116 585 28279482
109 585 199982601
545 585 430628313
221 585 707113569
470 585 704127398
215 585 981859327
789 585 216854628
862 585 693636314
731 585 334848955
964 585 669508786
153 585 867525783
313 585 309167001
454 585 591812944
349 585 721565364
16 585 197074955
106 585 1087298
358 585 922388831
814 585 306402782
750 585 561339707
482 585 755797504
277 585 293225990
567 585 530524105
11 585 130728455
281 585 358389759
641 585 170264326
254 585 810584149
970 585 674764851
76 585 986113520
275 585 384634951
683 585 822849062
763 585 525655017
244 585 821703560
591 585 157832274
880 585 281330466
372 585 723355699
160 585 452207616
743 585 380192469
708 585 152781556
541 585 630976898
84 585 599911062
723 585 671208739
918 585 109394316
44 585 827134506
697 585 142357771
821 585 643237041
669 585 581374877
83 585 232104675
246 585 349989412
503 585 43064730
979 585 584890142
42 585 811163978
803 585 266078250
41 585 90013980
955 585 949393354
47 585 775086685
52 585 821832553
844 585 836534809
204 585 603414432
374 585 790816003
284 585 961843380
197 585 506353047
522 585 99754851
650 585 365789314
659 585 87569887
937 585 659089729
492 585 15543578
565 585 748813063
692 585 35213380
87 585 265856995
582 585 456565905
584 585 268961314
141 585 393102655
210 585 901437425
614 585 922957783
174 585 449944391
150 585 128587442
213 585 325252609
272 585 268919230
92 585 235142733
171 585 368854914
413 585 924412236
548 585 434083935
257 585 265923571
13 585 222746648
736 585 931745329
399 585 855974803
97 585 962290774
871 585 302709984
845 585 63788211
976 585 335261562
119 585 785353085
420 585 824984781
978 585 238603510
684 585 356158200
263 585 148737998
870 585 928325075
28 585 872928709
579 585 357256243
308 585 804744341
293 585 315580268
711 585 696205071
785 585 841541911
322 585 24364676
449 585 671916308
632 585 301045862
808 585 437659602
528 585 469849133
38 585 433493197
515 585 179706751
717 585 510238552
929 585 489382026
989 585 417210780
798 585 782539956
878 585 873246176
370 585 871564662
321 585 455268362
51 585 280108933
291 585 39030116
422 585 831961138
613 585 231833251
857 585 276855058
404 585 452795941
730 585 747557345
200 585 615100026
268 585 467704483
707 585 272467238
554 585 970335243
811 585 912628644
830 585 777910817
79 585 976327852
71 585 779493662
991 585 293813176
593 585 497094298
393 585 237540036
863 585 472908008
529 585 809757270
230 585 315007680
397 585 949373373
437 585 439790367
872 585 807633820
37 585 456978282
689 585 882819242
45 585 978408409
760 585 559612082
836 585 56500754
473 585 446663649
525 585 933237268
849 585 753531456
766 585 582619990
464 585 32231806
762 585 26490927
610 585 883277043
423 585 200376696
667 585 339405793
794 585 704417903
705 585 513048060
812 585 773801182
555 585 905055275
135 585 857825148
346 585 910631824
394 585 25301138
687 585 535227590
486 585 484422369
519 585 690021225
526 585 255232706
192 585 962274266
985 585 865080207
517 585 467345219
353 585 641665857
32 585 810930648
433 585 196528218
441 585 9956192
810 585 412347909
890 585 97020403
673 585 639812730
234 585 334126853
504 585 697473447
568 585 105277090
655 585 264696332
556 585 551702267
597 585 892644326
145 585 476109856
688 585 976357519
601 585 787712014
718 585 937439780
998 585 122197228
759 585 267630952
406 585 522513809
996 585 747571175
85 585 225750090
627 585 740691038
162 585 928605657
576 585 405859673
21 585 995657919
327 585 190915102
682 585 775257277
311 585 299313609
714 585 855351960
542 585 713195192
540 585 970648605
248 585 846321704
181 585 955450980
314 585 801754656
891 585 291513944
841 585 527940493
805 585 121112950
809 585 552793774
868 585 967037652
575 585 258761650
747 585 12995172
336 585 994802078
385 585 312595065
161 585 173367156
478 585 113615754
524 585 533121937
728 585 831188022
148 585 841228118
534 585 29145992
177 585 385052938
587 585 697170299
886 585 689262591
520 585 356699072
191 585 524532466
3 585 563010750
147 585 553741495
734 585 162286809
563 585 442771221
467 585 100428790
416 585 75533806
946 585 194756927
917 585 290464419
469 585 553519907
922 585 480405430
34 585 833637280
339 585 881221808
465 585 693291716
564 585 919055428
630 585 152675696
233 585 15801012
438 585 259437151
602 585 900552307
328 585 566635366
963 585 333969163
802 585 910535421
5 585 68179520
289 585 17389053
341 585 218589045
733 585 29711274
395 585 984140623
906 585 929750004
363 585 421766040
383 585 722172921
64 585 20915557
739 585 714856142
9 585 180005241
816 585 960767615
911 585 514210539
755 585 923981139
533 585 972531207
977 585 817536852
638 585 39856498
452 585 700698125
921 585 575398800
764 585 946244245
256 585 39740457
823 585 596949452
70 585 926212682
264 585 938482916
405 585 506400873
387 585 728571427
895 585 610620620
574 585 582277606
788 585 717642282
202 585 413739496
818 585 19422354
63 585 325760196
643 585 600536715
403 585 895351736
897 585 992487036
72 585 903412907
331 585 797740622
414 585 928402544
600 585 182397775
592 585 206711628
101 585 334594649
439 585 231783861
238 585 682018354
127 585 813552988
377 585 217962550
68 585 696616557
193 585 984804659
940 585 462813973
777 585 877761171
656 585 412309828
203 585 192579008
756 585 907116724
912 585 679673795
846 585 216275241
775 585 827601710
333 585 167492857
668 585 561623100
253 585 112433614
969 585 859408694
359 585 8225706
962 585 61758743
645 585 872035883
231 585 20774515
298 585 298147343
43 585 758450324
531 585 478262011
869 585 572423909
354 585 304465783
771 585 179122835
924 585 519080253
981 585 977123440
453 585 614699443
675 585 490061083
957 585 112175796
754 585 865465182
323 585 812488598
342 585 342299862
943 585 555237992
480 585 562496217
931 585 924249979
861 585 36149139
362 585 590577955
111 585 547470706
822 585 116502462
678 585 842221764
899 585 728368629
644 585 17038237
595 585 238775617
163 585 675570685
543 585 172939953
935 585 898293810
8 585 816812521
1000 585 602938235
94 585 936710765
223 585 776793326
902 585 695016223
796 585 739092123
184 585 865091590
494 585 121732848
971 585 913263696
146 585 608711774
260 585 458620570
569 585 112796988
466 585 93032301
287 585 322848748
283 585 320006156
742 585 572022075
968 585 169107308
60 585 322049293
622 585 461736323
107 585 418944825
1001 585 214185669
143 585 183833777
501 585 11130859
411 585 115501798
325 585 513481717
384 585 576197994
242 585 410872946
625 585 866326998
945 585 94441983
628 585 422821869
988 585 747198220
874 585 20818433
982 585 761855717
375 585 756401045
447 585 210858224
726 585 70304323
472 585 751779379
511 585 599563488
55 585 614993177
462 585 858370781
108 585 145284981
424 585 288261104
702 585 773172935
949 585 964978674
888 585 152499389
355 585 296606986
958 585 415998971
183 585 247063563
194 585 227316510
65 585 340010778
100 585 206595582
713 585 920310420
690 585 931257139
854 585 908252206
348 585 502289370
19 585 343668828
913 585 560192409
740 585 259875319
636 585 578023647
706 585 693931545
350 585 725458800
680 585 861137483
859 585 24601376
477 585 29460706
368 585 629949150
987 585 155501989
332 585 516861940
429 585 985053363
218 585 673838988
326 585 584965027
382 585 12843637
612 585 253751533
