4977 811803084 682 3384
1032 683 963020346
505 683 593750609
3225 683 865744711
1314 683 979576571
3980 683 329826601
179 683 107864873
2618 683 690135501
3239 683 455359859
1337 683 803754700
4349 683 17740016
1392 683 105946536
3783 683 114581791
228 683 751977557
2202 683 469207050
1129 683 102330363
215 683 812728488
1016 683 199578618
4903 683 884118915
4142 683 879209262
4210 683 791731610
3114 683 862024563
4824 683 91458952
1873 683 402092395
3738 683 484770532
260 683 542334078
1504 683 512782827
2046 683 939995938
1291 683 527456604
4023 683 782635356
3498 683 111192227
1534 683 530017157
782 683 426259513
84 683 42899793
1521 683 72250954
3826 683 64909069
835 683 720061847
1743 683 518517543
2295 683 370299037
4414 683 449158643
1403 683 41289975
4865 683 37934508
4617 683 457281280
2792 683 430142648
616 683 597378492
1017 683 119558191
3110 683 870232823
822 683 154997917
4330 683 609201582
2124 683 752529159
122 683 141367470
590 683 594453036
1730 683 389463931
3264 683 668956172
971 683 833303410
2176 683 636256685
2683 683 743149361
3188 683 425440540
3328 683 396028982
2831 683 543302065
3342 683 759209670
3170 683 653340823
3477 683 866470415
4475 683 809951628
1379 683 370186896
2758 683 330820580
378 683 987395256
2930 683 813884882
2296 683 421555661
4016 683 979915754
1756 683 481987855
1515 683 981188321
3996 683 750617373
3379 683 578394007
4549 683 226488726
4276 683 620100951
400 683 132407042
3276 683 91829341
4410 683 30420723
3741 683 535654040
4026 683 912506471
774 683 371222704
2595 683 349027440
1092 683 830868297
391 683 944194326
2966 683 676738697
3889 683 573997180
502 683 207087576
2735 683 393645120
2548 683 985074150
739 683 240351016
4629 683 481605361
247 683 812769530
2861 683 969920327
3987 683 993813162
1466 683 686162954
3902 683 558051514
2781 683 678482995
3799 683 282726877
1576 683 305010648
1886 683 159118302
2568 683 833232305
2409 683 879054016
1302 683 468623064
3608 683 191012389
2743 683 174449872
4623 683 193022707
1966 683 349322695
1411 683 592591156
2709 683 386841887
4819 683 995825213
4848 683 834474026
532 683 933213970
2446 683 906028853
929 683 206773512
3461 683 321439943
2662 683 46039724
3611 683 461770026
4195 683 964478179
843 683 315230762
1934 683 45842002
1276 683 502478108
1866 683 663142655
2045 683 689057058
2750 683 179128888
3316 683 584508332
4304 683 771304627
3588 683 766082881
171 683 240157942
1357 683 667905662
2604 683 984054265
672 683 368991583
3658 683 359575561
317 683 137448637
3345 683 182170606
2489 683 461461527
1354 683 362297935
1790 683 214395284
1130 683 705755989
1150 683 983136840
2248 683 949042831
528 683 852329142
2348 683 260341525
2495 683 289587093
3695 683 379984879
3315 683 652209878
754 683 755891383
4612 683 209728742
3746 683 305249916
3726 683 10458160
4559 683 326316777
4659 683 353280229
4697 683 833688998
892 683 566981375
4660 683 602089469
3924 683 606364802
3578 683 167393472
888 683 929922564
805 683 80176234
31 683 185521520
2796 683 417073028
1878 683 187990790
2706 683 19202378
784 683 724417701
4696 683 10284686
1954 683 582703948
4122 683 459859675
1911 683 674921694
4454 683 71303132
3422 683 74948645
3802 683 809594622
701 683 14798616
3347 683 656751956
4264 683 985442656
1991 683 920617403
2806 683 24954136
675 683 229441854
1240 683 329773012
1345 683 931928507
3323 683 200107492
2263 683 589727430
4343 683 114888154
3820 683 614774989
3460 683 958447688
3294 683 515670139
3764 683 184781
2563 683 652753505
4607 683 623669587
2018 683 251441875
2299 683 729059985
3245 683 626748944
4636 683 458940119
2272 683 376154789
1446 683 905029130
4159 683 431260178
1570 683 475553772
1285 683 692199341
4033 683 25914272
4671 683 144990150
4271 683 835261805
1607 683 568494347
3642 683 784364225
2550 683 955336238
3779 683 763416697
3179 683 77314500
1663 683 206609759
3948 683 66567280
870 683 446139123
2217 683 949789504
2546 683 168764014
4863 683 717823574
2483 683 2077187
1822 683 577096650
2547 683 7723111
3645 683 42596559
288 683 424970388
126 683 994965268
1071 683 602671560
227 683 254640236
3186 683 944032211
1749 683 404534960
1503 683 246912914
4335 683 498506723
68 683 571351478
4861 683 752006807
4011 683 988389322
2633 683 930478224
629 683 911121779
1019 683 863950758
4941 683 457545208
2897 683 407149295
4710 683 941691908
2493 683 229176349
3000 683 287527851
3419 683 489876259
2401 683 133638826
4930 683 33947166
4844 683 675742962
425 683 241795443
4681 683 963567463
2638 683 452061748
377 683 897538276
857 683 26788551
1387 683 16210818
3530 683 50969545
1471 683 371906586
3590 683 852652847
1365 683 567254535
2661 683 259333038
1702 683 893186352
3282 683 398178396
2764 683 610219589
2640 683 439950487
2658 683 963813703
3030 683 310723621
3758 683 912945742
1847 683 386594204
1268 683 641894022
3021 683 320524036
2716 683 157859194
1317 683 24186554
2981 683 192555668
3677 683 750072471
3042 683 361972964
4579 683 59962192
4875 683 325088032
4386 683 226867231
4370 683 905019883
1492 683 325212835
2625 683 68666458
2186 683 879299332
1649 683 663682739
350 683 911208026
700 683 674411383
3172 683 41332559
1699 683 862822562
2889 683 714843394
4907 683 96686896
3181 683 858267182
2884 683 412187363
3431 683 305311883
3458 683 309712963
4224 683 754434675
4700 683 463707366
4887 683 510398665
4295 683 464699889
3899 683 888179478
3949 683 790713054
4090 683 190246900
962 683 805408383
829 683 555961263
1116 683 664752193
135 683 840770856
2029 683 622037429
2665 683 463848700
3357 683 985255500
4430 683 194079974
2601 683 560858978
2780 683 991151969
4038 683 420911229
1124 683 253809041
1930 683 134509525
2142 683 571479395
2101 683 956889879
3140 683 573622770
3957 683 720091749
4828 683 406174252
2560 683 437306785
98 683 157247925
3883 683 956200939
2056 683 184228363
3952 683 102063463
2953 683 319730666
402 683 108940611
4256 683 848511217
3895 683 797552120
2106 683 834621316
1945 683 940908495
1856 683 742905588
1830 683 583608742
2254 683 72571869
2597 683 493677555
3125 683 174530255
341 683 650498569
2494 683 588508464
2288 683 358969754
4500 683 582707808
206 683 461396604
1461 683 913349406
3600 683 278069935
3940 683 853785385
2099 683 72760991
2119 683 854982954
807 683 42485669
4608 683 640522449
3424 683 363190995
3558 683 229037373
1577 683 704585712
3279 683 56277920
1423 683 820252865
3944 683 44963362
1654 683 330234506
3352 683 667916038
3551 683 551632852
3248 683 772347403
1595 683 792399983
4800 683 8772116
3313 683 754079162
4181 683 101291274
3052 683 478962465
1384 683 613688833
2526 683 453627110
933 683 716090777
514 683 400005412
412 683 383247014
3968 683 623004945
1322 683 83412755
4613 683 445113475
1748 683 596041987
3624 683 859380149
2655 683 909392440
2084 683 402214218
2787 683 942815160
4021 683 700061329
2094 683 222237101
4788 683 433704457
3082 683 594305932
1307 683 780808232
2654 683 516987002
4199 683 180179032
3927 683 79534570
4816 683 861847617
577 683 614837386
2549 683 109989709
674 683 495760223
4937 683 326926440
3401 683 368669998
2320 683 776352263
4474 683 640275998
4933 683 607472236
2581 683 740357018
1855 683 328268839
3307 683 769973372
2112 683 941777119
1209 683 739742055
35 683 19958866
991 683 30910323
1664 683 42870169
4555 683 255109904
1894 683 481702576
501 683 832208675
682 683 857813046
1065 683 219131509
4390 683 580250480
2987 683 582787405
4137 683 77661331
2086 683 324172634
4649 683 508247362
4895 683 951078359
2305 683 52167509
2161 683 938929129
2468 683 697475547
3257 683 771981642
898 683 222151266
4225 683 821814060
2600 683 545993845
1418 683 768285527
4922 683 381250917
3580 683 986826644
3837 683 867633228
3002 683 829327182
2891 683 663411278
894 683 606846325
4053 683 735537954
645 683 566427813
1754 683 643892176
4891 683 546946439
4405 683 338512315
3333 683 880095095
2752 683 281567714
512 683 720749415
3067 683 385602658
3727 683 734498562
4653 683 931521599
1884 683 56352787
3311 683 944635747
771 683 214600232
4673 683 312701669
2451 683 391066226
80 683 156813711
1052 683 675781615
1346 683 46626970
1277 683 154166218
953 683 953955515
2905 683 362791425
2160 683 695796578
3350 683 603567176
1940 683 591045696
3804 683 597231405
4719 683 295258890
4255 683 350482300
2432 683 892872061
1617 683 406293988
4567 683 254226337
3397 683 288362202
4548 683 890400848
2089 683 911653052
1419 683 770454521
1229 683 962439226
241 683 575318945
2471 683 389246193
1273 683 615160362
4135 683 483050584
4702 683 171695576
1246 683 559487711
3136 683 817433104
3297 683 423617364
4508 683 53327714
873 683 861609097
2141 683 846546888
1655 683 675361076
3784 683 622668079
2278 683 763991061
3680 683 506364983
3915 683 618050142
2933 683 374306615
1383 683 216221262
2007 683 521005955
800 683 756156446
2052 683 186809584
1970 683 265668897
4808 683 861694360
4190 683 865674022
4648 683 915519450
4243 683 270255648
3263 683 195331236
1815 683 17576456
2753 683 431722483
2772 683 68008706
4533 683 233976731
2737 683 487388606
1167 683 561824835
614 683 418838049
3972 683 309012147
4486 683 864570403
4752 683 907601746
2369 683 318255354
814 683 121781737
1919 683 831739000
2938 683 361863085
1597 683 8810161
2791 683 795367803
1993 683 219689440
837 683 878545509
4388 683 419421834
2684 683 195385964
4073 683 97556963
3928 683 909788047
2383 683 576183921
3390 683 256567556
3109 683 687673071
877 683 621824709
849 683 49735539
4575 683 835563341
938 683 773701842
3683 683 598718883
1844 683 957402179
2509 683 34674583
2701 683 200265026
1705 683 588151371
2145 683 554487222
469 683 788216564
4110 683 340268117
735 683 775482338
4870 683 49619783
3787 683 114071997
3420 683 974047497
4469 683 660870928
4639 683 804967316
1436 683 831179275
2289 683 327785917
1338 683 900024964
2264 683 62920414
2809 683 73197119
1204 683 307333302
2596 683 418760046
1616 683 536946573
48 683 89196410
2444 683 179330204
2726 683 958717955
1865 683 462686378
334 683 473804325
1587 683 938057466
3595 683 635217405
3365 683 423941220
659 683 140446315
2729 683 878891201
3989 683 363588888
4942 683 165132428
1766 683 673979578
2694 683 953000133
2559 683 807062422
4396 683 717850392
3863 683 720556102
2365 683 201874494
2500 683 22375612
352 683 688296099
4442 683 617933190
2843 683 672302409
3855 683 340112723
1264 683 152129259
611 683 764052661
4266 683 520069989
2686 683 558026792
4661 683 703384915
2037 683 533060690
4503 683 583960055
2591 683 985304204
17 683 370001247
4495 683 863967136
75 683 544515270
24 683 864845012
4291 683 982233914
4593 683 494351143
1212 683 374442623
4277 683 676181722
1406 683 423129651
836 683 656326449
441 683 909972786
4502 683 797283450
1230 683 595839291
38 683 658865230
3671 683 945734867
2182 683 613696022
3598 683 274258793
1670 683 976153552
2340 683 501459386
1189 683 716693267
289 683 614905974
3417 683 811913296
2637 683 398938915
727 683 486419034
2275 683 240615746
4043 683 442072103
320 683 864964527
2366 683 923466968
3507 683 751016013
4722 683 298522102
1582 683 924173793
214 683 626305022
2592 683 19628094
2727 683 207332639
3866 683 858248354
3861 683 518767681
3697 683 953402464
1294 683 417761353
1549 683 614568382
3194 683 559968667
565 683 717623072
3134 683 332511199
1640 683 193618021
4836 683 258997256
517 683 320720528
3463 683 909159058
1765 683 459520939
4574 683 512473610
1973 683 626111207
3404 683 770488275
2833 683 437132552
4940 683 463318822
1608 683 640780543
1263 683 940163674
4014 683 761317592
369 683 223567461
2813 683 339276502
117 683 61614242
4955 683 852180699
4094 683 723281108
2911 683 84834317
788 683 615871850
1389 683 627678903
4605 683 210621956
3562 683 91337324
3391 683 310565941
450 683 478657137
1771 683 325117066
1638 683 928300636
236 683 827651531
1161 683 182341880
3675 683 972626048
3752 683 934513515
2325 683 905551542
2001 683 556045466
2976 683 215723522
2585 683 758244044
118 683 130141638
1763 683 84488077
2767 683 411970482
1539 683 858928596
4774 683 417926286
4047 683 435837544
2172 683 261988149
2610 683 363967102
94 683 102900708
3116 683 747221671
2650 683 406169524
3875 683 739136488
2064 683 469744228
3229 683 267484458
4534 683 73774684
4775 683 795131092
4515 683 140482798
2022 683 501851830
1453 683 437482206
1139 683 473092136
1465 683 770818852
3870 683 981473394
1254 683 510515184
327 683 697018734
1211 683 350496749
926 683 612183660
3794 683 330957769
2629 683 833729877
3215 683 531301877
4834 683 870914066
2681 683 201972393
3191 683 633918510
1118 683 126768682
4591 683 592554681
2203 683 276453199
4298 683 696948848
4894 683 189524544
4538 683 30037018
4664 683 499326337
961 683 26638132
3903 683 146185518
855 683 59533520
4129 683 204110472
2108 683 544251577
1062 683 996479919
3731 683 282456795
1977 683 69305777
1010 683 80727265
1676 683 513614019
928 683 436337695
842 683 750599885
3217 683 993676722
2937 683 918490667
3201 683 318882022
1684 683 229956785
3821 683 929770455
1605 683 616959728
376 683 978502234
1149 683 11878327
4501 683 924915485
3760 683 697771484
2475 683 441791244
1645 683 995241532
3469 683 128083702
3035 683 400809983
2567 683 299769712
160 683 690051360
1163 683 891381497
2711 683 603495212
931 683 422242398
2355 683 204838473
4045 683 433371488
3992 683 728560249
1447 683 613323667
3520 683 9957152
2041 683 30523272
445 683 715197123
1297 683 826283566
1798 683 492091154
2219 683 742192245
2776 683 99501863
2927 683 961964851
3205 683 602108432
4213 683 450459467
1121 683 268732810
4288 683 159126539
506 683 744606479
4761 683 526460886
1820 683 240408339
3203 683 370322690
1851 683 268724361
1169 683 151470339
1600 683 833083563
2975 683 279179720
914 683 371764475
3943 683 905590117
3997 683 984209796
3552 683 240015857
387 683 889740645
2880 683 660495793
3521 683 834667919
1990 683 975734645
1868 683 186664397
705 683 816090946
3898 683 21301764
3144 683 415272752
2715 683 474133436
2201 683 541108373
3304 683 400536030
1679 683 796639075
2093 683 774803135
372 683 483143118
1864 683 291297372
2676 683 814797361
1205 683 218442983
4077 683 172244786
4127 683 603558274
4755 683 876033059
696 683 743313737
3221 683 923190699
2436 683 602275478
4850 683 956468901
42 683 950508671
1376 683 543579975
4382 683 58039459
4604 683 338380423
1687 683 546203430
3085 683 308778425
3737 683 747283705
488 683 406228092
218 683 802844766
1267 683 982359255
3444 683 886843307
3708 683 891179422
4805 683 46829133
2039 683 882507546
4924 683 891662351
893 683 105949672
4970 683 63133852
2335 683 655707681
3074 683 522458946
2950 683 916856507
2187 683 451559672
942 683 639684910
4712 683 929089186
109 683 864444762
3005 683 222504850
2515 683 621907879
4557 683 314273362
3515 683 437880173
3210 683 625851296
4455 683 951924630
1480 683 866727865
1258 683 163718530
1498 683 306146266
366 683 377713194
2091 683 113145859
355 683 346670983
2358 683 402853117
2408 683 107254836
1926 683 290824862
4610 683 605028690
1236 683 51398732
4230 683 451016363
314 683 712425919
4418 683 845584665
432 683 583345162
3540 683 131795752
1079 683 281042651
3522 683 204109818
1350 683 683127297
138 683 860917355
105 683 60438830
3016 683 470468724
3545 683 550168574
2589 683 715805908
3153 683 599815735
4153 683 889616108
4892 683 340798034
4616 683 469347050
3266 683 83178554
3037 683 442112042
333 683 223951443
1622 683 512759256
2136 683 326453437
4717 683 888715737
2249 683 776629977
4078 683 734134763
4313 683 82559243
2732 683 60750602
2958 683 374018753
803 683 115998997
2227 683 790008500
2150 683 12495025
4928 683 868527469
3782 683 943141229
1096 683 614354955
3292 683 128689191
1606 683 495432514
2907 683 798480813
3846 683 168580263
3973 683 579064230
1415 683 458710058
2782 683 559230387
4476 683 627678178
2259 683 318665936
1195 683 622508048
1713 683 883240704
4584 683 95958365
4580 683 765245737
2253 683 19568486
4487 683 145297724
4198 683 870161786
166 683 783668888
536 683 864005025
3079 683 243178160
4138 683 805688288
3065 683 670100970
3216 683 682652092
3823 683 816690378
924 683 50246651
1760 683 129182543
346 683 433492145
1330 683 754726045
1775 683 977495418
1996 683 98703579
973 683 818385923
2603 683 284690270
808 683 736019663
1335 683 983940358
162 683 70044216
1486 683 507384040
4691 683 890576818
1391 683 670876973
1915 683 567123799
1128 683 934320185
2481 683 643529631
3656 683 786085903
4493 683 993053038
545 683 6765043
4017 683 960712787
2947 683 697820752
4097 683 172610830
3227 683 672657116
440 683 211447379
1557 683 226295033
3326 683 739790797
3012 683 94803550
2224 683 601963877
1372 683 655164406
570 683 741394627
4257 683 619392263
284 683 689250068
148 683 750247575
2147 683 203619597
651 683 596085514
1295 683 499830576
1134 683 468808207
4333 683 838179918
2622 683 43197117
2871 683 11567180
1647 683 568026104
2745 683 821696297
232 683 566704409
1358 683 277930559
64 683 896456910
2913 683 386403784
3100 683 966067261
3542 683 444777123
2653 683 967213679
2577 683 577754200
3771 683 859635692
2292 683 90400089
745 683 648728225
3003 683 192409994
2537 683 260968458
885 683 264047875
2512 683 414657420
2341 683 533476628
2353 683 952943394
1768 683 249491337
641 683 303164476
3998 683 55143470
3934 683 991907043
3500 683 167625365
1610 683 433464096
3874 683 562813462
2158 683 315506846
571 683 42758167
4070 683 237432462
2885 683 251567244
368 683 98021834
1102 683 178856129
3733 683 892331325
3561 683 239864406
3716 683 34535553
4395 683 840883339
3430 683 654621897
2647 683 909874622
2345 683 140074496
139 683 312213296
985 683 11693106
475 683 703804175
1716 683 52481835
1569 683 46429360
3438 683 563557469
4176 683 132114203
4215 683 772869382
1289 683 290407372
4582 683 289885330
879 683 794374072
690 683 223887165
4935 683 630233741
2395 683 495699196
1166 683 292441150
3367 683 21718173
3529 683 782895806
2330 683 552887596
4852 683 599864331
4084 683 378597272
147 683 731922029
3719 683 440100503
43 683 521736447
1923 683 533568198
1437 683 737295982
473 683 172953363
4725 683 443876864
3770 683 706435934
4216 683 266810584
3594 683 178407262
3399 683 524015991
2977 683 281318337
1824 683 426152326
1603 683 586494871
1359 683 233140690
1651 683 939601904
4141 683 886398615
2449 683 15986627
466 683 158374400
3115 683 63391761
1914 683 683271406
4757 683 343316553
3650 683 369526264
882 683 209193710
2478 683 632736434
4377 683 690760310
4541 683 12338482
3849 683 28817525
1248 683 852927951
3757 683 359296250
4222 683 894852908
2402 683 441722937
3667 683 932468340
4397 683 641725545
1094 683 130127846
3527 683 634661359
597 683 791475604
1026 683 121352636
4290 683 663963750
1677 683 791462386
1872 683 134031717
4242 683 59268301
1027 683 672736566
2303 683 871674304
697 683 359424995
433 683 316996318
4093 683 966122209
1452 683 933819515
1110 683 226279246
1148 683 361769747
1643 683 141876345
2033 683 346375018
3086 683 29720743
4064 683 956721907
2392 683 947268628
618 683 767414901
2756 683 337627191
766 683 577850091
6 683 240549706
3490 683 877958827
3474 683 895130633
4665 683 196965579
1269 683 843744697
4609 683 994217664
1386 683 321640043
4219 683 408911943
876 683 913421697
3969 683 969291143
185 683 284387953
693 683 450136439
4345 683 188104649
1931 683 615317117
4072 683 650340466
2522 683 669741399
3412 683 146227512
4466 683 446389310
1332 683 292594825
2797 683 247643208
4031 683 592074364
3906 683 710760205
1326 683 872065813
3244 683 692653709
1913 683 10144967
4915 683 609081169
2276 683 5880121
1781 683 235441871
2103 683 122940492
3242 683 28539922
3111 683 127182173
4131 683 952131226
3190 683 497230535
2020 683 428603776
1256 683 553482155
1969 683 312771293
1656 683 594626546
4656 683 108158316
4504 683 691392147
880 683 408343150
2208 683 182999569
4672 683 83884493
1381 683 415930183
549 683 203492484
3557 683 71767655
840 683 815519549
1449 683 167364160
3081 683 27802939
1478 683 819664318
2718 683 371380602
1089 683 885386167
2982 683 263447572
3024 683 196632292
1091 683 575540709
652 683 966313516
4065 683 150652530
3687 683 993401128
818 683 18391046
2470 683 6785763
3219 683 38580765
3576 683 712868577
325 683 356711430
3673 683 185375330
1681 683 4667331
2107 683 734377959
2533 683 186444595
1196 683 190807285
2538 683 726163314
4585 683 886920728
2717 683 167051904
1242 683 185792298
3423 683 398222112
990 683 81514453
595 683 646919938
1909 683 780612181
3408 683 867970339
2279 683 19367042
269 683 935480436
2403 683 597900557
3538 683 593444537
2080 683 141511433
1869 683 612115892
3856 683 788373933
132 683 296352386
4641 683 797083736
3145 683 235273028
3836 683 980145364
777 683 841294080
1778 683 868293086
3204 683 619842506
3339 683 175774182
3087 683 477393182
2053 683 689917458
3958 683 993873552
3660 683 477283208
2294 683 386098854
1784 683 309381356
2014 683 934725636
3455 683 377119271
150 683 363981002
130 683 123188842
19 683 524613689
4294 683 31333490
426 683 152815260
4189 683 37989645
2149 683 433142117
4484 683 591124444
108 683 82235285
4050 683 60863577
3195 683 925185121
2564 683 290634523
607 683 579248658
2687 683 258188632
3805 683 112897324
1703 683 900376236
2765 683 5545426
2580 683 795484440
2185 683 102488936
3157 683 729628492
2198 683 329269882
397 683 227854120
3589 683 284940507
248 683 883100288
297 683 275709457
4130 683 842148383
1221 683 751621616
2594 683 310005518
3251 683 802395012
1692 683 5888022
1155 683 854577204
1708 683 496959874
1275 683 676130083
4723 683 287292712
1349 683 893297881
4059 683 876763306
275 683 568372002
795 683 344040953
1293 683 362622262
1426 683 817552922
3811 683 223305241
3709 683 406108716
525 683 263443780
917 683 17827497
4776 683 321835397
3509 683 906415852
711 683 862215203
4143 683 242895090
2257 683 104947268
3189 683 468812132
32 683 287296147
702 683 443096532
354 683 550175517
309 683 64503111
1738 683 300235131
2916 683 77406963
4918 683 138160950
591 683 218470217
4715 683 601510502
1377 683 815526197
4601 683 273461916
4650 683 668085155
427 683 516694529
1004 683 821650757
4963 683 54821055
4460 683 252419731
194 683 894002847
2378 683 328464403
4413 683 97769202
1517 683 778300634
3072 683 725713077
2284 683 593828689
1998 683 857488623
3513 683 332946492
1143 683 789693278
2631 683 14840312
983 683 171828562
3120 683 814152195
4144 683 363029207
1791 683 462768321
4157 683 118840345
2695 683 501916029
1686 683 759478532
2026 683 936925869
4845 683 291097386
4184 683 991181433
1531 683 497513450
66 683 728191870
3281 683 925598413
305 683 682744270
4200 683 411206195
3766 683 333271099
2133 683 978672686
3739 683 536114645
1989 683 751893421
2866 683 523686320
4688 683 884412380
710 683 633853674
1972 683 733543883
946 683 547593451
1283 683 546400333
943 683 893697518
1707 683 575822370
4371 683 742907329
4104 683 884923480
4049 683 526051016
2736 683 631315181
4913 683 247726919
3375 683 431136185
2480 683 696607455
1239 683 355840394
851 683 818695769
2510 683 652117392
184 683 547579810
899 683 221654267
2529 683 463205910
3232 683 509405922
4109 683 544449280
1546 683 835346022
303 683 867246689
797 683 438520599
328 683 58442736
932 683 254889878
958 683 767326818
1512 683 530538618
2673 683 30717163
2575 683 662371191
3289 683 316325123
462 683 261641405
4372 683 876460653
3013 683 995098781
4074 683 677895028
2024 683 676145010
3563 683 776561015
99 683 874533822
2821 683 758090152
4403 683 595512979
593 683 694161936
3504 683 234888755
4640 683 168334038
4391 683 61541114
691 683 467655103
1012 683 665899132
913 683 306964472
2847 683 288122090
2497 683 984529427
4785 683 431663289
688 683 896059471
2034 683 261065348
1816 683 864508700
998 683 553379633
4270 683 846116829
3913 683 266780243
2131 683 658652655
864 683 938795215
1862 683 578514921
1825 683 805176257
715 683 339312421
298 683 882745760
733 683 729811327
741 683 286207903
428 683 917933916
1041 683 395514710
2359 683 598608877
389 683 827414177
4173 683 793674677
1845 683 630083528
4896 683 958808392
4879 683 220517343
1673 683 885708372
3732 683 679473520
4106 683 980388581
4005 683 838002006
4898 683 131289828
707 683 890125803
4314 683 328906720
1136 683 23703653
4558 683 957470480
3664 683 270657661
3164 683 13479320
4784 683 940480081
3029 683 244446475
1458 683 443853450
2406 683 707771953
4535 683 998141121
679 683 180956169
838 683 261904414
4901 683 586940176
640 683 51172418
721 683 49393859
3519 683 905865830
2313 683 125767523
77 683 818662596
3614 683 936123384
3536 683 90373173
3330 683 208565911
474 683 572827675
4211 683 746382566
1450 683 378118272
379 683 106180832
4711 683 111118975
4179 683 534804437
374 683 582220002
3165 683 246360500
1262 683 738175756
2042 683 507659916
3300 683 434732057
1213 683 430660688
3723 683 725359683
3936 683 615957722
2262 683 764496519
3572 683 193749042
4306 683 98844295
2587 683 94680335
3597 683 960702642
3581 683 44544413
4505 683 894140065
3810 683 526376576
65 683 922931140
2582 683 804664856
28 683 914983485
2065 683 244709382
2731 683 879557643
4599 683 342811375
446 683 618234987
2352 683 817348223
2858 683 702163322
4236 683 121855920
1988 683 328715294
509 683 632705868
4969 683 198161447
3665 683 428636848
2104 683 360810672
3497 683 86903506
457 683 841299659
136 683 143006084
533 683 333446236
4302 683 964237561
1632 683 388035909
1584 683 211368840
4344 683 561278147
4283 683 742860720
1490 683 652899095
4958 683 772594779
790 683 738215272
1625 683 711853927
4061 683 485936615
4212 683 98933345
980 683 973001780
2095 683 819900819
4363 683 853319168
2490 683 492554048
986 683 974928882
3044 683 204933421
4451 683 815830734
3681 683 101431907
1340 683 829855444
3750 683 419233075
417 683 684092773
4938 683 568971642
2415 683 698764012
2910 683 226577702
3754 683 475162875
2759 683 308270328
4494 683 159930036
677 683 710043531
2552 683 821419882
131 683 532523156
3637 683 834658695
3631 683 2652266
1494 683 470717359
2059 683 598646217
1045 683 36870693
59 683 498814930
4483 683 345449582
2626 683 429575765
4611 683 576079667
2306 683 988985939
1675 683 729810027
3124 683 311512766
1888 683 644830649
3415 683 184236418
337 683 711147282
4704 683 832662728
254 683 691275170
1826 683 645565560
3287 683 414738160
3166 683 849057280
4633 683 666728511
3259 683 178219604
1813 683 294033975
2165 683 821610037
4140 683 96063172
615 683 115345076
2623 683 147667262
1085 683 261273593
858 683 511438538
2281 683 630671936
393 683 803292927
704 683 933671204
504 683 279178444
584 683 74214176
159 683 491036568
569 683 34557777
2543 683 600658602
2163 683 817478528
3396 683 625430218
250 683 350303840
4069 683 713340968
1331 683 789362707
3785 683 585629309
1228 683 902597362
4409 683 989457776
406 683 746158221
2707 683 394616122
2154 683 401171696
367 683 609998220
895 683 628216872
3141 683 57561775
2923 683 316180485
2109 683 877773037
2051 683 446830624
1076 683 669392943
447 683 643080735
743 683 507361255
2273 683 422721591
1351 683 826708783
1321 683 403751922
720 683 851803442
3174 683 835234098
3646 683 342994891
4329 683 513092469
1897 683 579637867
2641 683 681366873
4830 683 904606014
1493 683 763756130
1056 683 911508624
2636 683 461520123
386 683 321402989
2875 683 962028218
2290 683 409873544
3531 683 761241320
3047 683 921294429
2148 683 904643903
1780 683 983073689
2996 683 988768501
891 683 228316345
479 683 715132409
2096 683 549088752
4756 683 405506172
170 683 420058189
714 683 739860146
1473 683 924613917
4745 683 13197017
124 683 758260109
1417 683 979454842
1299 683 413090964
63 683 62309870
1394 683 170509071
1525 683 867211043
3084 683 875849773
658 683 669333151
3550 683 830507532
4227 683 580976581
2164 683 632048292
363 683 989240663
4427 683 447971555
4267 683 787756348
4544 683 438493722
85 683 50605698
4976 683 961334679
3117 683 362202533
4744 683 831456914
2823 683 846422289
2544 683 768855628
46 683 678526949
1620 683 410311797
660 683 499027705
523 683 554155981
2191 683 874727970
1976 683 620939022
716 683 270475188
2646 683 561160201
1422 683 315292231
2015 683 570145551
4943 683 992105150
3693 683 851658898
4133 683 169233028
896 683 138547979
4545 683 461173273
619 683 333603101
2798 683 175499724
4262 683 758120953
4037 683 561025737
4296 683 700840452
3010 683 977384022
2675 683 579680183
182 683 122037593
133 683 750217927
3715 683 697819165
609 683 68285317
233 683 17351253
546 683 882863750
3334 683 78170464
3222 683 365556358
4667 683 721038542
1131 683 374871177
2100 683 921839394
907 683 290332226
104 683 879204057
1511 683 902565561
1310 683 196496299
979 683 524089639
4551 683 162869776
3729 683 397023780
4606 683 395209989
4358 683 724404995
2851 683 479203855
1997 683 499633532
4868 683 319945088
1222 683 438278540
1992 683 61011192
2805 683 105315737
3517 683 188473390
4728 683 513438424
1468 683 909811184
2535 683 222150130
2513 683 804132199
2381 683 910630885
4182 683 568489376
2380 683 986131752
230 683 105568583
4477 683 270847762
2455 683 527743156
2944 683 988347772
2528 683 446024747
2388 683 614403748
3265 683 673523295
916 683 46176084
125 683 144497976
3306 683 474356035
3679 683 430252246
978 683 616564154
4786 683 909818068
2474 683 481263226
1101 683 392912848
4328 683 694213340
134 683 961037611
4091 683 778838330
2453 683 487240973
1947 683 466500749
4357 683 511792811
2980 683 756260951
1373 683 209549516
2476 683 69945539
3512 683 45657736
3097 683 435789065
4827 683 773775954
1776 683 836135959
60 683 54252857
2469 683 382435693
908 683 363763306
1176 683 717384264
1746 683 875396345
3942 683 645072130
1270 683 510012384
2719 683 150716600
1154 683 504972871
1324 683 59085101
631 683 210205189
3416 683 475625197
2205 683 906621030
1987 683 381779381
382 683 908381998
2400 683 19951890
3881 683 899212766
1627 683 525086023
4465 683 972200245
3343 683 182504051
3602 683 966008057
2651 683 326531571
2240 683 665660406
4707 683 104317444
3652 683 915433543
180 683 512313261
3893 683 90475987
4118 683 409603803
2445 683 714022682
2986 683 681549517
4096 683 400350769
3876 683 56119474
1892 683 704235531
3880 683 18713231
3978 683 945655801
4360 683 25668710
1456 683 364666227
353 683 1004948
2405 683 334314520
4120 683 296625786
2506 683 746478579
2841 683 88772704
405 683 768470015
55 683 81393045
1152 683 640934636
4444 683 463027674
2334 683 361192483
2017 683 215219967
2503 683 957622536
2118 683 216469454
351 683 57569406
2972 683 314858280
4018 683 508336815
188 683 62310766
1382 683 17186572
4706 683 597074466
3011 683 390625427
4085 683 475866573
4748 683 618730575
2532 683 725129250
4015 683 626134565
2728 683 253119075
4832 683 716397516
1115 683 843591683
3910 683 900280861
3864 683 664381324
3961 683 651047564
4334 683 69459906
4438 683 505756406
2389 683 189905160
4155 683 985321884
3615 683 169035523
556 683 373503855
3132 683 354782333
326 683 102703757
3176 683 963321739
2105 683 778564875
4253 683 454808048
201 683 957162484
2714 683 26684868
3844 683 613061266
2181 683 876104784
2876 683 993053163
3331 683 929492284
2220 683 318057614
3897 683 907013099
2955 683 731013263
1783 683 683358502
3354 683 782373839
518 683 922211575
4615 683 46853760
1066 683 473163479
454 683 174590439
3705 683 269988363
3038 683 800220516
2204 683 550594122
1053 683 83682735
4889 683 142589603
3857 683 266585699
144 683 531700893
1064 683 302686144
174 683 991540639
585 683 307737260
2856 683 860212370
2733 683 470259963
421 683 939004356
3626 683 401494511
3464 683 432634127
3055 683 167403778
2472 683 178601017
1459 683 730787554
543 683 984292766
2705 683 840784572
78 683 442043660
1370 683 337657789
1918 683 764593389
4113 683 915133141
2424 683 888005035
208 683 195861693
2368 683 281991503
1072 683 631662139
439 683 46942059
4527 683 810568868
4680 683 92577082
4779 683 348663970
280 683 679112197
2138 683 117356343
1341 683 170623943
2892 683 897177345
3567 683 149204500
1719 683 160262591
2942 683 81046326
238 683 147254291
2374 683 429625752
3623 683 274402185
4062 683 398338919
3202 683 730260695
1520 683 338565749
2241 683 849544806
2116 683 298512993
442 683 853226257
380 683 926074101
4051 683 80951596
561 683 316461774
3591 683 956216263
3329 683 900643906
2945 683 601805362
1068 683 925454461
1356 683 427409348
2079 683 629217005
1036 683 822625240
4128 683 794083040
2010 683 350474776
4401 683 922750314
197 683 868782845
5 683 346028940
2351 683 558971029
187 683 596774545
4645 683 700630407
4666 683 197549243
4350 683 901766228
3048 683 519702047
4792 683 422651615
4841 683 756284365
145 683 664860207
1476 683 353606451
4826 683 606612082
4040 683 666480066
2712 683 161781060
3985 683 404683985
1568 683 329670193
34 683 537013186
3226 683 966867320
178 683 277155426
3400 683 547696401
2488 683 863090069
2458 683 196957169
4857 683 260754482
4378 683 387197324
4311 683 405216299
224 683 267864475
2421 683 900542961
2442 683 636817951
196 683 453284374
2762 683 917464997
3428 683 502298931
4192 683 735062986
1033 683 806749707
3104 683 165042689
3267 683 586301424
503 683 682420371
2085 683 109722981
2973 683 391180775
296 683 69425924
4464 683 933095939
30 683 246204578
1037 683 197573714
1839 683 598329520
606 683 711105959
4939 683 948522468
2450 683 416389249
324 683 681042199
2863 683 89265552
3814 683 722246000
587 683 532452472
1190 683 410132162
4883 683 634180308
3543 683 78942258
2588 683 954980733
3467 683 363094301
484 683 486007819
2125 683 20813368
2708 683 446981787
2703 683 348615416
1723 683 402211794
415 683 898707251
231 683 503713570
495 683 60396806
2379 683 947798859
1164 683 950322937
756 683 713956133
1047 683 697427041
4467 683 874234011
1795 683 85180421
4337 683 469949946
1554 683 520323844
1495 683 396390251
617 683 358372853
1558 683 533351614
3160 683 297973840
1953 683 241635688
752 683 893329931
3560 683 898445518
4161 683 173318024
3293 683 618272964
1835 683 686872493
1910 683 742045775
1070 683 986001492
493 683 639799986
1104 683 252168934
534 683 634914472
137 683 595621186
3740 683 697160173
3475 683 743302882
542 683 751061251
4134 683 840109632
2066 683 877647666
778 683 369409654
4158 683 837277903
692 683 513545508
4565 683 300242881
3907 683 806274709
2578 683 412793408
2677 683 182691876
1774 683 283909600
2974 683 565587164
2899 683 618086606
4136 683 15493214
1158 683 188430168
330 683 445729799
2410 683 579520946
4758 683 604021841
4766 683 150434806
1 683 366194297
192 683 399145580
1537 683 804163170
4402 683 324066827
861 683 977388729
2473 683 470419264
1709 683 931899225
3440 683 96184557
4546 683 792116207
2702 683 494864819
3618 683 637520609
1431 683 765233012
1817 683 515699819
3676 683 919912211
1978 683 18674699
4622 683 690894461
3730 683 617471007
1168 683 455036653
2312 683 515314635
632 683 872874347
3148 683 679572256
3284 683 348577685
624 683 77035386
3840 683 355924641
762 683 130836521
3707 683 642625697
1309 683 731368274
3235 683 848148489
51 683 509602071
559 683 922670446
3036 683 574062325
2936 683 50336656
627 683 786904942
2459 683 45732250
3532 683 674138087
3692 683 465773991
594 683 39163602
388 683 534637960
1257 683 761742351
240 683 619899332
4658 683 347810191
2270 683 545368799
2144 683 633460794
3571 683 635421919
2168 683 26510099
4207 683 883910923
310 683 893496984
3979 683 755747317
2356 683 642704494
1995 683 757208507
3310 683 51273533
1137 683 197162633
1250 683 207141081
2570 683 249674081
263 683 279957665
4368 683 246968606
4840 683 279018028
3384 683 663807413
1633 683 457655841
4596 683 767396286
45 683 795625829
4888 683 821201970
2372 683 331459708
2713 683 80348790
2627 683 872126760
975 683 356148376
186 683 59930710
3583 683 668871639
1808 683 292403770
622 683 883116904
2130 683 324393656
3621 683 610268535
4573 683 400390661
1278 683 819866219
3071 683 584755598
3089 683 265297006
981 683 798432024
331 683 41728300
4518 683 749944360
2779 683 990118362
1353 683 885636516
1814 683 518012793
2912 683 369560505
483 683 97517915
2011 683 140234751
102 683 476148710
816 683 628643291
4244 683 392851351
1803 683 739700005
1666 683 251622473
273 683 178777354
3575 683 449670327
10 683 258002738
471 683 680868927
336 683 952650532
4847 683 753151720
1296 683 573948393
1156 683 977634214
200 683 489396719
4682 683 89084636
960 683 597095728
4815 683 326142753
3884 683 558470547
1634 683 540764230
567 683 33288594
114 683 954583192
300 683 316636956
4080 683 2394210
499 683 766957244
281 683 763734965
3984 683 538678521
191 683 418585706
2487 683 652188672
416 683 570793063
4003 683 471260544
995 683 960495650
1226 683 99959509
1843 683 720298339
3691 683 426339688
4116 683 389073485
3269 683 529283412
918 683 30549662
3829 683 604096589
486 683 463329077
2347 683 204244157
1031 683 546265044
3150 683 171558191
1438 683 831217447
1499 683 435408368
4491 683 41485573
2502 683 913622259
3489 683 582308084
2868 683 263580661
3040 683 569162482
3358 683 416478945
385 683 206093426
4564 683 182378100
2072 683 98646948
839 683 495503652
2909 683 530652921
3617 683 338327101
4046 683 574212838
4420 683 382259021
3654 683 755804135
2256 683 321720258
3565 683 995090630
4905 683 150047441
1564 683 47683868
4749 683 465085336
1967 683 968389656
2840 683 500417926
699 683 205527935
3108 683 945216250
1057 683 707028211
384 683 254943274
1880 683 620486007
3724 683 90545734
2173 683 838191409
4036 683 567881948
1061 683 138156914
1630 683 770670973
2874 683 7092467
1427 683 963339681
1943 683 408731233
583 683 467788487
146 683 903522076
129 683 319516896
1402 683 635153978
1087 683 102767853
956 683 547309009
3378 683 611256806
948 683 40405621
4361 683 879261662
223 683 63319295
3069 683 732553059
529 683 114051728
3670 683 851544362
3919 683 629430485
1961 683 462979564
4759 683 853779595
4699 683 987484298
2146 683 370513989
3587 683 374912631
116 683 380113261
4971 683 636410454
3860 683 290356104
2412 683 848997601
2213 683 56755133
1183 683 160506381
2999 683 578797719
290 683 696640107
1135 683 436344841
4521 683 860265169
3514 683 270994354
3470 683 670254649
1145 683 341888867
2539 683 797520360
937 683 14696925
3923 683 301060562
977 683 408030686
2135 683 523436860
2321 683 889168734
1581 683 483560867
3158 683 937706773
2700 683 478442460
1626 683 476351553
3421 683 467893116
1890 683 435391141
4760 683 725267065
3080 683 914606804
972 683 515844881
420 683 639128239
1921 683 635639786
4422 683 396371499
2583 683 688940154
3322 683 557022295
4364 683 635113896
112 683 777880733
4056 683 717545139
204 683 468002887
3735 683 71177811
3778 683 259110469
1500 683 591008285
1688 683 531728172
3690 683 95109163
792 683 256178050
4698 683 374267643
1590 683 19072056
1095 683 611330455
4512 683 683574647
267 683 446604790
1860 683 192024479
4479 683 343603106
1574 683 594207372
4552 683 900391066
968 683 434931994
2685 683 972836473
2111 683 90003179
1216 683 967021014
553 683 170596455
4369 683 212044270
2900 683 322115843
1430 683 257543808
452 683 789306310
2342 683 88961528
709 683 382426121
3023 683 230039503
4961 683 319110782
4374 683 94702385
4536 683 646763634
1160 683 25055199
910 683 76501846
889 683 726715734
787 683 749624955
1674 683 441126961
2699 683 307219228
11 683 758671307
786 683 241672353
2639 683 533673000
2071 683 924737314
4542 683 795422740
3639 683 174075945
610 683 377605516
3261 683 786275771
2260 683 548744285
370 683 684668825
4859 683 468082443
3197 683 215805123
3238 683 18321908
4119 683 210187581
541 683 304155315
2499 683 841475604
4630 683 950044617
276 683 490902435
1601 683 31338106
4441 683 846598162
4778 683 295984372
482 683 515352095
1201 683 966625974
950 683 368841248
2250 683 926549295
423 683 770873672
4433 683 856204453
3494 683 442554153
2590 683 863759192
3935 683 106962297
1142 683 777871591
1107 683 953146392
2137 683 169488369
3019 683 116208465
3506 683 313312255
2723 683 504695903
2611 683 757656480
4642 683 244467763
2110 683 526314197
3303 683 36226676
1560 683 89848239
3795 683 389371079
2744 683 936215350
563 683 369785424
1833 683 170239117
4652 683 245795703
4175 683 173811283
1253 683 78029294
4171 683 395232331
4241 683 641617139
887 683 149581630
307 683 204328914
3056 683 680628511
4012 683 235471022
3894 683 176848240
1238 683 778248575
1854 683 510704100
4336 683 275302750
1555 683 56134982
4324 683 244750848
3892 683 186074265
1550 683 215720319
2486 683 376718463
2783 683 144365152
1217 683 798963934
3593 683 73134545
2196 683 798813376
2465 683 637028914
2069 683 254351994
2811 683 75210710
2271 683 454914064
3584 683 487760906
1414 683 800939991
4165 683 393977429
1735 683 241709404
70 683 388213249
1416 683 686162564
3240 683 735139290
2960 683 131057396
3106 683 997891637
1853 683 789938
3155 683 803472691
4326 683 909261580
2815 683 764427078
4147 683 254181560
3744 683 170490356
358 683 355399740
4398 683 931268827
1265 683 210132368
4632 683 258326772
3389 683 406349825
4006 683 777933339
4849 683 644421975
4765 683 863871694
654 683 776265017
2207 683 20930612
708 683 928506064
548 683 173662817
2644 683 475671211
2246 683 664317144
544 683 579228386
3256 683 119984977
3285 683 684137853
107 683 713237691
2845 683 788432662
2551 683 159670403
1678 683 968389052
3058 683 212289046
538 683 249725978
576 683 884000933
1063 683 566043352
605 683 912370471
1093 683 420641856
1425 683 303816356
2505 683 881418788
4240 683 770956463
4750 683 865860607
1635 683 572079155
4075 683 617761114
4439 683 358501490
1806 683 194986097
1701 683 647427659
3825 683 85650710
1514 683 837119419
4481 683 325942740
3224 683 180644773
4925 683 82060630
1614 683 11495381
3260 683 272907274
4890 683 442192706
2229 683 423904768
3526 683 844974227
1088 683 255529240
1192 683 104334052
3625 683 108807516
2962 683 100311753
3797 683 53068202
2393 683 905569170
4977 683 632705174
4733 683 816141008
2492 683 293419918
3258 683 498686488
862 683 39772734
1974 683 345530630
3953 683 687370804
3596 683 673792900
3142 683 762770119
1786 683 192293452
3443 683 150875445
2055 683 456589226
498 683 87873291
1529 683 608742022
1457 683 292481225
4431 683 825738145
2799 683 301288133
1773 683 671606559
3712 683 419475023
1536 683 111443012
3518 683 799676181
3246 683 137569154
3349 683 107180745
4407 683 204499635
734 683 240341760
3728 683 246277538
3388 683 4420957
4278 683 105380559
2802 683 161202158
3385 683 211105907
1185 683 474340821
181 683 520350657
828 683 311738410
237 683 663363182
4425 683 522965792
1015 683 287853683
2616 683 142026598
3113 683 865876497
261 683 228340687
4039 683 873694741
3073 683 539486516
1435 683 790880349
1378 683 850899608
1734 683 936189594
1443 683 531069838
1099 683 289839446
3236 683 911203031
3960 683 272043320
1618 683 983995214
3277 683 93068935
4375 683 235100936
4308 683 230527212
3063 683 54625463
87 683 587138427
966 683 459405646
3977 683 163476212
3800 683 794590698
1938 683 595222597
686 683 132494320
2354 683 111784787
1432 683 660764018
434 683 828340729
987 683 306795478
4532 683 939669328
410 683 974109881
4020 683 335272240
2785 683 400400656
901 683 506622455
1877 683 939221648
4471 683 641142920
3175 683 751658319
3088 683 768977558
4809 683 79112107
1792 683 264662306
3815 683 777196650
2177 683 294197569
316 683 312102691
414 683 464773411
4029 683 739734235
2642 683 693694288
3118 683 5172466
143 683 790018099
4234 683 193565760
2462 683 691390428
3745 683 64190074
4315 683 669731841
2514 683 393331674
2157 683 386001477
4674 683 871421183
3041 683 230299836
4239 683 830394129
3255 683 862720174
2427 683 492973096
3364 683 39121819
1566 683 80985582
581 683 939667583
1315 683 738589314
4663 683 228185943
2087 683 627781023
356 683 432247523
884 683 851915773
4709 683 38275244
3950 683 187868406
866 683 815383880
1984 683 263597165
2083 683 891712220
4459 683 159710955
4331 683 830832609
3828 683 923520522
4878 683 297509419
3873 683 732718870
1893 683 185748007
1507 683 926148592
2740 683 131275876
2606 683 702105653
4042 683 798699860
2920 683 898454688
4627 683 559364946
2879 683 986091180
3395 683 144585958
765 683 916191869
2852 683 624243016
4387 683 293973248
4689 683 952577314
291 683 344574032
4376 683 694147482
3503 683 28975195
522 683 72697743
600 683 420138949
2000 683 325397793
1933 683 705582860
2557 683 574062455
306 683 105678828
3748 683 974250172
2322 683 120660740
1206 683 704283753
982 683 116924856
1467 683 771702729
2812 683 692153433
1857 683 569152186
3714 683 492958851
3832 683 612994736
2967 683 328628678
1818 683 763402239
3231 683 375652488
453 683 529255768
3454 683 582552361
221 683 289790356
799 683 171784040
292 683 828996016
2384 683 385745413
630 683 710195992
2747 683 106878118
2810 683 910677544
1695 683 904811518
2624 683 380997359
1301 683 731644971
676 683 73899061
3187 683 329972063
323 683 920605887
1887 683 77463746
2222 683 956213968
1652 683 661664663
1737 683 898486771
3147 683 631192733
3271 683 151179512
1442 683 674338231
27 683 62861371
1838 683 858310094
2457 683 511201323
3749 683 790095094
1439 683 46578698
3831 683 727609039
2836 683 630379249
4793 683 151403821
3962 683 357216535
1305 683 39814395
2842 683 570035538
4019 683 42677084
1659 683 655940828
3270 683 648089874
1598 683 600523610
1522 683 138190883
1029 683 871818010
3964 683 840683961
4105 683 145040284
1644 683 195601481
1802 683 835938899
3286 683 454920184
695 683 666916780
1420 683 76056377
3605 683 676740687
4583 683 304758202
1348 683 181076132
4083 683 133324672
2613 683 174537368
2307 683 743812176
623 683 806652320
1232 683 994232145
2924 683 565873405
3214 683 29207278
1870 683 159630914
2722 683 505891585
1014 683 318815251
510 683 595352365
1979 683 491378990
1233 683 816647563
1932 683 645652399
22 683 397869960
1038 683 670099599
3151 683 585156876
172 683 503701869
2630 683 738263007
282 683 262124177
4835 683 96468808
151 683 965504300
3480 683 205591030
3710 683 353378788
321 683 725155876
3413 683 911086480
1111 683 278664695
4537 683 914936896
1593 683 942942250
4169 683 34360959
3819 683 874772716
2035 683 61586139
3659 683 808209160
2957 683 328996773
4354 683 323568966
1542 683 784032500
550 683 572855313
2134 683 134772976
1023 683 611899225
2418 683 358857292
2545 683 557199546
4690 683 77972244
4087 683 685319645
2698 683 863335848
3448 683 44838686
3630 683 228657159
847 683 213224047
3014 683 857217360
806 683 87991419
3485 683 741492102
1339 683 379938318
3168 683 863508883
2898 683 241202611
2215 683 169766287
198 683 755912606
3075 683 856535873
934 683 939239372
4443 683 101481701
1067 683 945186408
7 683 168024111
4082 683 320512624
2828 683 621914000
2672 683 939563160
3775 683 171271095
3496 683 750741614
2746 683 101067610
1078 683 155463614
2848 683 887798581
1215 683 837883959
4303 683 73568850
1488 683 145960782
205 683 335501963
4603 683 646828641
1533 683 611294029
304 683 147841312
3149 683 63540894
2864 683 72523816
3156 683 226995296
2565 683 865114608
1744 683 647725014
3409 683 997892584
507 683 600769383
4139 683 410171871
3196 683 565407394
4149 683 964708772
1191 683 542151810
2216 683 425540336
1162 683 850137586
3366 683 620447618
2245 683 206826130
3060 683 833241484
4030 683 188968379
1739 683 79096909
992 683 392505793
4739 683 128811774
3249 683 244041079
4904 683 81646066
1501 683 823556599
4781 683 658734072
1905 683 199100578
3773 683 370744323
656 683 89586533
2027 683 703129869
3426 683 724817214
2895 683 116456503
1639 683 88610558
190 683 100196148
935 683 296530512
3103 683 759504616
1999 683 970451705
4232 683 838170187
519 683 825897568
1859 683 626721683
4804 683 982914385
3559 683 510595986
3891 683 311716349
3301 683 452749148
4309 683 951887429
8 683 707538476
468 683 418747447
3721 683 959653255
4631 683 888427224
3101 683 359398306
3850 683 562784547
1646 683 634615808
4473 683 459587922
4962 683 636097631
4284 683 345685083
1965 683 541485012
3243 683 151956925
3386 683 527252532
3632 683 515452795
2122 683 320750518
1841 683 709231720
3472 683 327358166
4429 683 368066725
3547 683 995614331
3505 683 176388712
266 683 973614171
1827 683 853724926
1837 683 355868574
1753 683 480558610
3445 683 923912641
396 683 373063983
2006 683 230399933
1058 683 504502659
3291 683 689169255
3528 683 271451621
4389 683 487780122
4035 683 491257112
4393 683 881939858
3447 683 499693649
444 683 359598106
1489 683 490098166
3268 683 224871146
1484 683 11583144
832 683 84254153
2282 683 530729603
2363 683 546794746
2336 683 587718820
4705 683 983401045
793 683 984831211
2300 683 34553011
4218 683 731680769
1613 683 189524879
153 683 331890076
2643 683 580034793
4258 683 121337601
4721 683 136263533
770 683 575849418
4807 683 900949717
3427 683 190437097
3702 683 693529226
3743 683 561332716
3228 683 976662161
4027 683 490113153
295 683 218867365
4783 683 990918717
1003 683 860455327
4929 683 424418456
202 683 576407838
4440 683 526355260
804 683 756654947
1008 683 68673662
1936 683 802812796
3554 683 707189292
4872 683 6410148
3678 683 819133065
3341 683 982663657
142 683 489007509
4092 683 204246799
1497 683 869233296
3909 683 592866740
3321 683 929558977
2153 683 663684020
268 683 670097523
1086 683 718465998
3220 683 872874303
718 683 71034247
1752 683 698110097
1671 683 891498830
886 683 831063908
1410 683 800349408
217 683 836569167
4478 683 373866477
4145 683 755332293
79 683 984878843
3653 683 207540888
2235 683 425406603
4180 683 164902335
2946 683 153528953
3410 683 773586520
2143 683 221448616
3796 683 36162799
4949 683 594275294
4624 683 572392704
4383 683 764281835
4590 683 26042298
4316 683 935211025
4066 683 356346629
2361 683 232376479
2877 683 621766
4773 683 667826398
1513 683 393685089
4960 683 575358513
2461 683 622240895
4562 683 871122295
2814 683 165864209
831 683 499325107
1035 683 166518163
3482 683 212429039
2283 683 992689045
794 683 325440092
1237 683 767035766
4643 683 333277886
211 683 882180467
1662 683 473886214
3031 683 534429407
4965 683 970785600
4511 683 793920435
1842 683 197603759
1355 683 835538505
1955 683 375650357
1025 683 1556324
4170 683 114774264
3327 683 205920371
2419 683 43395907
586 683 330188822
1747 683 978884521
41 683 108598497
1388 683 831593071
1421 683 359111775
4741 683 409272363
1724 683 631993432
1274 683 914303656
1077 683 197737047
357 683 459572236
4797 683 842126694
4468 683 688892988
3768 683 381659675
149 683 295840383
1113 683 188514008
1119 683 545567585
3633 683 998088781
4798 683 586424025
62 683 859112001
3824 683 426870958
3668 683 193695378
343 683 249367317
4880 683 966924922
3937 683 187351967
3479 683 23667731
4881 683 790189137
4202 683 168319516
500 683 1103124
375 683 501558781
2496 683 860108111
4346 683 412491272
1712 683 990103506
50 683 126071297
4683 683 5753077
3234 683 617817568
1750 683 528070400
220 683 840628948
906 683 364050125
2315 683 318181515
2860 683 460711596
2081 683 622859440
4876 683 632341382
736 683 558259381
3688 683 157364804
1060 683 14164433
96 683 220147057
3355 683 784719180
1159 683 514368797
193 683 784789242
2721 683 956608773
951 683 639432708
1732 683 58117360
2269 683 910015469
984 683 180290395
2807 683 821842388
3566 683 618395736
574 683 487602166
4162 683 837443762
1408 683 651470199
2855 683 55478101
2896 683 894722657
2019 683 655769836
3686 683 798152684
89 683 389263819
2211 683 249988351
2989 683 224403472
1596 683 900265719
2044 683 40251396
3938 683 593414310
1796 683 981861062
3119 683 328731037
2786 683 55614250
4909 683 373234094
845 683 375505118
1108 683 158382252
1399 683 626377678
265 683 98629748
4550 683 894124489
4514 683 973327665
4592 683 132556388
2628 683 553300954
2554 683 46802718
2431 683 401979647
1040 683 646050756
2120 683 622576069
1364 683 834272023
1440 683 762712879
2238 683 720312235
1680 683 799840670
2886 683 265178385
2280 683 983058074
1660 683 872808760
342 683 221361362
1316 683 946675216
3439 683 763933793
1396 683 156680047
169 683 980792658
2434 683 529254712
2170 683 992909926
1184 683 564781497
3137 683 176064532
3641 683 768717397
4770 683 781279184
2969 683 571951202
242 683 523063184
859 683 155567188
2287 683 459431819
2612 683 519156506
2008 683 623920707
2943 683 820738504
4708 683 718865605
3698 683 117310837
1883 683 372180783
878 683 238946150
4089 683 320083827
657 683 270097771
2166 683 638249561
2609 683 842084489
3781 683 860427978
1198 683 937239000
339 683 453103946
3905 683 402782638
2652 683 252451782
4838 683 391426813
905 683 862280591
2301 683 417111289
1850 683 475623334
2430 683 484873469
2350 683 261745465
111 683 255850671
2233 683 995675757
730 683 110016097
949 683 981981022
1347 683 903080378
2918 683 557695331
3230 683 423807637
3213 683 679027350
2326 683 11883560
1505 683 53049235
74 683 874179177
256 683 13498238
2893 683 795166636
277 683 864080459
4780 683 405254288
2155 683 501463353
4952 683 792068124
3152 683 714295198
91 683 957716004
4081 683 683059178
2152 683 711382001
408 683 417629413
1804 683 727208224
1685 683 266350907
4 683 166070474
3262 683 685219642
315 683 400109797
1882 683 210926809
40 683 648761321
141 683 791273979
4154 683 225141430
947 683 369376501
649 683 90512564
4112 683 362664781
3066 683 38708795
4428 683 548834500
3320 683 458898741
2824 683 832750231
2755 683 418588674
1669 683 878521600
1946 683 169908379
2261 683 930108674
3523 683 252808185
592 683 666034278
3613 683 556044727
2904 683 188359680
1745 683 87538678
1524 683 846253622
2121 683 145569152
293 683 811658178
1151 683 108837423
128 683 599248566
3995 683 611807119
3211 683 431854016
3694 683 472313794
2663 683 444054959
3929 683 744200868
429 683 586860342
1397 683 529312558
4307 683 664603886
2983 683 102935839
1287 683 81759137
2255 683 188274904
199 683 57799365
2696 683 566913415
3129 683 400354629
3009 683 709228424
3790 683 214211207
1881 683 914576647
1982 683 885702058
785 683 93955305
101 683 895831311
989 683 320308716
1251 683 331810331
4742 683 625833996
448 683 379154234
490 683 642808872
1193 683 256154150
653 683 410323941
2775 683 393750120
1559 683 507546066
1563 683 273284638
555 683 636775885
2178 683 221333247
1374 683 978102692
3765 683 738991516
3916 683 861589502
2452 683 585153256
521 683 32301436
2298 683 892769274
1580 683 597349914
3777 683 205624336
4842 683 503212251
301 683 578886871
4597 683 802001829
1624 683 408059624
3051 683 34476393
1030 683 548272278
4353 683 862478982
1203 683 654654694
2021 683 570944367
4168 683 267720926
602 683 265374602
3362 683 300655362
4457 683 187021403
3822 683 338944795
4946 683 77136609
2180 683 36782650
1429 683 344921920
3669 683 729693948
4917 683 579704991
1472 683 972348942
1621 683 406346579
2621 683 912959219
976 683 558363964
1619 683 626953476
1123 683 706789999
3043 683 447809720
311 683 479095317
2990 683 855914789
726 683 77648786
4188 683 739561414
4060 683 931859433
329 683 214163070
4855 683 802602846
4654 683 65795549
4480 683 281543516
912 683 73372577
1799 683 831362201
2223 683 692187006
4966 683 713852279
1312 683 560006689
1611 683 674261677
4743 683 949112434
4088 683 548062758
1300 683 265344793
4730 683 240534056
3171 683 357222468
4837 683 265100473
3666 683 522785190
746 683 641174845
157 683 365648578
2854 683 106865251
3308 683 699211112
1022 683 546747970
2 683 880036992
360 683 335549630
3535 683 447091973
4787 683 573386288
57 683 376873300
1200 683 842120262
49 683 740073639
1561 683 479153446
1352 683 276866267
4644 683 335425753
3761 683 518219897
1395 683 426995431
1661 683 149752563
4899 683 2634813
1428 683 541549357
856 683 802131799
3414 683 475528767
2734 683 910500506
404 683 939240057
783 683 929704705
2617 683 52575910
4124 683 548696828
3457 683 2746261
1562 683 822737812
1329 683 233207764
869 683 731273682
2073 683 307391934
3371 683 498107489
560 683 871081912
748 683 558776690
1109 683 169013943
941 683 556443871
904 683 158396676
461 683 324208787
3908 683 793339715
757 683 38599464
919 683 520701361
4886 683 235415249
2523 683 196634028
3122 683 981777017
3068 683 479391096
1594 683 232312108
1171 683 601475647
2188 683 437253558
2184 683 908248153
4525 683 670574217
2865 683 137100750
2003 683 251081699
4968 683 606555928
4424 683 561530416
4322 683 408835116
2789 683 169114796
819 683 443632059
3682 683 333130828
844 683 207677109
2438 683 43090142
4163 683 448581134
1011 683 761304174
2817 683 166794435
1502 683 243476204
2428 683 82994207
3753 683 593323019
1214 683 480908858
2525 683 368892779
4254 683 764401346
4000 683 386608377
4686 683 362018301
3610 683 261505430
2310 683 865119245
725 683 268534262
552 683 823081590
2437 683 361397706
4125 683 21980637
1227 683 713918753
1950 683 514055698
3369 683 816958987
1958 683 830675536
4873 683 519400063
1133 683 988076995
2128 683 679558782
4799 683 275214921
3877 683 582127735
3871 683 273554300
3062 683 495090157
3636 683 580485616
2800 683 338203222
2558 683 530920121
4095 683 345165382
719 683 425599279
2232 683 303115468
2441 683 609281780
2230 683 660704540
684 683 548891702
3586 683 653647470
4249 683 218783793
3025 683 263265828
1477 683 34350071
2839 683 255865906
1985 683 712765299
1935 683 719848378
1968 683 748862122
2286 683 250293749
2830 683 651324740
4843 683 195196762
3402 683 482163787
2869 683 845801720
940 683 279837233
1704 683 534476839
608 683 320706839
4791 683 85938271
4556 683 842277196
2440 683 463910247
3920 683 965889555
3801 683 683081137
1615 683 210708137
4380 683 792966404
665 683 354231173
2784 683 333871451
4735 683 40280545
2825 683 742086669
1225 683 992223609
1846 683 760059181
4866 683 254681234
1523 683 257796915
4746 683 488801853
4102 683 525426907
4472 683 986196188
3700 683 992998220
93 683 699808997
4204 683 686513789
1829 683 106309093
4123 683 463958484
4458 683 95017416
4912 683 825947919
4338 683 223540310
1252 683 540428647
1742 683 700593920
1059 683 479035122
753 683 701771485
270 683 51237448
3663 683 217363694
285 683 163719273
322 683 125086377
4279 683 69141214
3319 683 13459637
1393 683 344624157
2009 683 779689969
516 683 560358961
2200 683 912489658
4724 683 515507610
776 683 504167533
3970 683 52845169
3185 683 647797546
2579 683 241715664
729 683 280076251
1082 683 355764080
1809 683 597888628
3951 683 294554514
1303 683 358015612
3793 683 490099491
140 683 88584651
639 683 200404506
662 683 828243348
219 683 436946980
4967 683 736477093
3807 683 981365635
2902 683 873495533
4810 683 305286195
4114 683 604275262
4301 683 694303566
2645 683 835468372
4720 683 128617136
1959 683 991881750
2534 683 206743262
4908 683 685775899
1535 683 835937571
1928 683 396468335
2635 683 236493819
1100 683 211683222
1949 683 759300021
399 683 671064528
1983 683 550386003
3833 683 778223262
1380 683 673439668
2242 683 602159237
2720 683 987651316
1586 683 280108817
2012 683 817310227
3539 683 274815260
4247 683 214444244
3601 683 246031695
3466 683 624309735
4172 683 124739817
853 683 76987721
728 683 703214783
4406 683 362860267
1980 683 872438403
4526 683 456034705
1668 683 363708488
4214 683 227775997
1697 683 339819589
3851 683 356573772
3556 683 523652312
120 683 637212575
2997 683 450156750
2542 683 439165437
4507 683 49385441
3407 683 29517431
3274 683 197664641
2584 683 826008972
2620 683 74964439
1920 683 835306959
3398 683 896837894
3901 683 641359046
3510 683 269392563
1711 683 187109909
1020 683 997017031
1757 683 314833116
4485 683 697634419
1034 683 931288412
1186 683 370132596
4520 683 75285216
1797 683 773156247
717 683 562734554
1544 683 5909631
2648 683 229376587
3192 683 981518758
3629 683 303096424
4007 683 49180833
4657 683 172367226
3971 683 430104999
158 683 395707653
3541 683 828818771
1693 683 737549868
2760 683 273787048
3603 683 316407123
2970 683 47719766
3173 683 313288198
731 683 409169979
1175 683 95465240
4488 683 262490668
67 683 483579663
4499 683 813945076
801 683 354386111
2343 683 734489756
36 683 721581620
3921 683 860653292
813 683 791688149
2344 683 255092530
769 683 913618373
1821 683 908195393
3178 683 45871500
4737 683 503513788
3383 683 429578230
4768 683 276280212
1547 683 258134843
4614 683 902324942
4305 683 864393567
2769 683 824667273
1532 683 513814235
3751 683 37176383
2730 683 997010813
3886 683 754816586
1000 683 696505740
3564 683 10174378
110 683 794959663
3854 683 490032645
772 683 345030158
596 683 148979182
2304 683 159472953
2961 683 17680745
9 683 555827528
2835 683 15462574
3684 683 896740548
830 683 498827565
3363 683 943154373
1665 683 739686098
1120 683 199118812
3429 683 457045386
4197 683 454577970
628 683 311152900
1243 683 582161393
2206 683 246635708
1474 683 993234146
1726 683 617210420
2004 683 432326742
4359 683 644768132
4523 683 588909642
1018 683 358743061
3094 683 667779781
2328 683 2458537
681 683 106903685
970 683 845005213
723 683 151459290
3441 683 576227442
1575 683 933158864
860 683 525631369
3356 683 651292051
2439 683 678976301
4381 683 517014031
2774 683 511520983
4463 683 799900630
4024 683 188869036
3131 683 79052615
2169 683 177403721
1470 683 228999915
520 683 810863811
3154 683 614925346
4734 683 660538857
527 683 752148990
470 683 899857099
2573 683 449178734
3809 683 220857216
1510 683 772181407
2818 683 996058146
2562 683 187016094
1173 683 538546461
1528 683 821314113
1231 683 783088553
781 683 297234247
3813 683 815108244
3549 683 81288894
3577 683 902202180
764 683 823041956
572 683 858294524
4923 683 889010897
1454 683 6447710
1789 683 611175443
758 683 567105328
4259 683 12282266
954 683 901241442
575 683 614995862
511 683 274484303
2285 683 876402718
671 683 811177795
4777 683 580056403
56 683 746631741
2179 683 134351813
4954 683 11663349
875 683 704693013
1114 683 985857056
4394 683 102191322
4470 683 746750193
689 683 695758792
779 683 98327779
3912 683 847913743
3138 683 553638069
868 683 313351680
4813 683 48881078
4185 683 631652342
664 683 609152066
1290 683 939517043
923 683 332069516
1247 683 965745545
4008 683 471048092
2329 683 943329402
848 683 168183451
3674 683 198839970
1288 683 955909710
3049 683 956622997
3492 683 701415136
2070 683 510969220
554 683 449042403
4772 683 707097828
2571 683 89148568
2995 683 777264720
1770 683 96854638
4160 683 1220014
173 683 62992328
1548 683 396986769
3001 683 802809603
1589 683 145509854
2308 683 566319543
1069 683 485721777
4566 683 737335868
1083 683 723008385
601 683 812981103
3918 683 847010945
1235 683 766381237
598 683 687149129
4400 683 290334271
481 683 732855221
1219 683 822453135
796 683 694376461
4289 683 421671483
3126 683 489781094
487 683 116138737
465 683 911096135
2391 683 109783226
1292 683 228658062
4634 683 626810498
1054 683 513557908
1170 683 415111383
4839 683 55384463
3612 683 96217073
249 683 855279160
2511 683 601727474
4576 683 712266413
81 683 936881518
4677 683 222042263
2593 683 557343788
4578 683 434816143
1245 683 186095150
1565 683 674336957
3657 683 963274990
4423 683 566599618
4312 683 611844842
821 683 237602775
1313 683 523059042
1541 683 904300086
3233 683 441612896
443 683 847603896
4497 683 904658680
3290 683 687104959
824 683 772246993
687 683 767465045
4921 683 508649955
823 683 586796693
1700 683 671038849
1787 683 133577801
850 683 866027418
508 683 114427860
3925 683 107476795
4685 683 955082066
4882 683 511067991
47 683 863466493
1812 683 446788298
1401 683 372333522
3299 683 564374171
1336 683 695837555
1509 683 645149825
3762 683 735583311
255 683 125621160
2291 683 389918463
4022 683 167369652
2399 683 757102579
3336 683 149748742
294 683 742877261
3990 683 598410557
833 683 292737804
3478 683 118162687
4569 683 292588141
3182 683 15360504
1506 683 171787661
2236 683 480635426
438 683 840108626
2670 683 650819911
3353 683 595336076
3574 683 230821315
900 683 149210454
4001 683 96436622
2139 683 174962114
4461 683 205583225
1710 683 811583412
2057 683 124623544
2423 683 126989326
4600 683 394494624
945 683 56008973
578 683 744186032
3842 683 925243378
463 683 602398421
2357 683 842637540
3096 683 12397545
2926 683 512928020
854 683 520088701
4547 683 571192610
411 683 157001687
12 683 244400575
1879 683 258764093
2338 683 874219666
2768 683 670424436
2656 683 121027935
2417 683 571408003
3061 683 112766822
4732 683 545829820
936 683 503300361
1074 683 443167740
2048 683 672276912
2327 683 51635761
3722 683 795013104
2331 683 320100380
4957 683 960876010
243 683 611379543
3451 683 346563057
775 683 177698969
1055 683 550829935
2850 683 348776761
1144 683 168852488
1320 683 145941232
2691 683 885619967
3808 683 644937186
3983 683 935895257
2935 683 754919135
2267 683 763789119
1298 683 256479717
2214 683 174048040
1896 683 81636073
3713 683 280581943
437 683 688789718
2569 683 238690401
1553 683 585341654
863 683 333529810
2680 683 553844687
841 683 18618641
3377 683 212634671
1819 683 512980833
1714 683 260664300
21 683 135254378
4238 683 614268614
1691 683 502728729
2790 683 631417551
2060 683 62345155
1433 683 512406316
4568 683 99818640
3965 683 478328605
3502 683 20990742
25 683 424986938
3627 683 884497220
3981 683 272174334
4103 683 97896321
3361 683 395738761
2761 683 320013332
1126 683 678693537
4366 683 266837189
3524 683 803396345
2941 683 829319364
3112 683 10915510
3922 683 387972810
4419 683 380809006
2619 683 860725118
3780 683 301285618
883 683 902751257
3508 683 148926222
3212 683 510197068
4944 683 839946382
431 683 923787360
119 683 600587332
3635 683 393795743
3206 683 574522057
2058 683 756488434
1220 683 928310464
207 683 39921099
2132 683 225089889
535 683 722054980
3696 683 45728565
4948 683 431968648
902 683 10877214
3059 683 682099058
3199 683 351601050
2598 683 611150707
759 683 807649864
3946 683 249152696
183 683 266842538
1794 683 891647627
644 683 76148523
3976 683 850683896
996 683 391674212
1836 683 173909940
4581 683 965128346
3966 683 468780090
3123 683 476775307
1916 683 635659319
993 683 605012586
1981 683 952080680
335 683 420000806
1698 683 415505984
239 683 423164914
2527 683 59428238
4071 683 6738689
2482 683 713844575
3102 683 78033041
1081 683 882274784
1177 683 187945003
3788 683 707220744
3360 683 877255720
2050 683 580905140
637 683 542919287
2704 683 883736339
3885 683 357299100
2530 683 818545987
4651 683 782820347
740 683 3320380
2660 683 502170966
4287 683 924723693
2466 683 669882515
1755 683 634730660
3045 683 359226306
4871 683 169778866
825 683 493711967
2049 683 358859342
4588 683 842448851
2498 683 504900537
4265 683 532129344
1667 683 638515619
997 683 499426173
661 683 414527949
1483 683 683949663
3046 683 16559598
253 683 803372090
4902 683 753280730
4245 683 730674855
1807 683 48265185
4531 683 113678214
2167 683 926175349
435 683 324098374
3095 683 678027279
2576 683 772131683
4263 683 227968082
1628 683 639920432
2277 683 510616943
812 683 348867286
3573 683 693837003
1009 683 388411036
4490 683 66862047
761 683 196594280
3628 683 524793696
2414 683 226424709
4763 683 435921055
2844 683 8711333
1208 683 852460849
419 683 834619434
613 683 542639314
1319 683 341347488
2572 683 345591686
4318 683 547313550
4111 683 332570113
678 683 66288238
2692 683 257372744
1146 683 486880760
2940 683 626555031
2657 683 257372070
3791 683 805028997
3747 683 880392052
4833 683 550558821
4221 683 706000872
2908 683 201101551
3139 683 286571089
2123 683 370669856
4274 683 784163155
340 683 607887966
29 683 544969122
1612 683 694450398
1823 683 53824780
2992 683 591204938
476 683 515166653
3956 683 831951005
3473 683 122599358
1706 683 100489041
633 683 728827582
2151 683 871297724
4462 683 765495317
1948 683 261798839
1929 683 343324933
44 683 708690816
1964 683 248117570
4299 683 365366241
2251 683 700037556
1772 683 34315153
3792 683 819766650
568 683 926419161
4332 683 224547122
2690 683 453839994
1260 683 313515127
1218 683 210127053
2268 683 403258794
2540 683 730679596
4829 683 627385333
3107 683 275593616
3835 683 904511885
2771 683 643817595
2183 683 678826038
1244 683 15639320
4947 683 525500428
3931 683 992374176
4619 683 730257535
4426 683 972011518
2221 683 517766558
2098 683 45103285
88 683 333753753
398 683 640658433
156 683 352445568
409 683 726386492
2422 683 506695761
1672 683 867687555
3026 683 3258160
3872 683 521431193
299 683 662531064
4692 683 400758026
1861 683 565080306
580 683 883401363
3649 683 866156771
3511 683 757941185
2666 683 462527051
1210 683 302218711
1224 683 476976876
1832 683 143946228
1994 683 429133704
4041 683 846540405
4187 683 651855343
2293 683 96003735
1199 683 52403000
3533 683 2434145
4916 683 853655118
1039 683 799950016
4101 683 142878382
2314 683 973725683
2195 683 900090734
1904 683 260853801
3493 683 919422080
2531 683 573761127
2794 683 612033592
1900 683 995015087
3963 683 946160395
3296 683 603552350
3661 683 603255192
988 683 658725845
1174 683 734665452
4529 683 767058012
582 683 266289921
4628 683 243883842
2398 683 523618184
436 683 306379080
2311 683 433885416
4906 683 203227454
3098 683 26208133
1530 683 579781870
2988 683 279243589
4453 683 739827257
3077 683 302833999
2804 683 402198144
4365 683 258101781
3816 683 701007429
3054 683 619606932
4571 683 616331537
3703 683 763216858
4655 683 253505943
2454 683 579898824
86 683 65095193
4152 683 406515737
458 683 380892426
20 683 658381986
4076 683 122415092
1304 683 593377243
4432 683 175092891
2501 683 725446301
811 683 406762083
930 683 260352045
2332 683 806266862
3093 683 546285176
4268 683 560875785
1641 683 392913568
492 683 440010440
3486 683 737767863
3039 683 682016238
210 683 207076297
4228 683 986229651
1519 683 75708191
2002 683 654537216
2140 683 688842178
480 683 447141853
3991 683 937797437
3648 683 695127949
1084 683 296359079
69 683 835811545
2407 683 717021920
551 683 737626315
3198 683 115392282
3394 683 305829852
2517 683 958986139
513 683 600236113
4676 683 758852800
643 683 585653473
4492 683 879183428
1891 683 894499227
2197 683 270165698
2959 683 233086726
4231 683 51913592
3017 683 569656201
4543 683 304647245
724 683 65752333
2964 683 667441172
4972 683 533802720
1849 683 567056658
4164 683 65539548
4975 683 275491261
1284 683 643865288
3432 683 382223814
2346 683 296474877
1308 683 250086234
2063 683 37083468
3487 683 35183267
1360 683 925949214
4108 683 667175316
3879 683 603350493
2364 683 352163814
2234 683 374710931
655 683 636084573
478 683 823847375
3706 683 51090511
2887 683 513521103
345 683 410880102
1485 683 991717595
2237 683 174914980
2536 683 572240878
71 683 583197607
2404 683 896941468
3843 683 555461422
4367 683 222652207
235 683 471049179
1272 683 154347026
4802 683 970911802
1445 683 994546034
1013 683 878081025
1475 683 628125730
3283 683 34170009
4675 683 655735998
3865 683 929370076
636 683 256568851
2078 683 880635168
3812 683 508028862
713 683 473522292
1281 683 763354386
1903 683 600666665
1117 683 339667518
103 683 377842323
2993 683 818156975
371 683 799195664
4794 683 66344883
3647 683 215712585
3254 683 734852702
2906 683 25982392
491 683 678706609
1342 683 232545385
738 683 406033399
3622 683 275065092
2386 683 456856178
3305 683 430424842
3193 683 476416567
1001 683 342284637
944 683 242552150
3853 683 527911430
1463 683 825193533
455 683 948089394
1371 683 705474909
3988 683 898179198
1005 683 819714829
2387 683 178695028
3859 683 878158767
4811 683 497279060
1182 683 918905360
3878 683 864877590
264 683 832181780
2541 683 602984623
3406 683 660758418
3092 683 662635155
3926 683 33709949
4931 683 162038395
2390 683 936747843
2837 683 435408743
2443 683 221714041
1043 683 166183654
1925 683 871887543
4099 683 799800725
2951 683 58932672
638 683 380986852
4528 683 143743462
4098 683 634680096
3525 683 992564908
477 683 964911788
1122 683 735981996
1694 683 801504658
1657 683 562262459
4782 683 554205242
4323 683 12989514
176 683 436790392
2460 683 907805967
2928 683 622259147
2725 683 694126051
4729 683 665366499
2553 683 534817005
485 683 150424931
802 683 593434368
4320 683 452283112
3620 683 590194754
1545 683 150943818
2994 683 220822285
1481 683 56860193
2602 683 424115993
3121 683 60895114
2162 683 693451482
2979 683 669046315
4771 683 813149990
2193 683 357131379
1901 683 123835674
4437 683 89383974
1002 683 35323966
4703 683 975834392
2566 683 350734055
3803 683 364616248
3967 683 836771036
673 683 816067792
26 683 954726460
4851 683 395927050
347 683 51583134
791 683 418586805
2862 683 97227386
666 683 694291785
2507 683 51270854
4362 683 297294888
4516 683 63374564
3449 683 531694630
4025 683 15948987
1960 683 314498379
852 683 335628066
2555 683 580590039
4934 683 747874949
4282 683 797472645
2226 683 956327874
4695 683 384301844
1631 683 16343892
3553 683 401528322
3999 683 374443698
3776 683 187910810
4044 683 903516153
3078 683 144436785
1021 683 726373320
737 683 415764907
1404 683 717477738
3004 683 828422212
3939 683 143174970
826 683 957134477
2777 683 541799747
3295 683 695392179
2464 683 134566950
4412 683 919368967
4846 683 300218944
4919 683 909698489
3896 683 546185483
1717 683 298126567
1234 683 963002565
3146 683 378800086
4297 683 767095886
4272 683 23756414
106 683 141890902
4057 683 462841419
213 683 388836535
168 683 701865761
1141 683 887329566
1464 683 932471969
1024 683 887991281
2985 683 273601962
2929 683 73362540
1588 683 675244578
3882 683 392754445
1728 683 869993206
911 683 709026098
1874 683 154767966
4067 683 813218047
2556 683 878337637
3607 683 947260293
2738 683 759366568
4716 683 923777312
2788 683 556335197
2614 683 592794656
4594 683 676737431
271 683 690763690
3453 683 859940551
2318 683 422191840
4321 683 235808134
2171 683 665025599
2396 683 5632912
3183 683 315147081
1650 683 142895891
1907 683 859671651
4435 683 219866410
3337 683 11858175
1334 683 922284195
2934 683 117459453
4100 683 633085192
1902 683 401384526
4509 683 707997149
3442 683 732274650
1157 683 209411109
4885 683 504282788
4736 683 629374507
1727 683 757214250
2820 683 389478270
4193 683 615366417
390 683 282240316
4973 683 960733441
1344 683 567779987
3852 683 268577486
222 683 497040261
1648 683 326262487
1448 683 955333098
1572 683 54512563
1831 683 802553019
209 683 582626569
459 683 179416972
3954 683 902161598
3338 683 77612634
564 683 879598166
2688 683 32606599
604 683 652283539
1444 683 488173089
4002 683 520463714
3911 683 335179370
4196 683 331194871
2075 683 515950228
3544 683 142581558
531 683 679700940
3468 683 980845140
2956 683 706126201
1073 683 637843390
4385 683 168795845
4595 683 13311033
4325 683 980673115
2903 683 384126026
3434 683 340381810
4229 683 217920471
3070 683 846870282
4347 683 348694542
2013 683 928648822
4446 683 660304773
1112 683 586591257
2362 683 797080225
4384 683 561180532
4687 683 158485052
4821 683 775720287
1266 683 155279490
1962 683 140812182
2324 683 57556507
3640 683 63776375
4920 683 529728910
3930 683 637464841
4456 683 869580004
789 683 751729984
1602 683 657030539
4191 683 735844478
3159 683 330063997
3332 683 720412765
3309 683 54604961
451 683 531410859
4436 683 93337969
4342 683 720419765
4956 683 893403612
3725 683 50044360
3634 683 917584237
599 683 77505780
2047 683 380317099
1165 683 924515347
4013 683 664490947
1801 683 293255689
4408 683 259703396
663 683 473294924
37 683 401503722
16 683 286910886
1785 683 269898430
1957 683 745755449
3755 683 844371963
4449 683 269322692
3247 683 418603605
722 683 448995619
3076 683 181367606
2456 683 223256092
872 683 68671017
1986 683 200447576
2773 683 489991803
4727 683 191966382
1132 683 279653663
2244 683 583764391
1434 683 320274130
2370 683 127124542
4352 683 469937791
1325 683 41052903
3484 683 210868195
3704 683 994141906
164 683 208904820
3888 683 3562352
4602 683 345831551
302 683 38377013
4820 683 630196367
4789 683 394191520
2605 683 231231253
1172 683 796752504
925 683 545465925
4587 683 949526103
4678 683 220442685
115 683 340453483
4411 683 77552492
1105 683 777546107
4679 683 367592241
4554 683 864627240
2088 683 890507970
3028 683 452180085
3090 683 924445263
2948 683 510547337
2023 683 465908326
1592 683 562522034
4151 683 196644248
4115 683 234268845
2822 683 260322397
3133 683 955303460
2674 683 564261684
3091 683 239216759
4856 683 32568590
2881 683 109828543
2749 683 274485740
3933 683 597679887
2467 683 53094854
3161 683 435550204
1805 683 762748335
4010 683 848282719
3143 683 423481653
2174 683 358743129
1286 683 963347981
127 683 433979030
2190 683 145789424
2367 683 809262806
4831 683 128180927
957 683 594819241
279 683 26056429
2425 683 507289209
920 683 316132893
4853 683 344904397
3975 683 830683657
252 683 788120011
4203 683 527165350
1720 683 58558207
4237 683 41731205
3207 683 559838554
2426 683 265799292
4107 683 383452028
4974 683 521365893
2710 683 607170101
494 683 222400997
1556 683 190238537
3298 683 130598544
515 683 16349299
4767 683 890210251
4818 683 319077036
4731 683 586415635
2397 683 370531244
154 683 461118781
1852 683 512302000
4281 683 446297054
2793 683 120280958
1223 683 111833324
1767 683 427748006
2915 683 530758565
3798 683 519919113
1044 683 838455727
747 683 872608927
1279 683 711479680
1462 683 132823156
1369 683 951832319
4530 683 383631346
4421 683 808489067
1782 683 725685606
4209 683 562083196
4900 683 22923964
2724 683 350014151
3982 683 142095757
1180 683 724436838
4280 683 770436443
1194 683 959243991
2199 683 858903578
4598 683 15891236
4618 683 574094578
1718 683 964093252
1942 683 857768771
4825 683 34437569
1924 683 384621545
287 683 296538010
4713 683 833461952
3184 683 177187178
3759 683 123329642
1629 683 486340809
2853 683 753029199
2005 683 335482353
165 683 883404517
2574 683 623773092
2697 683 435592241
2878 683 826324813
2265 683 338709644
362 683 483998053
1405 683 911839658
332 683 968373272
2054 683 973879256
3499 683 751696935
2659 683 974979972
2317 683 646461455
2968 683 695681794
4250 683 173078891
767 683 132054669
4132 683 572607126
1385 683 917959307
3280 683 339718292
1658 683 53244948
3582 683 709774130
1810 683 823628213
3452 683 490304875
4563 683 382285424
2667 683 435759116
394 683 347873031
4178 683 436839067
3392 683 971519865
161 683 641526389
798 683 573970124
2032 683 547499573
2679 683 779239693
1937 683 986376028
2297 683 993975189
3834 683 2983470
1255 683 722478989
262 683 301836762
1725 683 804315827
890 683 135053021
4964 683 901748829
2649 683 342666663
3006 683 566364862
3830 683 819003773
634 683 795704423
2978 683 554319265
413 683 915419152
1207 683 723540145
2097 683 725349529
3099 683 71173196
4747 683 844048203
3769 683 365360891
383 683 580835426
1906 683 905982029
4513 683 51103183
2901 683 822642499
2302 683 616169017
4351 683 543703278
4927 683 34422341
1917 683 138279766
3130 683 133714966
489 683 755723934
3446 683 994552599
2894 683 13902437
573 683 394370551
2632 683 366125422
539 683 9714933
348 683 291633538
2882 683 318049885
407 683 315987860
2102 683 553988433
1944 683 777049638
4914 683 125560012
2991 683 971721196
121 683 458167524
234 683 600026286
1508 683 130862670
3868 683 427897458
2867 683 858867751
1800 683 794937049
562 683 667598833
3272 683 94324425
827 683 112155099
927 683 880755788
246 683 48632644
4884 683 400713399
2231 683 612681089
4621 683 139742990
272 683 761653470
4146 683 356771494
647 683 227835363
3986 683 415222284
2416 683 961045207
2742 683 98061349
834 683 371634057
3720 683 381583254
4445 683 292124493
4251 683 683248741
361 683 80505157
3403 683 937999328
4510 683 464475873
3887 683 357465789
3604 683 116093608
2751 683 444037506
1551 683 248482103
2949 683 150113063
1181 683 185965194
4319 683 516874233
3340 683 750390138
1318 683 411858624
4823 683 662553478
959 683 879225892
763 683 670750421
4217 683 402255948
4764 683 954211963
2316 683 625458375
2689 683 755344635
4177 683 248347311
2209 683 767527692
2016 683 240209675
1848 683 707358880
3609 683 666564981
401 683 697878561
1413 683 415000316
4392 683 370591741
4117 683 39329099
846 683 279475300
4052 683 591859722
23 683 800755536
1049 683 982815875
4589 683 874080965
2411 683 720210824
2394 683 256230745
1604 683 974113172
2608 683 33509623
3007 683 537242416
1895 683 703134175
4561 683 456633752
1840 683 595683312
3312 683 653864350
2375 683 45589033
4822 683 303437517
1761 683 759135853
903 683 996218064
1090 683 395260294
3685 683 778549013
1271 683 305701739
4950 683 424133805
874 683 220203461
2826 683 847952501
4399 683 107610287
3959 683 616489338
1715 683 923171773
4553 683 298898841
76 683 486941504
1922 683 947393638
2030 683 647180743
3252 683 869185615
1736 683 873345511
3900 683 427358208
3163 683 146792511
4701 683 879654407
4348 683 168651190
1788 683 382472891
526 683 538394118
4150 683 845126746
4738 683 208937086
4714 683 410684273
189 683 5788419
4404 683 45865344
3177 683 49836375
1097 683 724926941
4034 683 21508253
3806 683 351447256
1390 683 428261660
1696 683 880981791
1259 683 5636675
395 683 928048996
1098 683 374930668
4638 683 989224508
1876 683 191981540
3569 683 17745994
964 683 936899755
3253 683 699580572
2319 683 699800695
4522 683 834271572
53 683 358871934
635 683 848677514
2323 683 796873845
974 683 106904433
2921 683 951229523
4860 683 591095736
3869 683 482272858
915 683 348795186
4339 683 831482967
1637 683 64571832
3083 683 935115559
809 683 691462990
3570 683 317373821
2228 683 276482180
3162 683 852960995
1721 683 310657310
418 683 692109054
14 683 98252022
2077 683 357725973
3847 683 557235489
706 683 409177043
2607 683 374594897
2360 683 753097548
952 683 39374201
2965 683 796209981
2212 683 241249718
1941 683 849659287
4233 683 481123437
3169 683 711712062
2808 683 63071920
4079 683 948140301
1867 683 794752229
1690 683 344214301
4817 683 827771817
750 683 547632711
1971 683 232730865
1939 683 683797478
4068 683 237184882
1552 683 547987425
1762 683 991373379
2857 683 546201832
3662 683 992323263
955 683 741892349
2413 683 204319407
4936 683 839269429
4801 683 701600425
2914 683 731115967
1333 683 4376754
2827 683 604989733
3033 683 907413802
2803 683 244961234
1368 683 707786729
3318 683 905948371
2043 683 700418468
2954 683 691401953
2156 683 827399061
2669 683 85536414
497 683 326606171
4208 683 745164063
1261 683 506951454
1051 683 669688490
1441 683 422590966
881 683 589189056
3393 683 542812813
2682 683 259841117
4753 683 414199810
1740 683 589217661
4293 683 948921104
3491 683 299185378
82 683 64978799
963 683 861001492
3818 683 711482233
3651 683 986308521
3105 683 477431313
2115 683 814834630
54 683 154991296
403 683 354002149
755 683 495965216
1609 683 813805016
810 683 901878909
1899 683 704956429
15 683 422817464
3974 683 170471186
1028 683 767675758
3435 683 104558171
2463 683 69982810
3335 683 333935427
203 683 220517879
13 683 8907088
1779 683 752860521
2477 683 669287610
2127 683 595049117
3701 683 153532718
1482 683 640391342
2586 683 899046095
1875 683 593857674
225 683 469324668
100 683 68459477
1729 683 468410968
2919 683 135269901
3994 683 472808326
2479 683 804586990
1179 683 217612340
760 683 663005975
1682 683 932962523
4496 683 464218604
1496 683 268010948
4945 683 17841598
349 683 203638221
2113 683 440913193
4340 683 681331564
2252 683 487591101
3718 683 538865652
2225 683 806985184
4951 683 350622487
4874 683 166467058
1769 683 69053099
2485 683 349744562
3433 683 119763121
1187 683 439279328
464 683 576101266
95 683 96519714
4718 683 805039274
3381 683 190908203
2984 683 672651018
2748 683 228258073
2998 683 3382905
3789 683 940184350
4869 683 567374524
72 683 236661602
3411 683 613782295
167 683 690427432
4858 683 158871571
4148 683 761755951
4519 683 865807232
3763 683 254579546
2082 683 502725821
4275 683 912437394
2671 683 6874934
1306 683 726444523
703 683 930126638
4167 683 392441349
212 683 838570174
392 683 546574260
3372 683 254453532
4355 683 330234595
3585 683 356001312
2092 683 415726517
2838 683 38100484
4009 683 896549868
3734 683 825455979
646 683 887620238
3135 683 217075620
3838 683 212751301
2832 683 532692271
1585 683 967134471
1583 683 635448447
4670 683 874245494
4058 683 216414977
2504 683 669024392
33 683 279408220
58 683 870347498
3344 683 866035706
73 683 698041249
4205 683 8803527
648 683 212387698
4048 683 634306872
319 683 217544836
3008 683 35769231
4452 683 709763139
2068 683 965837404
2114 683 949754758
3376 683 619990342
626 683 692980979
52 683 903441931
2888 683 686913442
1526 683 953520580
1487 683 12372992
4769 683 943506029
1642 683 51745525
4864 683 101484197
1147 683 939968329
4261 683 421627313
1689 683 886824771
4498 683 133090758
2872 683 13950098
359 683 683171975
3606 683 32586353
1280 683 315452876
4867 683 204398597
2521 683 857454244
1249 683 430222089
670 683 772074653
4796 683 440456876
1455 683 927016258
4379 683 752566457
3890 683 187703780
3742 683 307777784
1328 683 808549789
1048 683 856169684
2491 683 954220945
1518 683 995859773
3546 683 467849079
4751 683 259822799
3568 683 391229015
3387 683 61639731
557 683 575469460
1451 683 536664261
4620 683 579586093
4560 683 468093303
773 683 871870527
3616 683 242008564
3516 683 306247886
1571 683 321352712
1046 683 875242436
2693 683 171755838
472 683 313706553
867 683 109105866
92 683 288875252
3932 683 94818217
4953 683 639963441
3817 683 829516550
257 683 378379172
424 683 884950239
2371 683 887574973
449 683 177241320
373 683 986460461
4740 683 850909615
1975 683 354090921
3941 683 624902144
3314 683 735191278
1178 683 89377930
1889 683 234282244
97 683 342727106
4762 683 255877318
2433 683 512518150
4790 683 727466144
308 683 64721414
667 683 859516314
2952 683 45704031
1080 683 957410966
2890 683 602895240
3324 683 868436949
1527 683 89161969
2429 683 677866175
1460 683 673090153
1858 683 924195811
1050 683 464527039
4194 683 653812539
4121 683 352792748
2447 683 476701365
4434 683 582740720
2971 683 240527598
4684 683 847170746
4447 683 260021312
3483 683 593998412
4862 683 618992126
1871 683 500322782
579 683 49879549
530 683 207251139
3736 683 504970327
1963 683 390723274
2484 683 128622443
2917 683 291522022
1125 683 360092199
2117 683 585234961
1579 683 191757961
61 683 334312812
1343 683 906105954
4054 683 71358122
123 683 893017692
3655 683 632970159
3325 683 771649343
4932 683 508189299
1153 683 540195183
4506 683 846110764
1599 683 558090424
922 683 561702060
1777 683 26351182
3180 683 801409031
1751 683 289691406
3858 683 43726456
1140 683 678644746
4517 683 849734276
2333 683 910470980
3034 683 122564448
3619 683 905539256
152 683 670458767
712 683 894763423
4269 683 278189007
2599 683 305606642
3555 683 125107253
2090 683 51098156
2129 683 137031062
2763 683 305186644
1683 683 225040169
3459 683 370714938
113 683 101505642
994 683 759495936
1540 683 59800384
694 683 241483227
3644 683 474251873
4668 683 806968859
4540 683 337949173
3786 683 459640936
251 683 623635577
625 683 830455117
3436 683 154597350
2189 683 893973754
909 683 396228881
3993 683 644219205
3537 683 336078677
820 683 132140018
3273 683 98952302
768 683 4800307
430 683 511442599
3018 683 652361841
4926 683 792057144
1400 683 497022284
2339 683 759011561
4910 683 448125152
4186 683 556231930
3050 683 143536970
2376 683 293014086
3237 683 412270954
4156 683 221222565
2922 683 184187113
3501 683 935455890
1106 683 299384957
278 683 757039885
4693 683 198283371
1956 683 657164738
3839 683 263242061
1764 683 554309483
283 683 115976981
2239 683 647959666
537 683 901120593
3275 683 122147289
226 683 69085104
3717 683 112061534
2373 683 526896068
3209 683 247742937
2159 683 957776137
999 683 151018729
698 683 231152677
3867 683 403651791
175 683 54434929
4448 683 138785689
4806 683 924926647
2508 683 33036418
4662 683 117554237
3373 683 537361560
1361 683 838693890
4415 683 179613087
1491 683 930734151
3848 683 470695221
460 683 817204304
2849 683 90659382
4223 683 187353195
4635 683 903687265
2349 683 205431345
1282 683 97114683
3450 683 730414859
318 683 980248371
3 683 729908472
90 683 872834566
1375 683 474695564
589 683 405269348
3462 683 740657979
2516 683 920980179
650 683 195088087
1741 683 24838612
2741 683 551498070
3672 683 217506627
3425 683 155166681
4201 683 361759491
621 683 849268713
2518 683 608403930
2932 683 488443907
3495 683 691269528
364 683 704690262
3488 683 52822911
4450 683 848557514
2801 683 176385246
3368 683 179699524
2925 683 734309886
4854 683 390527784
3638 683 424388418
4356 683 584273183
3947 683 882394249
4814 683 266074137
3711 683 396301014
4417 683 922666133
4300 683 79407667
1479 683 789821727
2382 683 40821713
2274 683 981113114
4086 683 845095028
4248 683 479447999
1793 683 63138061
1407 683 682364773
1007 683 936574888
3278 683 62024450
3437 683 123699848
3128 683 884610545
1362 683 571034512
365 683 809885173
3250 683 683019235
2678 683 678018941
4273 683 654961103
2031 683 350522921
2873 683 943651558
1538 683 103174028
558 683 728381037
3955 683 292265523
1927 683 531536890
216 683 695274214
3218 683 714726488
547 683 564014125
39 683 964332717
3699 683 505299989
4647 683 138264031
496 683 749031987
2870 683 73076274
744 683 697193449
3592 683 46742837
4897 683 829377768
4183 683 584238558
229 683 17441269
2074 683 753194740
2524 683 807613934
2420 683 654693293
3374 683 352560911
1543 683 942890647
2754 683 479212657
1367 683 262823610
4032 683 79442900
2448 683 810238
751 683 481508765
4166 683 492275658
1731 683 538865441
2067 683 709077742
4126 683 795392803
3405 683 220242882
83 683 734047387
680 683 554553743
2770 683 568144313
2778 683 113096236
4246 683 368738600
4286 683 470765292
2076 683 948413335
540 683 138911159
3904 683 273025396
467 683 590510710
4252 683 909661946
2561 683 702134964
1759 683 855963757
588 683 179810689
1075 683 205645476
2739 683 26955162
2061 683 42181576
3015 683 719162310
258 683 380497498
4524 683 192691074
3208 683 434194554
2258 683 944358368
3945 683 373434213
742 683 90590379
2175 683 893006143
2931 683 596429775
1863 683 278773010
2519 683 846641911
3534 683 510776086
1398 683 765233016
3827 683 139105074
612 683 66833005
286 683 105267650
1188 683 55083298
3471 683 461450906
3057 683 92567477
1722 683 843678795
2192 683 219669498
4285 683 669184420
3465 683 292607135
524 683 978488187
1202 683 105564304
3032 683 485679277
3456 683 402629276
4028 683 553655906
3302 683 535304024
4669 683 154619541
3223 683 37323587
344 683 851206355
3241 683 682558762
4004 683 672038722
749 683 332880078
2816 683 724440548
4726 683 609085891
4482 683 665328157
2846 683 553621658
4577 683 682704498
312 683 916905026
4310 683 424153747
2377 683 976085419
18 683 1446811
4572 683 264910251
3476 683 426979477
3643 683 34700069
668 683 66065729
1363 683 950498151
2520 683 118662424
2036 683 681486036
1311 683 562132110
4539 683 263961026
3346 683 202291862
177 683 85415845
4174 683 433942123
4637 683 924918380
1412 683 344449420
2025 683 754874411
815 683 332158471
3348 683 138280697
4416 683 597526266
3772 683 373075739
1006 683 569652566
2266 683 464563553
4694 683 137141990
1653 683 955138000
3689 683 659603855
1885 683 857831552
1409 683 279846617
4959 683 596638407
2859 683 937607085
967 683 915617943
1578 683 352650336
2829 683 845049380
642 683 829687024
1323 683 866125769
1197 683 524579724
3380 683 726449708
965 683 8672601
1573 683 37944991
2038 683 146326387
163 683 39907785
3317 683 56147505
3917 683 352477317
422 683 31701164
3841 683 904513801
4220 683 531036802
155 683 179265611
1828 683 332746199
4626 683 327459231
2435 683 741809564
3599 683 159498404
313 683 541695507
2668 683 767628129
4754 683 586547602
603 683 704912042
3359 683 360987526
685 683 456553160
3053 683 802365370
1469 683 76670040
2062 683 833123289
3370 683 17819507
3288 683 844364593
2194 683 942715151
4235 683 326075577
381 683 241631396
1567 683 286097749
274 683 252121618
939 683 751041111
3020 683 201592257
3418 683 620816457
3127 683 480198921
1424 683 411931113
245 683 619951828
566 683 981417332
2218 683 998344322
4292 683 462642727
1811 683 910783756
669 683 946686466
3351 683 409277547
2963 683 858656207
1834 683 652698938
3862 683 180782434
4063 683 354578074
1951 683 290400289
2819 683 911283797
3579 683 271908294
2883 683 270656837
969 683 405400419
3481 683 592264182
4625 683 791813798
2040 683 831608202
1241 683 233482590
3845 683 422957277
3027 683 824506173
2247 683 214807528
4055 683 811743199
2028 683 68338538
4646 683 700837642
4877 683 851186372
3167 683 464464695
2795 683 157061668
3382 683 517096529
2834 683 431198438
4911 683 67440828
1591 683 192400438
780 683 543517848
1636 683 495337977
4803 683 8240966
1898 683 974141421
817 683 973074730
3548 683 94803214
921 683 149896114
1912 683 174355259
4260 683 52032919
4341 683 364855577
620 683 324590435
1623 683 518912567
3022 683 41527858
2337 683 463971699
2615 683 359808700
1908 683 402778011
2210 683 735175314
2939 683 760057430
1042 683 298399143
3064 683 785229637
1952 683 499877393
1516 683 207848293
1758 683 222400017
1327 683 91109558
1733 683 569691216
1127 683 613715489
2385 683 979668075
3767 683 146898326
3200 683 527187889
732 683 148199028
1138 683 925037611
4226 683 892261934
4206 683 195903452
2766 683 375943466
865 683 892747849
4489 683 329576940
259 683 353684539
4373 683 575170163
195 683 816135106
4317 683 982348771
244 683 468004989
1103 683 551547491
2243 683 437416985
4570 683 620296008
3756 683 683591446
2126 683 125401459
897 683 237764049
456 683 321157110
4795 683 658908094
3774 683 730778877
2664 683 464579828
2757 683 985390315
871 683 804808686
4327 683 172021699
1366 683 878822799
2634 683 5898953
3914 683 206187878
4586 683 939014760
2309 683 804385331
4893 683 798919254
338 683 231699114
4812 683 627852277
