1704
1375 1168 -582 1295
99 -1320 -1713 1007
181 1162 264 382
1781 -987 -1647 935
1725 1872 872 233
1079 -863 805 1252
578 -64 -1109 1647
1697 -1228 -1938 1076
891 650 1428 1186
860 -1914 -764 90
803 875 1476 291
1666 648 1585 887
738 138 1777 931
1452 -495 1082 571
336 -1396 816 563
914 231 -1059 807
1240 -579 -693 292
1549 -51 1806 781
1362 367 -1927 23
1608 1386 -266 61
550 935 25 348
1257 1437 -1865 616
1167 702 1508 1462
747 1439 -1683 896
901 -1897 1607 1012
1815 -765 -580 485
1872 -175 1163 1848
1461 1986 1043 1609
1563 999 626 84
1887 835 -448 1532
1566 -1686 -822 1271
1037 838 1787 303
1058 -1455 559 643
808 1068 61 516
800 1935 761 1464
571 -328 1816 1819
688 280 -695 1305
1484 1003 -261 1029
157 -1241 -1467 1910
1111 -1933 -207 1332
1727 -48 555 207
466 -1288 -1281 1081
1919 1937 -29 807
489 1846 -1712 1683
342 -1749 -1518 1613
1618 -1071 1791 1733
1661 -1796 1514 1923
1113 -1055 -534 896
1485 -569 -1118 346
164 382 -1028 644
399 790 212 1219
1695 782 -1163 1570
492 -1428 -611 879
225 459 -616 76
1245 1358 552 287
51 671 45 1042
1755 -1214 1433 1219
1007 -1303 -522 981
303 5 1439 1006
1021 -1223 1881 407
1906 -745 1194 639
87 1970 645 504
493 223 -1567 648
1557 1267 -1983 1082
1097 -1642 1830 923
593 -864 1401 125
1983 -1014 579 1191
148 95 1051 450
1160 -1677 -1739 1518
1958 1128 976 1931
1965 -857 -1114 817
1552 -503 -459 1880
1143 -1862 1083 1440
1244 -913 -1233 523
1567 722 1510 1614
1363 1790 -1828 500
1390 198 349 1466
525 -28 -654 68
1373 1030 -1827 1799
1843 1236 -1603 909
1702 -820 -909 1668
1439 1170 1823 1871
528 1599 457 851
1914 -740 -853 1276
821 1859 -963 1029
1100 1472 981 563
446 786 1150 1723
751 0 1707 1384
388 783 1719 1126
1099 1319 -908 489
113 79 -1999 1863
1449 1254 1921 1146
1004 -1351 -912 31
1700 -1677 -1535 649
1471 -1528 302 1310
1842 1593 -1415 137
1172 -774 1511 1367
382 -645 -896 426
98 -9 1771 697
977 1815 -1082 1054
1603 445 961 1590
419 74 305 341
465 -585 -930 1775
142 -1751 -1878 464
19 -686 -7 1109
1066 -1647 665 97
1699 1809 -1663 217
849 -1294 -1094 296
843 -1187 -1111 1372
1515 630 -338 1239
194 -647 -757 159
898 -1360 -394 1886
738 176 -732 594
1134 1824 -139 1694
1733 -1922 -1840 280
1529 -1738 158 345
898 362 -977 1040
76 -1577 1340 191
1476 -475 -909 1900
1422 -348 1634 1410
1234 -582 716 1005
1307 1470 194 802
1479 1037 729 772
186 993 1583 1504
970 -741 483 946
548 -966 566 1342
1334 1033 -189 904
1027 -1671 -296 1244
1250 -1362 1012 903
1375 1084 372 283
425 232 581 367
50 -1908 -218 1901
1747 -609 -916 1459
1925 728 221 1474
1800 1059 -104 786
1104 -1247 1438 268
1299 -1237 -1022 1950
1068 951 -1844 187
1771 223 1553 329
1907 -1895 -113 1649
1867 577 243 1890
462 1881 -1018 814
1707 1382 -1836 1739
37 558 699 691
1235 -1945 1744 20
1953 -1399 -1315 49
366 315 1974 448
412 -1898 1939 330
84 -574 -1043 1791
1871 908 443 191
781 -730 -950 865
818 -1654 -583 1264
4 736 1045 1288
447 -754 1076 1790
1377 1674 1454 1158
254 664 1051 1018
1501 1241 1212 1082
1832 364 -1284 22
256 178 -1875 1814
1272 1675 -1923 1459
117 -752 -1695 763
1348 -471 -5 1776
356 -1792 795 138
392 956 74 417
1350 303 841 1027
1930 -93 -1655 1220
1700 -610 1805 1241
373 816 -1280 1484
535 -696 -46 316
34 1472 -268 1241
1287 1122 -478 508
1881 169 -574 1549
1535 623 773 955
1972 1079 -1232 280
1831 237 -1297 1530
1115 1108 1352 620
1736 -568 355 506
1736 -249 -814 985
1227 1067 -1558 700
1492 1646 809 800
25 -580 593 705
822 911 -317 435
59 1551 389 1722
1850 -929 1450 1090
666 672 1542 1832
439 -1712 -1877 1806
1023 238 -5 891
1526 -20 -467 425
1843 -708 1684 261
353 669 -413 1699
1727 -739 -1693 840
2000 -1279 -1846 750
1052 1153 -122 1395
957 -1932 957 1482
467 1966 -651 888
817 337 1017 1080
829 188 760 1416
628 -642 -1959 1066
675 -547 389 708
1807 377 1714 576
1710 -1353 -1023 845
1004 -1344 239 188
744 754 538 387
820 -706 501 302
1848 1593 -969 1545
207 1417 -833 1143
1672 1257 -945 1502
262 -52 842 1945
1 -419 652 948
931 -1026 -151 740
1852 171 -589 77
1087 -662 1375 809
1666 1670 571 168
178 -1941 -1591 1226
237 654 -1116 199
1462 1122 1522 808
1588 727 1290 1707
115 353 159 1490
1073 1178 -1942 1060
706 -708 1898 1595
525 -449 -1063 1029
493 -1143 -391 340
434 832 842 366
429 72 -1731 1085
1367 -1753 -723 351
154 1751 1466 1511
38 899 725 1562
286 221 -845 1604
1225 -1334 -1462 1329
993 -213 -446 1172
151 51 1372 1363
253 -355 -1403 904
1130 891 1720 146
1658 -1345 1947 434
412 422 -1013 303
962 550 1711 850
644 564 -1592 1034
1261 717 -1419 1306
12 -517 1587 1174
597 1427 -210 1578
78 -994 -1623 931
738 -568 -442 579
1233 573 159 1441
574 -567 -1434 1207
832 -86 918 786
897 1453 -1581 1142
1458 -187 294 568
1989 -249 544 1425
1522 1762 -1364 130
1603 531 1743 1754
1575 -45 732 1890
1346 -168 389 994
652 -983 -21 457
1230 -1499 -146 1992
1576 -1955 825 1927
654 1620 1602 672
646 1913 462 1487
1035 866 -72 824
157 805 663 625
879 -1467 -1285 1347
1336 -1806 -1556 1069
1459 -804 433 1425
94 -1854 -1543 53
79 606 -1794 1892
1370 -40 498 1307
348 -1487 -304 1084
1716 1311 1780 1342
1764 250 1998 1066
1444 975 -1339 1456
672 1248 351 16
645 -1514 -544 18
1416 1251 1277 303
447 1693 872 1861
1957 991 -136 1750
314 257 1226 521
81 -1058 -1436 552
465 -1329 1442 129
373 398 -1605 166
540 -1266 282 1644
1113 1372 1117 847
1700 1096 -255 1949
1031 -1796 -1024 375
1729 1599 1519 435
1447 -91 164 1468
670 -482 1585 800
146 -1061 656 1361
1795 -1304 -869 1525
1859 1258 543 1798
713 1402 1421 1059
1696 803 1979 941
1592 -553 -1057 347
980 286 1851 118
107 80 -978 1230
24 -1777 -1888 1555
1402 -1718 -1351 124
660 -125 1461 388
94 -1300 1173 8
962 -171 1894 874
1888 -589 -177 1377
442 1070 -857 1031
729 1888 1382 521
518 -922 1676 427
466 656 533 898
910 -192 21 263
84 -1249 -505 331
636 -775 539 909
695 1786 333 790
1753 -141 763 286
1078 1129 -1019 1283
284 278 -853 1353
505 -1007 1928 1077
1985 33 1598 145
1017 -837 576 1148
1327 -407 -1979 1031
1247 222 -546 1352
1759 969 -819 619
1812 -283 -1462 492
1691 921 -1400 302
1185 -1428 -1783 39
299 785 653 689
271 1911 1691 1243
1209 -879 -1055 1430
1240 1166 1430 665
30 -1744 -1675 398
211 -523 -1399 2
1554 1333 766 1833
1738 156 -1243 711
974 -1766 -932 1880
822 1068 -186 1209
1852 -474 1554 188
608 52 1296 552
1349 -1937 1452 839
657 -67 -469 1191
401 -199 1724 698
1538 1266 -1279 117
153 -1718 1444 164
1756 -372 1948 261
855 -1625 1127 1113
617 -1208 1252 870
868 263 207 759
1600 782 190 218
760 -238 834 1153
539 1681 1467 146
492 193 965 1479
275 707 -126 127
939 -117 -743 571
1073 1394 526 50
1179 307 710 829
1791 -1762 -360 331
599 -461 -1004 1471
420 -332 452 1997
152 -431 -1121 1744
1242 -1806 -62 1431
22 1623 -117 1028
971 1194 925 1676
651 378 189 985
382 528 395 971
591 -726 -662 82
1661 -879 962 822
428 1629 -1888 880
1794 -772 1753 1038
1114 1185 -1317 1411
148 517 -277 196
707 -1678 -1329 732
1821 1544 -1522 1913
95 704 888 1020
1655 -842 -971 957
1992 469 783 1061
57 895 -45 1155
502 1251 1537 536
1470 -15 -1922 842
1507 638 1509 612
733 -348 -30 1717
1911 -586 -1795 829
449 -1891 -1419 1779
1500 -587 1634 113
1041 1263 1744 1942
1706 -725 876 515
1576 1984 -112 1039
1643 -494 -1284 1443
157 -1417 1629 463
1336 -381 -1306 1267
331 -351 -821 1975
1113 170 1732 19
1753 944 1611 887
1255 29 653 709
1170 -589 -412 322
220 -295 1745 921
189 -1312 -674 615
113 -1059 -132 144
1701 -1206 1217 761
13 850 1720 44
1281 1708 -360 1719
1708 -999 -245 1885
1740 -602 -1664 1203
1541 -1814 819 1156
366 -1205 317 894
994 950 -1399 883
1103 953 1219 953
1083 1737 1196 490
170 -290 1622 1669
313 -245 -373 1163
1495 -1388 -400 1427
486 1555 497 1302
1070 1039 -1285 1523
891 -666 -1997 1100
378 1213 1007 1336
1824 1667 1101 1567
1363 1468 -308 1249
174 -270 -1498 479
1826 1138 -313 1376
544 -323 1432 1198
1647 -107 -814 1942
1020 -1463 654 1756
1109 254 -547 756
1133 -494 -932 1930
1948 -199 -122 1707
220 -588 -127 1306
1517 880 -1048 876
1105 1594 1333 636
1441 -847 -1829 408
198 1194 1385 1826
512 1696 -621 1344
1443 -1892 -79 268
389 -1331 385 1172
242 358 -729 1659
1208 -1203 1002 550
187 -547 1973 897
290 -1472 1047 216
1128 -1027 983 1310
1116 1194 -1236 601
433 1179 -95 211
399 -1143 -287 11
640 -1856 -125 1634
692 -290 1643 1007
1629 1672 1931 1051
836 -735 -1473 822
354 1728 -617 720
1016 -310 957 1424
552 697 -1446 1665
1081 1032 1618 1280
374 -927 -963 1840
1360 1340 -1511 1734
520 -36 -1641 188
886 1039 1506 562
1973 -594 -1976 1177
212 -1472 434 534
6 -178 -220 1941
627 -291 1619 499
1285 -843 149 307
588 -1049 1128 1291
539 1626 -495 356
792 -1965 523 525
767 -1716 -521 359
288 -323 1040 826
637 -652 182 1872
1965 -1155 1258 1957
972 -1066 411 1917
1528 816 -535 1374
949 1453 -636 433
570 -1559 1787 549
882 1333 -311 1932
1581 -1045 -579 1965
1052 -1754 269 992
952 -901 162 837
1963 -1121 1379 1853
5 -182 1723 1311
1113 764 -1140 197
1597 786 -1066 540
670 -1020 453 1592
393 -933 -438 1085
915 -333 1730 1815
1811 1517 -1325 1251
1378 496 632 452
1314 1170 -1044 1919
52 -561 -82 1183
336 2000 1223 306
1601 -1750 -864 441
646 1697 282 1324
419 -1204 -971 1492
1678 -625 768 1472
1234 1427 -836 1360
975 -273 -91 637
120 -742 178 1791
947 -315 -1533 213
525 1535 1939 1121
36 -1930 843 1001
1835 72 554 216
1465 -62 -1975 362
410 -1686 -1617 1075
284 -647 1718 617
164 1798 38 1094
1767 -327 814 791
81 1818 1384 1599
1569 -663 699 581
235 1900 -1008 1025
1829 -713 -220 1379
1994 412 -351 92
714 -413 -1100 1908
680 -1444 152 82
651 -846 1956 343
29 199 1169 1331
159 1031 1642 1582
1123 156 1437 801
1152 704 21 346
1618 278 -1889 572
1048 762 -1368 844
1268 -1119 254 821
1134 -55 -841 1893
18 1503 -494 702
1117 -1132 1907 934
324 -1278 440 791
1533 -900 172 1232
275 1946 -1411 1858
1846 529 -758 1491
425 -111 1873 286
1651 -1627 -131 434
14 -117 42 1343
1659 968 1735 1916
1068 -440 -1257 195
1689 -1145 -1356 723
1132 1804 1437 1790
309 1331 -1479 1064
838 1776 -623 1326
1367 -1452 -695 1436
179 1278 -1582 1574
1706 -1344 962 128
1261 -1468 -1438 774
1749 -854 -281 5
1773 118 883 832
1779 -116 -1401 1036
171 605 750 36
1564 55 -1639 853
1345 -1622 1150 1251
425 491 1574 1251
311 123 -1498 1503
1266 725 995 1765
566 -764 -165 616
1042 -47 -1085 1566
840 1854 215 1632
705 -984 -1698 1261
1910 -1915 84 311
424 -1927 2000 420
616 611 524 1278
1151 1981 -405 1588
744 -1459 245 1447
881 1649 1945 317
206 357 -1960 338
294 -135 1486 1042
1668 153 236 1376
23 -560 1465 1523
786 1539 819 835
573 -1067 -107 1984
562 -1388 -1763 12
1201 -951 915 1708
1180 -111 350 682
1979 -1421 -1080 1254
1178 1968 1005 641
470 -108 -36 1776
884 -1388 994 1455
634 777 48 1563
868 1185 -1771 71
288 -1920 -141 168
1858 764 -509 985
1025 -479 -163 1624
728 -60 1508 1831
1910 405 425 1228
1614 -1880 -1667 1681
216 -1933 -1059 340
1374 -1119 625 1784
1632 -260 1148 1363
497 -904 810 686
615 825 -1144 1976
63 -1141 290 867
1814 -1303 611 1606
705 -486 1994 1673
1878 -45 -1716 684
529 -1044 -205 1632
1072 412 -452 1868
567 591 -683 1977
1901 -202 1639 183
973 -1184 -1046 1126
1814 -1830 -1878 254
1052 1907 1934 1303
1077 585 -694 337
1756 -1222 1311 558
369 -740 932 1683
710 -1732 -1728 859
1140 -935 580 852
212 1167 -889 1695
519 1564 1928 1124
159 973 897 364
1027 1399 856 229
1679 -1212 -1657 706
1473 1906 -1735 1432
30 -1626 498 1459
1691 611 -1503 271
1716 -685 1229 1566
1496 1068 1534 1017
394 -1526 -1510 1175
1154 -137 1029 631
698 1657 -706 1644
1042 1572 -1223 1532
909 -623 -1899 465
530 -1296 -1636 600
1339 -290 588 1028
1529 474 722 1867
1134 -226 809 56
113 154 -1883 840
1806 -820 1771 1181
1187 -1495 -1192 830
117 1389 1833 197
761 594 606 495
1691 1915 830 640
970 468 240 636
1834 1330 574 1311
1584 -1322 26 1494
1946 -1360 -1752 660
773 -1624 627 1630
1621 624 1871 1567
288 1428 179 1653
771 1953 -1503 1554
348 -501 425 572
702 1557 1272 1229
1536 -1926 -1387 563
1614 1924 1474 417
1126 1131 -1058 1325
813 1779 1256 592
824 1120 -908 441
659 250 -1420 234
301 997 -1816 345
202 -1072 1151 321
1584 -1616 -1785 1646
10 -1226 -1304 869
136 -656 -117 601
189 1212 1034 1687
1248 -466 -1724 1035
1420 720 1052 841
815 -438 -908 773
686 -1329 -834 251
1408 -1129 923 1208
1615 -1024 901 1982
218 1942 1782 52
1302 -1010 -1849 132
72 -340 -1195 220
1740 -1795 -118 206
946 1153 1407 79
891 -1498 -838 1275
1728 1405 127 1632
908 758 106 158
349 406 -1670 1246
919 -557 926 424
1793 411 -157 1899
1077 643 1035 649
740 273 1569 648
1136 -1471 611 1666
1425 1130 985 677
945 -1819 -1193 212
608 884 745 661
624 490 1318 1393
1769 -1770 1976 216
1527 388 203 602
1959 -1494 -930 78
814 750 -1175 1423
1826 1367 1105 1418
878 1234 140 481
1906 514 960 1339
689 -1746 -220 753
1762 -733 -1629 1795
1456 -652 513 705
138 -1280 1667 1123
387 -1547 -238 1874
259 -654 225 1132
996 -1682 66 20
1142 -1014 987 927
1579 -29 -1658 680
699 -997 399 1372
610 1274 -1350 1247
1053 -979 1256 678
737 138 1671 1275
564 -1976 1835 701
82 951 -1176 764
1017 518 -488 113
605 1102 450 708
421 1203 -830 852
492 1892 748 723
929 -940 1540 855
1559 -1189 -1209 1931
1126 16 90 1627
136 -1246 -164 700
301 -1449 -1437 33
551 993 -1364 983
1791 -1605 1992 1258
1998 -235 1199 1038
1365 1856 -1599 1623
1093 1906 -1968 801
840 -887 -553 1289
870 370 1363 497
1281 591 389 304
1146 1518 1748 1360
729 -557 -874 1711
89 852 -1762 1086
889 -1836 1274 693
1692 -665 -40 1261
938 -1029 -353 1764
1645 -1189 1024 1917
1925 -1054 1709 509
1124 -540 -247 1855
1171 -814 -421 993
843 875 -1588 325
1117 -1765 521 33
1547 1475 1470 815
1276 978 157 238
1052 -595 -1511 879
857 653 1949 88
1479 1904 -1487 1077
797 61 64 1010
1910 941 1951 34
1521 317 664 1579
1346 1682 -35 856
495 -1836 1786 230
1203 643 990 1975
142 731 1692 674
1730 712 -589 384
8 -1973 486 129
873 -869 1719 1877
1030 -581 1797 36
1553 -792 1124 1015
1809 -1177 322 284
258 884 -1402 421
179 -818 651 617
998 1935 1399 1858
1779 887 22 542
53 -163 -1215 911
747 1074 -502 619
1977 -31 1149 940
660 945 -1814 1472
1050 -1375 -1527 426
1160 -1303 -1406 175
1138 312 -1225 1035
1118 1842 -1786 282
1577 1055 365 1071
1248 7 -1985 112
1736 812 1804 1735
1672 95 1152 1075
1546 1925 -607 149
749 1239 -1489 1700
1221 1787 456 1641
1418 -955 -749 1427
1189 1841 -1505 1877
454 -1435 261 1235
673 -1141 -541 105
1099 -1834 1088 180
1378 1953 -1530 374
531 -1795 1439 1862
1106 1773 -870 110
1173 1308 -134 1163
1865 704 -1270 1569
332 -1735 1219 485
961 -1937 -1718 257
1567 1227 1342 899
626 -1374 1507 1613
1769 -1166 -505 1799
550 -1029 1001 457
785 153 1596 1154
1573 1673 143 788
114 472 1598 20
265 -849 219 79
595 557 864 1712
1067 -650 -1658 1579
223 -450 1620 1798
563 181 551 458
1645 -1634 1665 358
378 -885 -704 1804
1432 1530 108 1683
602 861 -1722 1715
1208 24 -383 1516
764 -533 506 559
1109 401 891 851
232 -1343 -1902 626
1146 -319 914 1385
1399 1053 1495 731
175 1641 1798 1839
883 207 -1586 446
92 -909 1361 1382
917 -1722 -227 1193
1404 118 -639 430
965 -1726 858 175
199 200 -825 234
1500 1168 155 257
661 1185 -469 489
1541 654 -1189 1470
737 -1198 1773 302
646 1392 -1689 1834
51 841 1705 216
1946 -302 1129 51
1620 761 -1570 345
874 1822 -1542 876
812 -1117 1226 738
814 689 -1636 1718
1878 1750 579 68
1248 -1930 -137 864
490 -501 1735 1040
1816 -977 472 93
369 518 1928 1031
496 1567 -585 1454
1444 -464 -1777 1497
592 465 -1166 1955
668 -514 1400 1241
1346 -1609 1011 1293
1265 -1284 654 1318
590 -1551 -788 366
1118 40 1912 1571
574 -1659 -8 22
1163 1590 1880 1231
506 -1047 -716 1159
1057 315 -265 1452
332 1171 -1658 1344
1353 901 -222 75
188 -1173 -1595 1189
716 1795 -366 861
116 23 826 1252
1443 -836 230 1522
1500 -1925 556 400
951 1567 1161 893
110 1231 -935 602
1425 -1205 1943 141
1794 -249 -768 1122
1818 -1044 1263 1525
1362 -1524 -57 1417
779 -1144 1104 1220
1319 -1966 -42 1152
205 598 145 1212
505 393 704 1210
249 1648 1970 590
1393 -907 -1713 1461
1992 350 1319 1691
553 527 1738 1716
259 1634 -1060 1300
122 101 1673 199
51 -1728 -1401 1930
188 -1469 -842 703
1905 1424 -1640 78
1576 -1590 300 30
119 -1085 -446 1680
280 776 -1209 565
748 95 -136 1746
1477 -815 -269 1331
1962 586 -1526 534
23 -719 739 1580
1930 -1264 1699 1723
295 -1756 -1451 1454
341 -216 600 403
591 1170 1028 588
1957 -17 1325 1183
184 1410 88 1270
865 -326 1566 992
1386 -1508 270 238
531 -42 -712 887
1647 875 -1972 212
468 -1580 735 228
1119 -1937 -1927 906
1038 1548 -330 1434
1796 -677 968 1743
904 682 -315 1944
1430 -1330 -1159 999
172 1419 -1641 1313
1966 -732 1934 1328
436 1526 -998 52
119 -91 -768 1789
23 438 1932 419
247 -1165 -496 1951
415 814 -1649 1519
1354 -1951 265 838
998 -611 -79 953
486 -1923 -722 611
51 -750 -448 1762
1223 267 -1159 519
1056 -1989 392 970
1987 -358 1654 564
391 1417 -890 628
1238 1326 -528 203
511 -1079 1028 463
23 736 1037 188
1475 1882 638 1454
687 1864 1147 1960
1210 1759 1414 384
1192 -127 347 592
1471 1923 508 935
778 -1862 682 518
1449 -1895 530 692
767 -1873 327 1627
835 -1552 1184 904
959 -754 -276 1406
1860 -219 1538 580
1204 270 -644 1490
375 -1214 -1590 664
1703 -753 -991 792
1443 -326 -729 71
1056 -774 -19 1616
1555 -1381 -1285 288
952 1865 -1145 283
270 -1276 1275 166
1097 -1241 692 395
111 1970 943 1640
1116 1411 1432 1792
1166 -1602 1267 1144
1785 -1088 903 731
515 -826 24 1943
1545 -402 1565 1422
553 1118 -1110 742
1030 -1684 -1010 457
1944 -1271 272 390
169 1006 -1258 350
1944 -1783 -1069 824
1450 -1150 1149 1869
228 1044 -977 172
402 432 123 967
660 543 -138 1621
795 1131 1249 158
608 -288 -1591 1026
478 1788 1909 1922
51 294 909 597
1811 -81 780 549
261 -1588 1706 607
148 202 21 455
591 -160 785 722
1129 -13 1542 1689
794 -1400 -1728 1068
1372 -38 1144 461
238 -116 1439 1169
1893 -774 -1028 883
1270 -1162 -139 1297
1758 1918 875 861
250 -401 1571 1549
1551 -1116 -887 699
1763 -509 -1985 1221
258 -349 723 1278
138 -1394 1178 843
239 -883 1558 1416
440 325 206 609
1232 -494 455 1177
1190 -924 1856 1286
173 -973 -735 738
1404 1361 1322 764
608 846 -56 757
437 820 692 116
1921 87 -189 626
985 180 738 255
1226 277 -543 107
1281 -559 912 398
1523 1874 324 848
710 -1194 1731 1073
1382 -1399 -622 979
49 -1731 -665 1707
267 734 341 1555
955 1770 -554 59
1052 769 636 644
1021 1145 -1192 1779
818 -1805 -1207 468
848 547 276 1365
773 -1969 368 1062
637 1413 -1687 352
526 13 1844 1259
638 1100 -1908 646
407 -1172 1437 210
1354 1323 1897 1159
1065 -1404 936 943
187 1163 -1604 1558
1179 289 -54 1040
1498 -1375 1929 1219
425 612 -567 616
896 953 -1330 30
906 -403 -944 1271
1942 -1914 -397 1162
1272 -901 1328 1135
1989 1192 -966 790
379 -1040 1595 464
1303 1602 1990 452
1180 -876 -1406 1548
1347 1259 -486 341
309 -1844 -1825 1059
499 -538 1282 682
1871 -1615 328 1334
400 281 -248 1428
82 -1641 -199 1127
787 -1481 -827 324
552 -1774 92 758
966 1836 -1724 539
841 667 639 1732
448 -65 -1173 969
1310 665 -1237 419
811 1066 -511 769
1810 1812 -1109 1011
1521 770 -355 1522
1547 -1125 1390 1270
1753 196 -19 910
1061 -1418 -1681 1180
1005 -1512 1561 1894
934 773 1843 951
871 -162 135 507
745 64 -1807 966
398 1371 -152 1790
1815 -409 626 733
28 1356 254 624
1752 -1897 233 1898
1771 -487 -1621 530
374 -1922 -1197 1888
690 1305 1495 324
1658 -1432 -1315 912
1260 -344 -1416 937
619 1560 -1823 617
496 242 -1892 208
1557 -100 -671 894
1465 1806 -1861 1035
1167 1401 -1507 1760
862 1357 -128 1771
978 1351 1490 1455
1530 1016 920 1089
1944 120 -151 1676
1060 -1491 1298 78
761 -871 -1754 761
1159 405 -1370 1827
1615 947 -505 1398
1322 -144 -898 513
467 1330 370 853
1960 -1209 1728 440
733 1261 -773 1350
1864 -1480 -1080 859
1398 -480 1897 650
885 -1223 -464 105
1928 669 96 1683
1798 1373 1668 548
667 1226 198 849
1398 1995 -97 989
1769 -1891 1792 453
445 977 693 1509
459 -823 429 609
1907 -1639 930 669
601 -1950 1552 1237
1731 905 -299 1654
29 1451 -232 147
1829 1153 285 209
1215 -858 988 43
497 1899 -403 78
1144 1129 131 478
786 -1356 1883 992
1426 -928 166 462
864 1898 274 1222
1574 804 1254 1259
1172 1785 -257 1555
1180 172 1732 887
1334 552 -592 1446
942 -1875 1504 1826
1777 993 -1383 97
1252 -608 1625 1533
1741 -35 -777 1109
408 -1967 1403 394
1539 710 -250 883
1826 -651 -454 1145
1052 1420 1400 955
1611 1662 -1219 140
1168 -1908 -621 1456
1566 -793 1183 722
890 -1165 1231 817
209 -788 -1170 1135
1394 -1941 411 1281
336 -1677 -1892 801
145 235 -975 943
497 -305 275 716
928 -1012 -362 461
1760 -1431 901 1742
1928 890 603 1020
900 1739 1398 426
706 49 -1529 1053
1702 705 571 800
839 -1829 800 1937
432 -793 -1001 66
688 -584 -1322 1529
714 -1998 742 272
1782 49 1968 213
782 -615 -1847 187
210 -1195 1334 1624
1924 98 1846 1317
877 -1874 -1736 193
1238 1358 571 1086
1728 -1225 -1252 1139
1389 -897 -324 888
1412 -1086 -1662 1821
577 1538 -1507 1507
1842 48 169 1345
859 -30 1859 848
755 1801 1052 560
1733 1133 -1716 609
1424 -1472 989 299
1735 1368 -253 502
1426 1143 1447 1938
699 77 -1576 1473
1074 -524 242 744
1690 -1225 -804 1634
1849 517 -1591 1677
1436 -1266 794 1002
1393 458 -1535 417
42 20 -1408 1387
1121 1960 -439 134
719 -1697 -454 1989
1331 1766 -352 14
801 888 854 1002
976 1060 1462 1896
603 -1206 -1302 10
1953 1681 -1256 1638
1254 1462 913 182
1840 955 -1747 40
10 305 279 288
196 -1495 -803 1089
1489 323 -330 920
423 1187 545 209
1955 721 1540 1871
1666 1363 210 1720
25 -278 -1832 1207
735 850 206 1481
397 -869 -1052 512
1045 -888 -1203 83
1896 -1453 -786 332
1934 -224 -1143 1912
274 1493 -897 283
708 -1522 528 170
1157 -1199 973 1966
1982 1579 -764 1720
1609 1315 955 1063
1414 670 -1021 1107
280 -1492 -553 1318
6 226 517 1406
1322 -1609 -798 141
1893 1403 1081 249
1529 -1284 613 1436
926 261 -1538 52
1549 545 803 996
312 1732 -499 1378
208 -627 238 103
1373 1266 1213 1714
1067 -1420 -877 1541
887 -1283 -614 1462
437 -5 1167 192
1469 -1025 -1676 1792
1978 -143 -678 472
1882 -1422 1723 607
1345 1596 1420 62
1493 1164 -1463 100
1203 388 -455 1076
921 1814 -1681 1730
298 -1028 -1248 282
1245 474 1139 1033
1470 -977 -1661 673
620 -1677 603 90
713 -664 -761 1963
206 589 1043 261
1892 -881 455 89
763 -1901 -429 1772
55 1461 -551 634
1486 1705 732 337
667 74 135 1921
638 -264 14 1395
1050 955 60 1551
678 -1383 -1614 1812
717 -331 1218 308
718 1338 -1239 997
892 123 -1200 1681
1278 -1220 -787 86
1312 -1752 -942 824
1361 234 -671 506
1668 -1245 1338 313
1663 -118 -1430 1585
1630 1686 583 389
129 1824 -214 891
585 -407 1067 1470
959 930 -332 1131
286 -1049 -630 1236
1268 1284 1036 1936
405 -1274 719 1833
1576 1525 -1734 1388
600 -780 1620 1772
772 -1593 -992 1872
159 -1317 -1498 177
1456 -607 -1309 1549
1763 1163 860 1127
1639 -395 278 244
1743 -506 -1267 15
1553 -418 -920 454
937 77 -381 1418
103 1450 -1148 1939
477 150 1175 1514
1490 1866 862 878
1553 -567 1940 592
571 -1427 1550 790
1153 540 820 1739
1642 393 1466 1949
1923 384 1742 430
1082 -1833 317 1476
451 -39 -1020 618
1347 -1947 1883 717
1015 -1347 363 15
894 -79 -411 966
427 142 -1337 798
1316 623 407 1475
1110 -910 -944 1289
158 -910 -1825 724
913 1921 -982 1376
1685 281 -371 1706
470 -888 1969 964
1954 1968 -103 469
1229 204 786 1463
1422 -1428 830 1528
1024 743 624 873
1794 -1522 880 1842
1223 -89 1805 300
135 -448 -282 1381
28 -1472 75 1136
598 1881 -1624 1634
1992 740 -747 758
552 -273 185 1818
499 -1187 -1926 704
758 -1577 551 574
38 1407 1111 894
1082 1661 1873 79
1099 420 -994 754
491 63 -508 1453
235 1939 1393 1036
1603 -457 -1148 1227
1406 580 -1715 1021
1995 -1210 1062 984
365 -297 1871 1367
1868 -797 -1831 1175
514 1708 -471 58
943 -700 63 23
870 -1204 1831 439
350 -189 -699 378
577 1847 329 1840
16 232 -1978 1041
685 160 -676 1270
927 -258 631 541
1538 -726 1659 1400
1380 -648 1452 14
217 -128 -69 1561
1848 -1887 1457 1367
1677 -33 -1217 1082
677 365 1579 1784
324 1679 1935 1931
978 1561 1780 1905
313 -516 -1508 1549
969 -918 -253 532
21 -166 -1934 642
1572 -1509 1176 1283
1248 926 434 1418
1210 996 -526 733
1828 1758 -581 1462
1765 182 732 1876
89 -1365 870 1624
1167 -208 525 345
1433 784 -1432 1584
1487 -1362 -658 444
156 -1503 1736 320
208 -218 413 240
732 -882 1174 1336
297 1728 868 949
1713 494 1243 617
1796 990 -1780 1659
885 -1646 390 1909
811 712 221 1012
1985 113 -608 1644
741 1578 -800 1506
108 -909 -740 368
1613 -873 -1261 1268
530 -307 -1089 481
26 -1885 978 1820
522 -1614 -1630 1712
951 1965 272 315
1021 530 -1746 351
1323 926 -1329 1522
325 689 938 1902
1873 1575 97 113
1210 -1976 743 1150
32 1428 1571 523
694 -522 -1339 1953
1795 -142 831 79
114 1193 1332 567
178 1445 1975 1424
982 285 -842 1250
197 1237 -837 1693
1371 412 165 1122
23 -1706 41 1272
1179 814 1050 1881
511 541 166 1938
895 1184 1828 1174
648 -1761 1358 972
1951 -1308 341 1069
1706 -70 -103 1079
708 -1022 -974 860
1693 896 -751 1827
712 -1246 1888 1094
620 305 1486 883
4 -270 1365 1404
447 757 1031 1478
80 -1306 1047 1598
975 969 -190 1151
1958 1681 224 1725
1348 -1441 -1510 557
638 301 1240 1578
185 1480 884 850
529 -1059 -1012 1527
246 -729 1443 815
730 -1809 1793 1621
148 1665 -120 277
1519 1 -1028 1875
1452 958 -39 1589
316 -280 -475 325
758 -902 -866 512
1799 -37 -1430 105
813 1840 570 790
1787 278 -992 738
1961 1634 423 922
1425 -668 956 528
1187 -735 -1014 1115
1521 1480 489 725
548 -1519 1072 1644
117 1169 204 1185
1301 1724 1172 540
1814 -1122 -900 486
463 196 378 77
43 -1772 666 883
923 1682 -1929 1520
1280 -416 -1126 956
994 -1843 -1521 918
1723 -1930 926 1503
1949 -196 1816 815
520 -779 876 1647
420 -493 1564 1694
1566 -1632 -508 13
1186 -1027 -464 210
1718 -1668 1794 585
80 -1684 -805 1902
746 17 -990 1988
1269 1109 -78 1425
1074 -1417 1998 432
91 1625 -1499 797
504 497 877 1917
123 577 1150 323
5 -784 -855 140
142 -254 -466 996
1553 -1490 -810 1439
397 947 -1419 305
1909 -310 -1238 934
49 1675 317 43
11 1178 1301 1026
1635 1246 162 1267
1772 -1348 1125 1349
668 1266 1567 1369
1616 -1678 -1811 1920
501 -1675 1053 384
1184 1356 -330 643
1736 863 1669 1287
1174 -344 569 271
1532 1720 -1290 1888
955 779 -237 1157
859 -1521 13 1964
567 -199 1497 615
1726 -128 -1449 1228
740 916 592 917
1726 773 1291 337
1690 1801 -1114 1121
1253 914 -424 1708
658 1600 -1437 939
538 667 1446 1821
726 411 1465 1397
935 1212 1607 423
239 658 1794 63
1237 665 818 969
1509 311 -906 538
1710 369 -266 294
1090 -960 513 631
1465 979 -1747 1853
430 1870 -1498 280
768 1395 -371 384
51 1959 -1023 1470
1309 -1228 -283 416
713 -1340 1575 137
1943 1511 -1146 446
90 -510 1473 10
1769 1495 -291 1355
1646 1999 149 1986
666 -1409 -904 1991
1311 1194 -200 611
1012 705 -532 245
1317 -758 -588 94
913 -1784 1098 20
522 -1081 -611 1779
904 -683 -1541 567
950 -1022 1766 19
1396 -1088 -1139 957
1395 970 50 1775
1276 -424 -1602 1928
554 -793 541 89
43 1750 -45 1385
1379 781 -1441 418
712 -694 -759 1569
1799 -92 601 1577
1102 1031 -188 209
1536 1891 1454 881
1988 81 570 1897
1462 336 1854 1723
1701 1741 460 1804
1331 1848 406 71
1704 -617 -1342 362
896 -863 -724 1526
72 367 -716 563
1013 -877 1292 1034
1917 727 1466 1081
795 1364 584 1603
639 -108 482 285
1164 -1393 -1586 162
1945 1563 532 848
721 -1687 -1400 105
1763 1603 -214 1635
834 80 -664 1848
1989 -125 -1038 1911
184 -1541 1917 161
794 1592 1283 269
413 1178 -1013 1476
1850 -1036 -1096 565
618 -1741 842 1762
493 1208 -402 1506
1895 -1223 -1063 1469
1902 -1524 -958 1267
1902 537 -982 1461
1909 1402 -1953 714
1783 732 1671 1660
1339 800 -1047 617
11 -370 -964 130
424 -210 -1897 1279
981 -1769 1777 232
1687 -1279 1514 1502
443 638 892 1040
864 -712 -704 918
120 -1910 68 282
156 971 890 26
629 -1761 -1665 1288
436 -1373 1022 1770
490 666 -649 26
1168 1521 -587 70
945 377 127 1121
523 -330 531 881
242 -1775 1646 1519
141 -1413 724 1850
951 -1407 -1793 1220
1215 858 -571 1523
1672 457 -1557 1537
1146 151 -1607 1213
1727 -1664 -927 1064
1079 -1948 -1613 1833
1413 -1293 -1742 506
1871 -907 1605 1176
1313 -1040 822 310
299 1699 -117 1275
1823 1223 1883 1647
852 1250 990 1106
294 -603 1911 1222
787 -78 -680 1696
895 -1836 302 1290
1233 -666 -141 468
1060 -535 466 1103
983 1892 -1063 1856
1773 -1512 -1481 1907
1262 844 -1534 294
164 1378 -497 697
1391 -113 -1204 949
754 -508 63 754
1587 -1725 553 1439
1151 -543 1065 1326
179 128 -90 4
1508 -1900 1709 494
296 -299 1264 1479
1531 -1088 -1034 483
1707 -1780 -168 104
1229 1064 -695 1999
1606 1583 -1510 727
1938 -1506 -1790 1491
1040 245 1473 1751
435 1447 1166 366
195 218 -1830 1943
42 1082 -1257 99
600 -191 -1062 1673
720 -1402 1472 435
568 -1025 1740 638
1213 -1436 1220 1390
332 1659 68 935
1514 640 1662 133
126 -1692 51 373
1954 512 1559 474
501 -1514 -126 153
107 -896 1524 301
1947 1917 -1360 1444
1168 -817 1875 431
170 -1737 1163 1974
1818 1232 -747 1170
1769 -1243 1053 322
1553 -643 1883 263
834 636 1799 759
1663 1931 -1503 1085
590 894 1352 1479
540 -1428 1089 1047
695 -1379 746 1443
1906 101 -1969 630
1476 708 -19 108
1769 613 1430 137
1328 1973 168 99
843 1866 -89 1236
1202 859 -1743 137
976 -1879 1320 581
676 -815 116 1167
1698 1219 1651 1839
928 420 579 1541
1609 -1361 -662 867
1341 -1815 582 1166
975 1387 48 720
1318 -1914 -1942 457
1196 -653 -931 58
1762 -1878 985 488
458 885 746 1343
1516 531 -394 1484
1442 -176 1156 674
411 622 912 518
1723 -1782 -823 851
234 -1897 -223 487
1425 -1611 1004 500
1984 1761 1846 1872
43 -688 -1177 1429
536 37 1166 402
1954 1330 -1932 1544
1897 778 -1595 157
80 685 1831 253
1598 -912 -85 628
1966 1300 -1626 1781
78 873 986 1494
100 -881 -855 1138
196 -1373 530 1925
619 -932 455 244
1048 -1015 317 1091
605 1309 -1216 1996
418 -982 -567 1775
835 1602 -530 1068
253 552 266 1674
1653 1909 -176 1860
177 582 211 1911
684 485 1532 1078
454 1719 -358 982
994 -19 -169 1106
1799 -41 1980 56
384 -1239 -530 1417
476 921 629 1773
1406 -17 329 269
205 -1456 -1776 647
613 831 1716 62
1317 -1456 -948 584
32 994 -96 398
92 -581 -1492 1247
1221 1674 -1935 669
635 1585 -1921 1598
239 25 -1569 268
1931 1743 -347 1286
1383 -1385 1896 717
1748 1382 1980 120
85 -1872 -473 1376
705 1686 1291 564
1347 1136 -264 423
394 -950 1717 13
1449 1876 879 1682
1176 896 -694 1186
289 299 -1104 594
148 -1269 6 678
211 1921 -1449 665
1159 -361 -30 440
905 435 1064 871
154 -1319 -915 266
139 -914 1318 1357
1749 -1847 -1783 1709
131 -1023 1770 1037
1219 -1902 1670 914
777 -412 1098 1447
380 -1807 -902 1338
871 -311 -1245 93
505 1579 -671 1462
1478 1659 -1849 1903
1939 1654 899 1830
621 -1827 285 1166
1811 642 723 237
552 370 -776 428
306 1009 -512 1706
238 -1783 -1009 1353
457 791 1894 1632
520 1055 -1378 1223
593 -913 1878 814
1024 1951 -464 806
1555 -1236 -330 742
975 861 -304 7
1336 -750 1639 953
668 -672 474 1996
1722 -200 925 552
899 1045 -1247 837
1680 -15 -286 708
1355 948 1972 1012
1252 738 -1117 733
1165 1222 324 57
1455 1015 1157 54
1731 -429 792 901
922 -1599 -981 974
918 -281 -1744 746
174 -1184 485 55
734 1359 -1281 376
1876 1653 407 723
1781 358 -1874 609
1718 1375 -1106 1617
3 232 641 1189
1323 -11 -314 1971
945 1983 1603 1493
1149 -1914 -190 506
1321 1010 -1061 675
757 1532 -1688 1702
740 -1636 1215 1135
925 1733 908 1674
1850 1754 -104 362
1580 681 -1261 1653
133 -794 1509 1494
1228 1165 1089 1338
653 -1326 -824 1587
1207 504 1891 904
1948 240 945 1971
1364 -1663 -1325 145
282 -1620 203 454
93 -1544 -1199 263
625 1038 341 333
1004 1369 1906 1433
745 -1836 210 1962
88 -264 1948 1800
1084 -1728 442 1197
1531 -1156 -27 263
1282 406 -1430 1096
655 1002 -203 1190
693 -935 -1350 379
379 1515 -1255 117
1309 -348 568 599
426 751 1025 999
52 -544 805 1518
675 -636 308 1867
1218 1738 -279 1920
944 1021 1530 547
1537 1298 -663 1903
171 -1532 932 625
473 858 470 267
1195 285 -879 132
116 452 611 277
1451 1642 -1593 1150
1419 1966 -1024 639
963 1869 1465 1967
54 533 -838 25
363 1079 -984 1530
14 1367 196 308
574 1818 -259 1711
349 1363 1313 18
1107 -1081 -315 1502
811 -883 840 820
773 -1665 550 1673
1394 -1207 429 1321
59 -485 719 546
923 1541 -1215 212
1504 1978 -137 1608
254 552 703 950
1868 -62 -1839 749
1492 709 -112 1215
839 -988 -852 1090
1895 -214 965 1696
1500 -1893 1782 616
320 -1413 1799 235
595 662 1921 703
583 237 1341 624
404 -378 -690 202
1590 -1054 868 1168
298 1554 -1759 1688
1941 -533 1341 173
1597 1099 232 1804
1549 -1678 1878 519
1110 -294 729 1909
249 1814 -1149 880
877 -317 -1293 85
991 -1519 -1606 216
365 1001 -89 1661
394 -294 -1073 1952
1710 988 -1339 1662
531 1706 420 1130
1737 110 -69 345
1426 -420 1377 854
823 604 1273 687
833 -1538 186 741
1968 -1742 393 1728
1992 767 36 1401
