303
1516 187 501 1306
1789 -561 -442 1616
1241 -1883 -1392 88
1569 255 739 1883
1182 278 -649 87
1131 270 -1150 1070
1174 -278 95 1511
1507 944 -1416 284
1977 1341 1764 171
435 1501 -1499 1974
1039 1410 -20 1603
1891 560 -963 844
339 -779 1758 959
1132 -341 587 751
333 1392 -1582 1905
1960 -871 1308 224
1430 -1989 -1842 1930
800 1603 220 1
823 1988 -1685 1467
1100 1108 -629 531
776 -1763 1161 1749
1990 1029 -1583 821
1284 -454 -44 1177
1782 -769 -298 1227
1475 -929 -1812 1512
38 1972 1847 1315
558 -1918 -1379 1778
686 -1342 57 1696
1822 873 1275 234
616 -1705 -648 1202
812 1575 481 543
60 -1645 -578 1275
544 1535 -1462 244
324 -83 -635 443
501 -781 1024 424
1960 -783 1087 516
1955 786 602 1581
962 420 1555 822
1555 1488 1038 4
490 -113 1970 642
1326 1780 -584 30
1242 870 -595 1785
1469 1137 169 939
1706 113 -1738 638
1737 -398 -700 1742
788 -166 -1430 1951
411 1536 123 1079
225 -1090 1053 991
908 1763 -624 1190
73 256 -1004 830
1189 1460 565 1885
1637 1288 1769 1870
431 -483 -610 1021
1583 1769 1769 111
1667 612 -1265 1015
1455 -975 906 1922
586 460 874 236
1615 1585 -1458 633
1053 867 -1184 1949
1640 1 -192 1860
1685 -896 -1940 1259
1426 -346 1260 1541
412 -1041 -768 1015
838 1910 -270 1948
233 1001 -1507 369
670 107 465 10
1030 -1822 890 220
1507 -1581 -1669 1025
364 1855 728 1783
1821 1274 -1782 49
260 -1495 -256 1540
1525 -760 576 1259
1959 -354 -1110 564
1317 862 -675 1889
207 1691 -588 296
550 -1788 -1768 1507
1779 1131 -769 145
1136 -564 -1660 899
829 -1201 1243 288
1101 -1564 388 1617
1094 106 -1444 1557
1877 1519 1784 671
1928 -76 1456 99
1026 -1939 1208 1549
1354 -1265 830 1897
1532 -367 382 940
1622 -778 877 1994
637 1978 1111 701
22 -948 1040 1557
397 -650 -1915 803
1169 421 316 764
341 1115 1343 1436
1473 1723 -107 1424
384 373 1119 1563
160 -1008 -1983 1138
708 -1113 -766 1440
1797 -1923 -1469 579
477 -357 1661 1325
858 -1776 1480 403
1650 1826 -695 1138
1705 1546 -892 437
1964 -1481 1414 224
1577 -847 -488 1560
117 513 784 1593
1125 -1904 -432 1951
565 1892 494 1261
868 -1554 19 1353
646 1655 -1296 925
273 41 673 840
384 -1809 -927 1035
1059 1764 -1191 93
509 -112 46 152
1861 -582 1208 1225
1637 -114 -1195 35
1406 -1964 917 29
1554 -740 -1034 416
1673 1540 436 1818
253 -307 -1619 589
45 1497 1063 32
1342 1850 -78 1213
1349 -636 -838 1602
958 -563 1321 96
985 1175 1659 879
775 -1899 -1406 1976
1681 -1332 -1163 809
1602 -1193 1202 1717
1416 606 793 561
71 1795 -1565 424
869 904 482 1944
1903 465 -1744 83
1379 -1607 430 479
1284 -1136 -250 518
1882 -455 -1528 1863
1487 -15 515 723
1490 -9 1178 1457
1400 -1375 -274 570
1622 -1405 -1428 1069
1096 1333 -1371 1949
734 -350 1456 734
90 -1742 -384 1819
1987 323 1540 1395
356 762 -807 984
813 1241 1592 1710
689 579 -1258 530
967 371 -1474 721
1946 -1916 -1245 796
1433 -299 1875 427
439 1333 491 598
556 1991 581 334
514 295 1906 594
936 -941 -1017 250
1347 91 -769 976
1912 1937 1000 98
612 -699 -1603 706
1540 -541 -1172 1238
1901 266 -358 792
1221 1669 28 1766
1960 409 -1078 1075
516 -886 302 1013
13 -1188 316 773
602 -1836 -319 1810
1670 -613 638 1518
1360 -959 1443 1199
715 1549 761 1727
319 1587 426 1021
134 625 620 538
1600 1367 -774 1341
735 -1740 -463 1360
187 -471 1381 768
544 918 1946 1472
299 1987 -369 1799
929 544 -1754 829
1256 -1971 -1431 1554
60 502 -345 728
1035 -256 -1936 68
458 1680 783 1857
845 -1822 796 1084
402 781 1508 105
1191 921 -1100 444
1024 118 1793 1185
1443 -1159 1619 806
1467 -1902 1072 459
1896 -1252 1979 1385
412 -864 928 1048
1088 -413 -1805 1495
877 -599 1924 1688
1076 616 1112 305
439 -1847 1689 396
557 -1661 -1389 743
594 -941 154 1125
1780 -1292 -801 700
1639 442 -158 101
1970 263 -1950 271
304 -1934 1801 957
1712 729 -1777 979
406 1213 1252 1452
743 -1682 -334 23
1441 -895 -1866 1045
1873 1986 301 1421
1770 -959 1136 393
117 1914 -1499 1430
155 131 -1435 280
1725 -1308 -988 1635
1165 1347 1450 1859
1442 287 3 1109
808 1201 -1837 1340
670 -127 16 29
1270 -1893 -1758 1715
1176 1634 1093 1852
1583 319 772 1977
1690 587 -1118 642
1085 -250 843 816
1629 -387 -210 402
1240 220 -1415 729
1323 -948 967 843
553 -1433 -981 627
1499 408 -1078 191
1803 -23 -1547 1121
1511 1290 -759 383
1764 1292 1978 1972
1977 227 659 364
1888 -383 1196 1292
1288 676 849 807
133 1571 -1104 1722
1774 1548 -975 625
1807 1462 -1 271
1317 -1556 -1134 507
436 1878 730 765
484 225 1095 469
192 -1128 -205 1333
1526 384 1013 114
1546 -1247 -1983 614
1538 -280 -1742 1681
1979 -1544 1067 1380
1475 -1276 866 196
877 -1198 -404 1405
1744 -1388 -484 1900
840 1089 -1122 468
724 -425 1115 170
326 -1153 109 1353
1926 -816 1834 15
1855 -1061 366 878
1873 -1630 -250 892
1149 869 -614 787
1548 1667 1994 978
745 -265 -1476 714
1330 1710 1451 49
171 63 649 1187
106 -1021 1712 1708
1932 1099 679 1039
1567 -941 -536 210
1206 -659 -1593 1520
1305 1374 1106 1045
674 915 -1191 918
992 -1504 1171 1895
680 -311 1089 498
1503 1219 -125 199
1313 -696 -223 230
1117 -1331 1111 839
1047 -324 90 562
373 -230 -265 775
707 -1820 1107 104
415 -10 1766 1914
1437 -1988 676 1464
724 1912 -601 608
1598 -687 981 787
972 1378 -1096 1337
1888 -210 -1869 1755
770 702 -963 791
1564 -241 1324 1536
94 1323 -480 812
1274 -690 -503 596
1737 420 1266 1767
196 -92 1077 759
1963 1614 461 202
370 -1811 -801 1466
607 1267 78 1622
62 -1759 1155 863
1997 -1750 829 1740
1424 -1547 -501 1398
1918 -1015 402 1548
850 687 1416 1217
939 -1191 727 1577
1772 -1906 -861 976
1180 -999 -716 562
1144 1438 -570 1284
844 141 405 490
654 1503 -162 607
403 -1183 1950 128
1384 -802 -1493 721
1626 1519 1086 678
1566 -576 1969 1259
154 223 -967 1757
1210 1171 -1986 1743
460 -335 -1992 566
1716 1487 1965 93
1785 -208 -1515 1826
1094 -1603 -1782 1207
778 -1580 -1001 882
1480 -1611 1624 381
392 499 -1825 1255
628 1144 -883 768
1916 -1544 1026 577
