1890
1456 1286 -264 303
466 -635 -1345 444
1879 -658 -1575 1914
1891 1834 -209 1627
1600 762 1933 70
136 957 -1529 1959
1788 1657 -1937 940
1808 1655 -1185 57
1740 -421 1919 1285
636 -25 1826 1515
273 1365 1028 1418
207 -617 -1390 1094
1373 -1837 633 1700
1480 1958 -743 338
607 1673 -992 844
248 1167 1417 648
186 -1666 -13 716
1809 440 895 834
782 -469 -1557 299
1460 -1222 -760 905
1644 -1608 -80 483
146 -1587 -438 1381
837 -1089 692 1917
1531 346 52 1231
971 -581 250 898
161 -1386 372 977
1565 716 1203 1387
1428 -1241 -1697 404
974 1364 1930 1362
1046 1223 -978 352
606 1883 -432 46
552 630 1535 1631
493 702 52 1289
234 -1167 -382 1449
1934 965 -886 284
254 756 -931 743
1538 -1949 -34 1041
309 -625 -33 1780
1336 1579 1199 1455
591 -156 -1911 982
562 1606 886 1808
1230 1157 660 665
674 -356 -254 1774
1203 -1089 1810 3
1720 -1445 787 1664
862 -1178 625 1359
1637 -1929 -394 1168
977 -219 -152 1718
1610 -255 -254 712
1580 -353 -1176 1025
8 124 732 1679
721 -899 1184 167
528 -555 835 608
97 220 -582 292
1780 -87 1052 1602
1388 882 -499 574
1443 217 -1451 1152
1604 -1987 -1848 1969
992 -604 253 113
634 1731 -264 356
1995 -596 -1120 336
1502 -382 350 480
1141 -732 -1900 676
1298 245 -1478 383
1807 1131 1005 1144
1511 420 548 553
1018 33 -1935 1459
285 1720 319 1672
1496 1249 1428 1792
1142 -997 1186 1141
1960 593 183 1350
1634 431 -626 984
605 -1191 -446 528
899 -1406 -1504 1178
1879 1394 -1025 869
826 631 -189 1061
1367 1932 -1860 416
456 -599 1524 161
1806 -1479 521 1097
1325 -1012 101 568
573 -1881 393 1656
890 3 299 35
101 1715 -1413 1560
754 254 -868 1642
152 993 -1993 1393
1412 -1972 -1521 87
774 123 59 91
49 -764 -1968 1042
863 -572 558 513
1244 1164 1143 1012
550 1133 412 251
52 1376 1184 1015
924 483 -917 225
1242 771 1390 436
128 -1324 -1564 1710
1376 141 1088 1475
1604 -1915 -172 362
391 1139 -853 1374
1658 -601 -1949 814
1840 1971 339 1293
1137 1597 -638 658
1819 380 1537 1450
924 1136 1035 513
746 1454 -1948 717
299 1803 364 707
1197 -1246 815 719
415 669 -1297 1953
6 1376 1261 1515
633 1210 -506 436
1782 1180 1324 1031
1627 -842 1143 37
621 -1762 1917 1231
724 1631 -190 573
1773 -1021 -375 505
887 -1447 1691 1380
1479 1364 -1005 1297
1316 250 -1487 101
1323 1121 739 110
780 -1277 -1976 872
1115 963 -1768 969
1600 -408 865 54
663 -1434 103 1644
1473 578 1263 888
1 -1832 -1762 1199
1904 -1326 -1732 343
1706 -803 570 1068
143 -1571 1764 588
611 -1252 -493 1579
62 1062 -395 1520
1916 -735 -691 326
1341 -1908 -276 1356
406 1714 -1118 150
1183 -1449 1355 121
884 -1531 -629 1763
1236 1194 1448 48
149 1713 -1535 1798
126 -1902 -488 602
827 202 1683 1705
940 161 1274 369
694 -1359 525 1828
880 -508 -1550 124
952 368 353 129
1436 1478 1755 629
433 357 -234 601
336 -1208 -737 389
1764 313 -314 1204
1581 -458 1895 1877
831 -1159 -720 171
820 -539 893 606
1734 -1277 172 329
646 412 -1076 329
136 -1309 1397 804
916 -1894 400 1024
1735 -308 -1785 1751
832 -417 676 266
1059 -1074 -43 1787
169 1706 1647 465
1678 275 427 1624
50 -971 1275 366
1369 1883 -355 1032
811 395 -983 1275
1780 265 564 1123
1621 616 1140 287
1009 86 1405 1874
1473 -1839 63 612
897 1034 -481 656
960 1948 1565 355
628 1802 -897 227
884 -74 -720 358
700 571 227 1334
1053 509 635 1732
186 1114 -1193 1986
1499 -1929 492 1336
1518 -1646 689 1871
1777 896 -1452 25
1130 -1655 1782 1527
687 641 -846 1617
190 -1995 222 50
438 -53 161 122
1244 634 -1013 314
1560 1146 189 891
661 -1024 -341 1767
900 1979 1515 63
281 138 1291 19
1341 191 -1575 989
1002 -1750 251 1111
1010 844 -1625 479
1401 -1839 626 10
1830 -1478 -1832 63
630 -898 1701 248
1673 -492 1418 1524
1603 1922 -1261 1912
1836 1910 1169 521
1137 -1453 -439 51
481 -235 1836 1237
656 -174 -1108 979
231 -708 112 1923
690 1968 572 48
289 1521 -21 1643
1511 -1398 555 1092
430 -1130 1890 613
482 166 955 1160
881 -231 -1377 1756
1505 -1066 -651 1060
778 469 1193 311
248 1284 -1992 305
730 -1491 1321 1713
598 -1846 -1498 1369
1667 -22 94 130
1613 1675 1908 805
84 -1250 1725 1154
941 -812 1638 541
1023 1176 -769 1740
808 1691 378 538
390 687 -462 728
1502 -1048 -181 1799
1497 -1041 386 798
1106 1767 -1674 1210
345 1224 -1098 1033
1651 -1100 -1073 894
663 -234 -274 465
1810 136 -1014 396
996 1791 615 479
609 448 151 1228
114 227 836 747
913 1070 1271 408
288 -1160 -1919 352
1891 -931 107 472
817 591 1698 1718
919 1797 -1439 1157
1877 1982 1134 198
1535 -1129 1596 1706
541 -1803 1537 1896
1451 -210 -103 93
1258 -264 1684 1943
573 -1929 -134 1450
461 -1112 717 1371
22 908 -801 1863
1767 -1914 -192 317
534 -235 -1153 192
1962 843 1434 1318
383 -81 -539 1243
966 1231 -25 1887
1954 1734 35 1764
123 486 1352 1041
175 -665 1449 913
636 -4 1759 453
1944 -1533 -254 1870
521 490 -791 1380
1677 -487 -420 1282
1476 540 1475 1591
336 -1166 -157 486
828 1375 -226 1623
18 -982 -1409 804
1987 -1313 1611 1965
1956 1283 1908 852
347 1065 -1072 1602
374 -916 -1652 64
1156 1435 -1165 63
601 -164 -1523 1024
1119 1158 -14 1101
896 564 -357 366
189 -553 -432 1125
410 1260 -256 1715
735 -1643 604 1728
249 1489 676 519
790 1051 -1603 1671
781 165 834 259
692 871 569 1539
856 -764 -1000 1889
105 -822 -66 637
362 577 1074 1738
1205 359 556 1966
278 1418 457 614
1227 492 -966 287
1130 -1392 1685 366
139 969 -1185 298
58 119 -708 284
262 1307 39 1302
213 -1184 -1920 1065
878 -564 -492 1885
109 -350 -6 141
514 846 -1905 1832
258 1880 -673 1506
1349 -1639 852 1840
534 -362 -366 352
1159 1902 1768 1839
1194 -1116 1656 800
1528 -1700 1927 700
62 1825 1314 381
1547 -1679 720 49
1444 1048 1677 1533
1217 -202 1640 424
1293 -1201 -1658 1243
1769 1229 -1124 1224
169 -286 -154 1264
1765 -1313 814 347
1306 -1699 -887 884
679 1987 -580 731
209 -922 1916 97
863 -1003 -795 975
1390 528 1505 319
478 1980 549 65
1011 -1451 -406 1160
613 -1145 478 1387
1056 -1528 -1808 1796
1749 -1213 -461 1780
87 -1816 -1024 13
1567 -281 -1474 518
1257 1234 948 1467
277 -427 -1663 1867
1750 -721 1090 344
678 -1298 -1553 1530
384 -1028 716 1341
1845 -1282 -594 110
1480 1616 -1161 929
738 -244 -155 1294
30 1825 481 576
622 -80 -796 1077
116 -1016 346 1729
986 1191 -1559 634
267 -860 1720 541
679 -1536 688 968
611 1513 -490 1614
7 -187 -1887 918
1902 -1303 -1412 1836
393 1403 396 1999
684 -203 26 449
832 850 -1393 843
544 -1951 1593 1014
1276 -1879 1827 466
1592 265 -932 1587
750 -632 -260 191
648 1872 1156 625
1703 892 1914 57
1615 594 -370 714
1816 283 -647 11
1919 537 965 295
162 -1880 -1684 1261
1592 -1917 151 80
1511 -738 363 7
1868 -1141 182 1806
1575 -418 1850 1124
460 681 283 475
290 1479 480 252
1288 -1692 -659 240
1435 -60 155 967
258 1856 1028 1909
1555 239 120 960
602 226 1463 356
729 1474 475 1295
1378 1266 -657 949
1647 -99 5 557
939 -674 -1230 273
1127 902 -644 1810
1878 1647 -85 835
1744 -1932 -1744 1465
579 121 573 1361
1853 524 -407 1738
1284 1578 -85 1671
158 -1129 1294 1950
1865 585 1622 1595
1444 -904 -305 1742
1572 -696 -1030 856
1009 -271 -1044 1379
1814 -1357 1075 631
852 1889 1464 453
447 -632 1135 1232
1263 -1638 -849 1407
945 797 296 781
948 1085 -1034 1593
765 1996 1541 1607
1939 -1284 234 1468
1363 -341 -1474 1077
1069 -1002 -96 689
1029 1534 -436 1379
371 -1219 -673 1249
147 -1985 1956 1719
1958 -1723 -1237 1125
815 -1825 -483 1821
1367 -963 -1289 1798
762 -72 -33 1052
824 828 136 1533
1925 1483 778 1613
153 1121 396 1699
176 1362 -290 1418
1818 1750 249 1281
525 -1530 -392 699
830 241 740 1472
1916 520 -1281 714
1429 878 -39 1753
607 -1793 -1716 1152
1809 310 1628 341
39 -961 1378 1157
97 184 1242 1677
1236 -674 1027 1058
1575 -18 -1385 1210
1784 -957 -1984 1313
101 -1348 -101 262
1491 1981 1397 1163
123 -844 -134 328
1448 -1415 -1688 1944
474 1553 -1011 1866
1861 1831 1511 1809
1267 -1454 -231 1541
830 1644 595 1488
1143 -1972 -1682 1618
658 1536 518 1758
1671 1123 395 1546
131 -1588 -156 1267
1637 594 -740 1607
161 816 -1065 553
384 -755 -1585 544
1774 840 1135 920
1083 -184 76 1343
1851 833 1689 1929
646 -21 -1154 941
1464 -1289 -1678 614
162 -481 -1134 1188
631 -1742 -1492 40
1312 1179 130 1755
265 1510 66 1687
401 941 482 1628
1358 -1587 -1778 1741
1287 403 1691 1137
1656 -961 -299 626
1170 -1287 1786 209
1080 517 -1389 1520
1730 790 359 1878
878 -1796 1735 815
1642 755 -508 1658
1500 -1721 1511 233
650 1068 -1583 1476
1826 261 -1495 1622
627 -1304 868 190
1522 1633 56 400
1367 -1854 1064 50
157 -911 -162 959
85 331 1252 1719
227 215 -1773 285
720 1130 -1254 1544
438 880 -724 386
1079 -1759 -867 1420
1479 -219 312 488
13 -1392 1769 302
1478 1691 1423 152
482 305 440 805
1093 1367 1350 1642
1511 561 1872 860
709 -760 -1071 983
1470 -303 -1666 58
1590 1027 1994 905
310 263 534 442
1002 -1197 -649 232
722 -115 1623 483
769 -1029 1325 302
1233 -426 -174 688
1230 -1294 383 1780
1830 -853 -1566 1337
751 1826 -1818 1618
1057 645 -80 1686
808 1264 -739 1105
1683 1483 -1548 802
1224 -536 982 91
430 1699 1039 948
97 -1284 1980 1497
881 -241 -395 1799
1203 -1193 -1977 883
1342 363 1284 435
400 1658 434 546
167 -1355 -1964 1856
185 501 -1153 1808
1436 -394 -1083 329
878 547 1905 1510
1774 666 -1379 1766
913 -1410 1909 316
1134 -111 1218 1072
1170 1471 1315 316
61 1907 627 1535
707 -945 1587 430
1997 -604 -1771 766
1317 471 1184 1531
1965 -1439 -1137 1109
985 1406 1645 606
560 -1997 -267 333
175 523 959 1181
1174 754 -1376 94
1225 -1626 -1784 1539
720 61 -898 531
1735 1408 -444 249
463 -1136 1253 1668
1499 43 -1262 503
596 -1948 -1703 1498
1846 -65 840 1239
1776 -1242 -1539 1630
1352 -1492 -455 353
1173 1918 1422 985
899 366 -841 287
131 1606 569 1588
552 -1459 -1327 1129
970 -359 -1507 1624
39 1453 1213 1145
1053 1873 383 941
1106 -1779 -473 616
524 -1249 1244 1710
1337 536 362 173
1209 -1803 1565 1299
718 966 -194 180
1779 -898 -1269 933
834 563 -457 1876
1516 -1516 -1706 1053
1862 -1036 1742 1654
614 1607 1382 1876
218 864 -1159 68
289 1394 -1816 515
1808 -1624 -504 374
270 1585 1053 595
552 -900 652 950
1198 1034 -1205 1278
228 1306 489 1357
562 1646 317 1979
53 -319 523 1155
11 1265 1340 1684
619 -1631 -425 1073
491 599 1947 482
680 -531 -1294 97
1042 398 1420 750
1516 157 -1757 1452
1568 363 -753 1025
650 -651 -1234 842
1960 97 1290 628
224 -224 1370 404
1642 -1614 721 368
546 428 416 1364
1815 1067 1882 543
527 -1853 -1680 1331
1281 904 1784 760
793 249 884 25
1831 -351 -1838 805
1200 460 1493 863
284 -294 -453 1327
822 675 371 1824
1520 -1288 604 1535
412 1508 427 2
1443 -1812 1535 1551
1010 -1174 -1903 1664
1049 1124 -1716 422
538 -1363 1291 387
1280 1936 1888 1134
1173 -941 -1622 323
1546 656 -1253 833
1731 -1722 520 778
104 181 167 1350
6 811 -1898 864
1420 -510 -171 1463
111 -1481 641 1599
1702 1383 370 1454
782 1620 -1902 1727
1063 997 -1836 546
389 799 -1368 714
240 1838 -93 1821
1204 -1862 699 1384
1378 -1501 -1615 1753
573 -1018 -856 1059
1550 -794 -1681 925
1665 235 511 451
1606 194 -1846 756
192 1086 -1198 1474
281 -1051 355 757
796 -1308 -1854 840
1370 1183 1571 523
1254 1720 320 223
1737 -474 -1153 1325
446 -154 1520 1152
1207 1127 943 1350
1590 -51 1809 1298
1909 1800 -1611 221
559 -229 -1386 337
1716 1831 -1323 1501
697 -222 -27 1140
294 1687 -1828 1021
198 -303 1070 372
1034 527 1974 1448
134 1169 -1136 75
931 1022 -711 1781
1164 900 -540 418
273 -1904 -363 159
934 -1880 1710 689
645 -1815 1202 958
1784 1292 849 225
720 -1066 1966 282
1617 -1949 1822 956
515 -160 605 78
3 -1820 -814 1131
1375 -1954 -1121 1057
1758 -508 1520 134
774 352 -1070 1662
1076 -97 -383 1270
1064 1805 -1306 1853
1334 1609 -368 1605
998 1158 -1280 678
580 1009 -1 108
1952 843 662 1716
640 1121 -1529 1971
1610 -458 592 1215
1306 998 457 932
1074 256 -765 112
164 -1179 887 231
1322 873 -1076 399
1679 1809 -691 629
1204 -1863 -400 1543
252 -1686 1196 1864
1567 -1858 1844 1472
1451 -239 1023 1241
30 -712 1425 1619
1982 76 -1354 1120
1873 -622 -1381 249
709 -1601 -1822 935
1897 808 -1538 219
1650 -1612 -77 1926
1608 1198 1345 1761
1222 1101 -1570 1143
1805 -699 494 166
1377 27 406 802
522 -1288 -886 1186
821 299 -1902 881
1473 801 457 1486
243 -334 399 1820
386 -1910 124 531
619 662 1946 317
846 -1681 -1369 250
943 -1711 -1935 1308
870 -1656 -923 1180
1375 1406 951 1523
763 -96 -663 994
605 1309 1069 379
1742 526 -1711 421
474 -893 1933 1851
721 57 591 958
487 -1238 -314 927
132 -397 -1460 758
1156 -369 -184 1518
1991 -1613 1231 550
435 975 460 241
285 1459 -1019 87
596 -771 337 1762
1830 1663 1966 1058
1625 1395 -1076 1018
1876 1073 -1683 1872
1683 -1921 -965 864
1846 1336 -1034 1082
1954 -1374 1829 848
462 -1558 -1241 1577
1864 888 -1361 81
1150 78 176 342
1365 905 961 1260
534 -1186 1769 1066
1612 1289 -684 1547
375 -1241 1027 255
1083 -378 536 1239
98 1407 -743 1804
646 478 107 920
1480 -643 -1305 1195
252 181 -458 360
458 -1109 1602 1333
783 910 -1109 1199
682 -1362 -644 691
1679 13 1702 278
663 1621 329 1119
1262 1323 975 215
1956 444 -11 336
477 -604 1710 267
1857 -185 1309 1024
124 83 915 1962
1103 711 879 920
605 310 -1318 766
895 30 705 1586
145 1215 -1127 735
1075 -1217 -339 261
1496 -1187 -644 279
1642 1070 983 1227
1524 1560 551 462
983 594 -1657 574
1878 -451 15 1662
1465 1554 1779 629
382 174 -1457 207
499 -542 -1053 1674
1598 919 -603 43
1797 1129 -535 1351
1766 -863 -1243 1290
816 -1362 1558 851
1352 -1888 37 678
1270 990 442 665
1013 -1946 409 343
678 1905 1169 208
1741 1481 -213 7
1267 970 1403 883
994 1647 -1658 1982
60 -843 437 985
565 -663 -490 1062
244 -380 -704 1660
1478 1661 966 1815
11 1725 -306 742
503 1876 -1204 571
1586 532 -1315 1534
1561 -973 109 603
1931 -1930 -495 1087
108 -1236 -1799 687
1301 -1965 1063 1665
1458 -829 432 1840
947 1333 -1035 316
139 490 1822 456
1604 589 -1419 1227
42 1453 -1382 527
1627 1805 1644 1093
1357 -1509 -747 815
8 397 1189 597
1480 1516 -1327 817
380 1201 -327 211
1786 545 934 269
1801 1198 -724 1111
965 -190 1234 1820
126 304 1383 1708
409 -711 -1474 392
1790 514 -458 1993
1848 790 -1691 1754
280 823 -639 1641
403 -494 453 1066
127 -1783 -1819 1284
970 -191 -443 1506
1747 -7 -1986 707
1119 1625 1676 378
277 1012 1907 110
1810 -545 -789 843
1158 1988 1979 272
709 448 -1870 1696
1352 -135 1697 1745
537 1264 -778 1279
1210 -1712 155 778
15 1674 -1189 467
943 -648 214 83
631 610 1940 1829
1271 -1884 1637 1127
643 -693 -1416 109
1235 563 1273 622
147 88 696 613
1604 -997 -1446 753
1289 1491 727 37
507 -976 721 1769
390 -451 -83 375
1401 -1972 770 1103
970 1965 1520 1923
816 -1488 -1273 1708
599 1031 -1717 1283
912 -1304 1855 1128
1630 -955 -1588 1135
1241 -1807 -1936 286
1295 504 1107 1969
1486 -587 1324 422
716 1584 -310 1425
719 169 713 1161
1077 -735 -1828 1625
654 17 -806 1184
812 -561 1318 226
986 751 1571 1284
1506 -1666 -22 1299
1238 1893 -1305 1262
1512 388 1126 264
577 -1371 0 1719
654 -1609 -1308 808
446 1125 -1992 1544
566 -879 1761 732
1405 1787 -255 42
1616 383 1690 446
1631 -46 -1437 694
1246 -1309 133 1126
325 -651 1580 517
417 -1649 -1491 462
1200 -1542 1194 1728
57 -1871 653 1679
514 -1826 -1407 1777
744 983 1472 513
1323 1302 472 1839
606 745 1017 317
1259 186 -515 1044
270 -957 942 1645
229 875 485 1289
1382 851 1481 1066
201 -989 1589 1735
794 1641 -177 1836
408 1425 664 1687
841 1290 -598 1245
1444 -1611 -1247 1763
853 -625 451 149
668 -1834 -775 226
878 -380 1740 589
787 949 -315 494
774 -1032 1027 1503
1561 -516 -830 464
1774 -218 -967 52
1807 1402 1425 1170
1686 1810 1142 308
1782 1950 498 843
1440 1585 1361 1913
1935 1454 930 293
605 -205 -1693 1307
1739 860 -551 1513
1421 934 -270 516
1323 1997 396 1649
1634 238 1162 684
609 -1786 1995 180
13 122 -807 909
1069 -936 113 1388
814 -1540 1752 1775
1872 1523 -619 1123
1447 -1565 514 252
1323 -182 -187 1040
792 -1081 1108 556
207 222 1512 1518
243 -792 1727 585
461 -85 1057 1940
1865 773 -468 907
1831 -954 -1667 1868
1930 -317 -1652 1052
1068 -407 209 1712
216 -77 -1033 1940
175 -1457 712 1063
1412 -622 227 1693
1872 304 -368 716
1598 -1761 -566 447
320 -226 -775 678
328 -1042 -1271 1956
592 2000 367 784
1363 1394 1155 293
321 -1431 -566 449
1375 1037 270 282
1525 1819 1289 1476
350 -755 -172 108
939 1682 877 481
192 1051 -1783 917
406 1584 -18 400
1528 415 -182 1725
262 -837 1640 1596
612 1979 763 894
668 -1903 678 1292
1688 1412 -1414 193
1673 974 609 1995
691 551 -1559 718
142 456 682 817
1495 -38 -1816 158
1500 -375 -1559 1590
1780 -557 1669 1803
773 -1593 -1233 725
940 1996 -1576 878
1561 -1980 -1185 214
224 220 858 559
249 960 1571 625
880 -1239 -901 728
630 128 -604 1953
414 292 -1542 417
1905 1266 1844 1534
1946 -1569 -1834 1555
1547 1159 -49 784
1783 1873 -817 1432
1605 1288 1032 594
1459 -794 1759 1161
1233 -1026 -1323 44
1378 1813 30 670
30 -1192 521 39
1715 -29 -274 401
1039 213 -1370 92
280 1633 40 762
596 -1883 -745 1027
1057 932 -588 1523
1806 -1639 703 999
832 -1806 614 612
239 -1739 -434 400
774 -941 -1121 55
1366 1762 1554 903
1731 -268 -394 516
1845 1058 -300 1829
281 -377 1224 1573
1262 1838 223 67
489 1158 -713 1218
449 777 -977 1674
739 -359 -1757 981
575 851 1183 643
665 1645 -1705 38
1129 -510 -269 135
827 234 -214 127
1776 -1324 -1232 799
1948 -1639 1800 1816
1318 -21 1423 1684
1450 -1210 1329 539
1770 1678 1294 943
1801 1409 -1017 1873
607 657 806 553
728 -1385 833 594
1332 1591 -856 1835
761 -474 1106 295
1116 -1343 511 1230
652 1664 -578 154
1383 1442 -1335 155
1107 927 1967 1539
535 1543 1391 571
415 769 477 572
1451 -362 1862 839
96 998 1108 1150
1797 -1771 -392 776
792 -482 1707 769
1719 301 -1518 631
967 1217 1796 1022
1569 640 -1070 349
1712 554 -1648 1439
852 -132 1501 579
433 1394 -1135 397
1937 1481 -1412 1635
686 61 1454 160
1545 1096 998 100
278 -1353 316 929
349 82 -1013 320
539 -32 -1407 1787
31 -174 -1180 848
637 -1655 845 484
1422 -1365 56 509
1902 -393 1448 199
1373 1902 -1790 993
1919 -1247 418 1757
204 550 666 1443
1376 1817 1015 1774
300 1882 -99 1213
435 1154 -1874 660
1726 777 1287 1433
729 1178 310 791
1156 -669 -1865 1566
1778 -1781 1369 241
13 1440 -284 1974
736 790 -618 1434
1612 -938 -1391 1530
852 -763 1653 411
1920 1009 -520 4
702 948 -543 1727
108 873 -868 283
736 740 64 636
480 626 -1422 1754
122 -337 -658 1438
621 -91 966 1480
206 -923 -960 1404
1829 1108 -442 1823
1581 -1333 257 1391
55 -1854 -901 1017
167 1996 1816 65
1926 954 -1314 909
958 48 1218 650
785 -583 1358 966
515 -333 -1772 996
1003 -1925 -829 1531
1990 -434 -1988 375
1604 -850 1663 1319
921 -1839 -29 1453
77 1217 1624 913
669 987 -875 878
360 395 1498 1316
1746 1594 573 868
1668 -1151 1379 183
1882 -719 -988 312
884 -243 1399 5
885 -1049 1446 1186
1159 217 1289 581
470 -1254 97 1739
240 -238 1444 1682
1659 317 380 285
1183 -1668 1766 1892
1672 -1457 93 865
1829 -1934 884 115
876 -1841 -1230 1327
548 284 404 1466
1561 732 -1815 1408
1259 695 547 929
1087 -1828 -952 286
1693 -148 -1691 1776
1456 -432 1467 1186
1049 627 1527 1634
1549 816 -1123 516
1154 1289 -1035 879
1334 1767 -1480 605
1224 -1225 1436 1583
973 1513 -1153 872
1724 1581 -1969 525
642 -1214 -1424 1179
479 -227 1941 641
1880 1731 1070 1825
1955 816 397 308
1405 1670 1132 643
983 -609 1220 1966
693 964 -943 1561
1150 -230 -1791 90
671 908 -1336 205
1640 -252 1160 1200
1741 -1610 175 1111
934 -1858 1461 105
223 -186 1036 881
313 -683 1819 190
1207 -166 1217 1219
898 1658 -929 504
486 432 101 1655
1314 119 -1192 1839
732 -1920 326 1477
1643 1006 635 1694
1899 1799 1021 615
221 1393 1896 221
1060 -502 396 1461
408 -1850 -598 837
1399 1110 58 473
191 420 -1549 1279
502 1465 -674 1371
242 -548 478 532
1889 273 -1043 325
211 -1855 1786 45
987 -1517 783 1295
1313 1336 -5 1283
1474 890 -1313 339
1391 -1883 -1554 1167
1914 -378 -442 842
1244 1707 -201 410
386 175 -493 1147
827 714 284 221
524 1124 864 642
588 750 -257 1601
216 192 880 1718
944 -827 -457 319
376 -1327 254 784
1528 1696 -1943 1296
317 913 1601 202
1749 1725 -1600 1437
1639 -774 -1155 413
697 1985 1379 1999
1272 1318 608 1457
1172 1221 947 480
1984 -1972 -1769 463
1366 -1258 1052 999
1106 -472 -686 961
1794 -1893 -1856 414
924 874 -303 1456
1144 -39 650 46
1410 -554 584 724
1930 1611 1250 400
1619 -410 998 1942
759 921 1068 445
1937 -724 -1352 112
1681 9 -1649 1743
300 515 1408 1499
1786 -1929 1580 941
1878 1786 -894 1183
1794 -542 -624 977
1216 274 -744 262
1098 -1984 -1210 1588
138 -1179 1260 8
1475 1817 -350 240
1350 -1419 -1234 1807
302 1913 -663 636
1381 288 -1431 1507
1036 1021 762 1170
1591 -1739 341 173
1183 3 1917 44
1214 208 116 232
486 1291 -35 1601
1691 913 -861 1002
1940 -138 -1451 1099
942 -1412 59 1247
1577 -1289 1383 708
121 -949 -1029 1965
1718 -1931 -950 1635
1452 -652 -1896 1296
956 -1729 -1057 1650
73 1331 1725 1550
476 -579 -1495 459
1105 -1680 191 1219
8 -1924 -1429 405
68 1487 1393 1446
767 843 -631 1995
1956 1092 -1054 304
1460 374 -1570 1908
1938 1310 -1032 107
711 -1471 -1387 1451
14 1281 -90 943
521 318 1719 1431
1738 -1993 1505 646
1643 -713 598 1587
359 -522 -23 376
1886 -660 1642 1382
1813 -692 -10 415
1460 -47 -1295 1147
1270 -664 -161 1076
1132 -526 -1189 857
1418 700 -333 799
169 12 -539 379
1300 1787 129 1465
1995 -438 -1578 440
642 1080 -878 1948
1395 1638 -1860 1339
360 -548 76 273
386 560 598 1884
1237 971 -993 1936
809 -64 77 1779
1339 1940 -1990 210
1914 -360 -43 715
490 -1992 1606 433
1668 369 2000 620
1556 1185 -326 278
1658 1641 1695 1150
1818 -1964 -693 1961
1628 -1337 -360 460
1628 1424 -873 1315
1339 659 -39 494
204 1627 -966 1662
856 962 -633 541
794 -206 -1331 1363
340 1529 -1213 753
393 1741 -662 1034
1760 1755 1665 693
407 -189 -891 173
1454 785 -1972 241
1432 1949 543 52
1934 -1123 641 366
347 -644 -1089 729
464 -1557 -1402 1572
930 -1032 1139 1076
87 426 -454 190
717 -944 151 1055
1795 -1433 1613 100
1006 896 -678 1890
582 1270 1411 1199
310 -1766 1696 1447
1999 -1044 1831 1848
1541 -467 -212 1862
65 1600 435 1736
845 -992 -1745 537
1243 443 -1850 248
1375 1652 -613 968
496 -718 1772 1009
75 1252 808 157
1104 573 962 363
1523 588 141 832
476 -499 1147 1089
903 929 1483 299
405 -901 558 1419
490 451 -740 1798
1549 1559 -1650 386
1434 1712 1343 763
739 364 -1772 1471
1675 -261 -1512 418
698 1427 -188 1995
1084 -749 -105 1189
545 1944 1027 511
1263 543 780 237
875 -815 969 580
4 -1466 596 738
520 -1178 -551 1012
1725 1307 -83 1565
1786 -56 -597 1798
1819 698 -760 1720
304 260 512 1108
702 -1424 -1215 92
28 -1018 778 1783
1688 -565 -1327 1505
608 -1704 -175 792
1257 -922 422 1488
1724 -809 1315 1728
1396 836 1967 1747
961 878 433 392
935 684 -394 307
1936 914 964 1993
1238 1905 -329 1320
762 655 -1870 493
1104 -394 -352 1179
928 1764 -1474 859
135 -1449 1432 1526
324 -229 -918 13
747 -493 -1945 178
1989 1842 1806 988
1502 1141 -543 199
1526 -922 15 1937
1329 685 -1398 1007
551 1045 221 1126
372 -437 -66 146
585 1155 1650 194
1321 23 970 1225
1821 761 -1946 1311
785 322 -1321 1359
37 1409 -786 1367
1260 602 1661 1514
1248 665 -1014 769
1804 1109 1522 1238
593 895 -1542 1495
1106 -781 1487 633
1879 401 1254 307
1902 1135 -530 1966
1845 1580 -237 1212
850 -529 -1255 1390
443 1938 -642 1084
286 1758 -1727 1938
458 -923 -271 1597
1252 1886 428 177
644 154 1433 742
1621 443 -295 279
1256 1577 518 242
913 -504 -1627 906
409 861 -43 200
730 -1488 780 1670
230 -1225 608 755
609 1314 1271 658
1554 -1941 -722 90
326 756 928 711
1901 362 907 1128
571 969 1479 1663
696 -1312 413 1796
1201 234 867 1138
629 -1565 -640 1417
1560 -859 -1798 1994
963 1336 -698 158
1794 377 -683 1600
581 -1163 -980 142
1023 718 1062 444
1194 1040 470 1920
98 1284 -613 775
549 -385 68 1759
1289 507 1843 1579
1222 -1514 -952 1250
1288 1169 -673 1184
446 448 -633 1252
62 -1356 -992 1904
975 -1026 1280 1565
941 -637 1592 884
1656 931 -1375 613
1749 -1898 -1626 1204
204 1242 -285 1239
1112 -1247 1297 762
1274 185 -1101 1483
471 453 -392 670
1205 1169 -1115 1673
514 -401 600 1433
157 -479 -935 1852
1291 -625 -561 1125
1395 -246 -342 556
18 277 986 1947
920 -817 -110 1666
1370 1470 261 19
462 356 -233 1574
1553 985 1727 1143
1012 1420 -1693 1219
715 1040 1085 1087
1117 1749 1974 577
759 1415 967 293
265 829 -879 633
551 -47 706 945
1369 -1509 -310 1588
667 -538 -1070 28
1406 -1063 418 1402
277 -1327 348 1745
153 -1084 -363 102
1910 1801 -1161 1862
1676 1932 -491 1648
1870 -91 943 503
1398 -582 493 353
703 -1736 1385 858
474 -987 929 242
1226 1652 -10 1387
1367 -732 -576 284
575 -788 -904 1921
624 1809 1921 1112
1376 -1857 -927 709
1013 1134 -630 1311
1277 879 -1512 1217
1288 1088 806 74
985 -1679 -1787 1837
1048 624 1391 1106
1970 -644 -1467 1155
232 -1812 385 464
988 -1337 -640 331
439 413 -1205 221
470 -851 -1584 1439
1816 -1181 1161 434
1842 -1242 1542 648
1979 714 -1133 456
1968 1273 274 1806
545 -524 -164 1640
1394 -65 -1533 1962
475 -1808 -1728 187
809 -1940 -1768 1094
1819 -519 1446 106
597 -28 -29 506
2000 64 96 1294
1752 -94 -1151 1968
1709 -903 -900 1200
1762 1993 907 1825
593 -1409 484 1129
998 901 74 1301
223 -1634 1186 51
786 -441 1382 1301
1303 453 -1113 1957
490 -1000 -413 140
907 -1641 1333 1193
1933 748 -1942 128
298 98 -1733 1544
973 1098 490 860
1126 40 291 891
1466 -1206 -782 1817
801 -1377 -1810 636
534 1148 1332 575
1115 1449 -1112 1378
114 -624 383 1320
1077 -752 -1643 247
574 -668 -199 284
176 -1904 1537 132
364 1258 -1617 1460
973 -1876 1323 963
461 -256 -1853 811
317 -111 -1606 1947
1169 -1093 504 343
1234 -507 -32 1654
746 308 1394 1011
171 -1580 223 446
1337 137 -1918 984
507 -1080 1333 394
718 -243 1834 926
1746 1072 565 4
939 -1451 -622 1023
1553 -676 -241 1206
576 -734 -1547 1683
1449 -211 348 1063
1535 -186 -1892 1636
283 1590 1290 162
1817 -1710 267 1947
1497 1481 -1876 1342
1550 1629 2000 511
114 -93 1022 501
288 -1906 1105 1196
921 -821 -308 849
768 -1649 -1626 1033
1838 -529 -1212 1433
30 25 -689 687
850 -789 333 408
1020 -1187 486 232
694 -367 1529 325
523 748 -464 1836
91 -1595 1024 779
1355 895 -1950 469
563 898 -392 1218
302 -250 -880 1547
1133 1976 -979 1762
533 -842 -602 184
1708 -1787 386 70
144 858 1935 1397
272 1169 -823 1173
976 598 -1510 1994
762 838 1603 1482
24 988 373 992
187 1311 -1816 92
1719 107 -1821 545
1092 -1345 -1069 822
95 609 64 1222
1463 588 950 576
96 51 -239 343
1571 385 -1285 418
428 484 610 1981
1963 -1851 1698 1111
884 228 -993 1411
1119 -1738 1043 807
648 1032 -684 687
720 -129 1643 1899
10 27 1143 332
607 38 1444 475
954 1148 -459 643
157 -497 1374 850
955 -1541 994 1772
1163 -1401 832 424
731 1527 1858 1553
1803 -527 1589 1254
942 563 1116 1514
1293 90 1707 788
1715 -339 -978 1536
1777 -663 1785 669
1164 1125 490 1166
1194 -1474 -1914 1673
505 -391 571 826
280 1305 -1476 833
844 1660 188 160
1853 -456 1963 1182
1814 1486 1474 406
968 1292 -1929 921
1639 1514 -244 1416
332 140 248 1018
1713 1698 -120 1452
1624 756 620 1628
1285 -26 -1045 1950
831 1435 -932 23
1171 258 -1217 212
1489 1648 -878 1412
1917 -1001 -1983 1562
831 1047 1084 1356
483 -1365 -1837 7
1754 -501 1951 248
1400 -1266 -39 1396
1620 991 817 1
1274 1220 -986 1595
1356 1675 -1368 320
1421 894 -1976 596
1717 952 504 1454
1984 265 1499 361
319 -393 1176 1652
501 -171 -174 1699
1722 -1934 -1429 507
1964 -167 -1019 265
1673 449 1313 1580
391 112 -1568 1831
1437 361 -1297 224
1447 -1618 1543 1540
1669 -1531 1936 464
700 -1932 1715 921
900 -1443 -1757 1638
1848 713 -1153 1136
745 -1608 -1762 1481
1035 -717 1603 1682
1383 1062 1414 867
8 57 1063 199
462 -752 -649 1245
1902 1210 118 184
1423 -999 1971 112
1694 -442 754 1231
123 946 142 1797
602 -920 1928 133
1971 1715 -459 374
499 -411 -252 1746
25 -487 851 1434
1113 -815 -1368 1280
588 -1888 -327 1451
30 -1663 1652 119
607 603 1527 98
163 1225 -133 1408
1570 86 -1444 104
424 974 -1654 1494
1990 -493 282 887
1359 582 1235 1855
1388 -134 1403 1446
185 1178 -1254 726
1894 872 1255 591
486 1969 -1580 1604
3 -1744 -1187 1548
1736 -1183 -1531 465
1046 -173 1441 84
1712 -584 1477 1431
46 731 -1817 1441
1822 -1079 1103 1310
782 695 -191 349
1572 1810 -332 480
518 -913 1806 1455
1458 944 1916 1685
23 -39 -1949 1794
874 -1930 -1226 359
1699 1563 -386 701
861 1107 -1966 878
937 -1111 -1452 282
299 -1814 276 116
956 -599 401 1363
406 1611 -309 498
1307 -1193 -1636 1823
1599 1217 966 607
377 90 1894 1433
822 1390 -1675 983
646 -10 1015 1448
541 1796 -537 1441
1971 739 -753 935
837 1672 -464 758
1746 -828 130 573
414 -1502 502 1440
1154 -1335 -381 373
314 815 -957 55
662 -250 1577 1078
842 1190 -1356 1861
621 -538 -1138 1403
478 1902 529 755
1034 311 531 1404
1879 -1124 -1865 1929
381 -577 -60 1009
440 -992 1688 1408
647 1854 -1693 1797
240 660 -480 1938
1274 -1995 969 1584
961 -552 -1678 1672
181 -1133 -1111 314
1739 1722 1513 362
843 333 -334 1614
16 1001 1618 993
571 -1912 -332 1124
1345 -1133 -1967 535
1160 1459 1265 500
1550 947 636 101
1378 1093 1790 1945
1993 -1814 -681 147
922 -1271 527 235
1938 1017 1446 1947
1377 -934 26 978
748 1485 -333 693
1545 -155 -1890 681
1493 607 -1251 1771
1345 -1503 1928 248
1681 1607 -1480 1445
348 -299 -319 1560
1775 1409 1684 92
922 -215 1479 1858
321 1071 547 795
1516 52 -53 494
103 -1736 -615 264
19 -1186 -271 407
1251 823 1902 1294
672 -1025 -1351 1989
1622 1411 -553 678
773 1907 767 1633
608 1497 424 1576
513 128 -947 980
1507 491 238 1694
583 803 -839 1815
1488 -460 196 577
1895 1375 -1072 499
391 463 -671 776
961 -1727 1957 929
154 -1214 -830 319
1065 -1226 532 1786
105 -1916 -1610 1580
285 -1935 -678 855
1095 -110 1304 1627
351 953 676 1633
1730 113 -1618 1795
1889 -691 -1324 1521
318 -96 -1397 1597
770 1713 -1681 1840
506 1720 -1548 1523
1909 -869 1469 1959
360 546 -217 1805
1450 -796 -1776 1471
1304 -989 1920 1653
1378 1685 -1744 1009
1804 1519 392 804
1774 1641 -820 262
1461 1563 45 386
96 1249 1270 391
1475 -603 310 296
167 1520 -529 1341
216 464 1474 896
54 -1816 1007 385
100 -349 1485 531
220 105 1127 492
698 367 1054 1305
892 142 1710 1559
777 -844 -107 1947
1622 1605 -468 1900
834 33 -848 723
1340 -345 -1432 1650
1463 -996 1936 1530
941 -82 -1141 1699
1321 -237 1608 184
635 -1772 651 616
600 1436 -240 631
568 409 -1534 1690
310 1472 1959 1903
1908 -768 -1094 1235
1108 -1096 1698 1449
800 -1899 931 1258
738 -1437 1402 1615
1933 -1306 -1553 153
386 1632 -1762 890
476 -601 925 713
1013 1804 -375 18
670 642 483 1348
1019 1415 906 721
1733 -695 -3 801
262 1593 144 1407
96 18 1889 1114
135 -1892 -588 1126
1794 90 -1204 585
1710 -243 -1296 1198
1643 149 -428 709
429 -591 -533 1425
684 -217 -995 1769
1764 94 1591 1191
1974 -158 1608 572
1813 -769 97 1530
186 -1428 822 376
1569 -918 -634 1282
1850 673 -457 903
968 -332 -1020 1529
1541 601 -1474 816
1116 -1968 890 983
558 -495 -111 1982
1870 1941 676 1430
1925 718 -1246 1032
174 -1295 429 1647
1947 -1589 200 1785
590 -631 -108 1466
1649 -139 -1006 72
431 -37 1363 128
1944 -1255 -1164 1712
1249 -502 -1208 603
1890 1 708 1960
1446 304 -1278 1747
798 150 1397 251
1423 -1212 -1363 706
1935 -1233 -1715 448
828 -1929 -552 49
357 -1101 1817 1538
1950 -1082 -61 1752
321 -943 1572 265
872 1417 113 1696
580 -1842 1980 1789
1433 1371 -1740 1459
1695 -77 1027 1193
115 -1401 393 1706
1924 -1499 -15 437
134 1643 1498 557
930 -1181 1969 1161
1140 -1525 -1910 1717
1692 -1575 1945 848
1486 -1108 1879 1148
498 -321 429 1602
1700 -1952 722 363
1237 1734 440 1895
1544 1044 -453 410
1462 -452 1774 778
1994 1762 539 1315
86 -964 1657 899
1821 -1084 -1673 1438
470 -641 1516 395
879 998 -330 1524
1928 57 935 410
1188 139 1198 1664
1916 -246 685 1019
283 -1656 -1713 1496
370 -857 -423 1126
438 -1713 -544 727
173 1039 -816 980
933 1822 1282 918
397 203 -1363 414
1962 837 419 205
836 -523 -1554 748
822 -680 -1441 118
1457 1310 -181 1433
553 1265 167 1961
1479 -943 -187 1373
981 -1540 111 112
613 -1409 1299 1505
875 -1093 245 1139
734 96 1179 1726
59 206 452 1020
1794 1346 37 989
1383 11 -188 1492
738 -94 -921 1127
1567 1957 925 18
223 -329 -911 1669
838 684 1453 258
603 -493 -1649 1328
90 -705 1531 491
469 639 -84 1393
127 -25 -1839 1990
1296 -1016 928 897
1220 -1805 635 861
1036 -660 -1727 1145
315 831 -1771 648
1721 1503 -1575 1282
772 -1552 -1873 1377
1275 535 1282 261
1793 1173 -234 481
992 -407 -1224 1211
1859 1946 -225 1792
26 1258 41 1261
938 1754 -716 471
155 -82 -1096 1124
1496 -500 -815 1280
1650 1385 -953 841
365 1209 1504 836
658 -1766 1942 1718
1116 -976 9 1835
1627 -991 -651 1890
868 -1636 1409 862
526 109 1162 151
262 -1467 -1334 1111
460 847 1719 1278
948 -303 -38 1007
1462 -1894 682 1728
799 -98 1492 958
1070 1916 -943 1943
1447 1426 1659 797
147 461 -276 458
574 -1137 -966 1671
1512 -1564 -1803 1011
389 1831 -1573 482
125 -178 832 1307
1852 1342 1243 105
67 882 -1701 524
261 -437 552 757
827 584 1009 173
1889 814 1668 1294
519 -1280 -38 152
1680 -1035 298 398
342 -845 259 918
660 -320 -1916 1197
1787 -334 -1641 209
1374 854 -1920 485
1125 -1830 -1579 944
638 20 377 1838
679 -522 58 14
838 733 -466 498
753 -1550 20 1458
566 -999 -1930 233
1652 -874 -225 374
1456 -1897 1121 829
1682 -1764 92 404
661 -1649 -1149 1558
74 1178 1198 131
1541 1233 -1345 1758
1791 1067 -49 1182
1554 -905 1007 1309
913 -1764 -483 588
637 1460 -777 109
336 1361 1619 440
1926 277 1068 1943
991 -1114 1224 1657
1951 106 1423 946
511 -559 569 538
473 415 1811 682
95 -561 1033 1858
228 1647 -110 1430
897 1112 -1666 1388
66 -738 990 15
455 -321 1739 895
228 194 -549 495
1328 -1186 -84 118
1786 -1776 1061 1231
1663 -1337 -1829 1464
85 -1224 1184 775
1700 -1355 1880 1952
536 -1333 -269 1984
1872 -1747 851 998
82 1398 1185 852
533 1043 -1139 962
1973 -1453 -1398 412
194 -1145 689 991
1857 1819 -1 1888
954 -1084 -1531 1861
1160 -929 -681 121
1340 -289 -1757 1708
1531 -1700 -1465 945
987 653 1505 1711
1578 1525 -1068 129
1159 1282 -1638 1510
167 1955 -965 753
1825 663 1953 1801
1586 1778 822 1291
955 1558 -56 1923
142 -1440 1145 1751
1364 -785 908 1068
1673 -844 -628 1326
814 670 -302 1197
1095 -321 995 730
1051 -666 303 1071
375 -580 153 20
1595 -954 296 1386
299 608 740 1252
799 1940 -1349 1433
1635 556 -1028 1668
1672 257 -22 1716
129 -1722 1943 972
375 -1165 1687 756
1974 1374 1946 886
1470 1304 -1344 1010
994 647 1219 1994
1436 -310 -1585 1895
23 -1781 -1833 210
1860 -352 1151 1644
742 -687 -19 902
1782 656 580 1209
1983 -299 -1819 1920
1938 867 -358 1705
1556 700 177 968
428 907 -1209 660
1093 1567 -1244 168
498 509 -666 1075
1061 -547 -1184 1417
1510 -839 -545 1471
882 -1711 -1156 34
1322 509 -873 1329
1232 -1912 -36 95
1869 1003 1532 1938
958 -2 -681 71
194 -1872 -861 363
830 -1314 -823 1171
57 353 427 1829
1536 549 -842 813
771 764 -1948 1529
1894 360 319 1454
1233 800 -1988 1185
241 1041 184 1822
1253 1268 929 948
993 563 180 38
1454 1312 226 988
1672 -109 -355 1856
1727 -1470 -1119 1074
486 1624 452 1620
1143 1843 -1910 943
878 880 1871 397
1945 -1246 -1764 988
1231 -222 -867 497
1829 -258 714 642
26 53 -1655 587
1245 -1846 1859 91
1361 -116 -1847 260
80 1051 1060 1662
309 454 -589 4
1088 1756 -1683 1157
1318 -1731 1079 1780
799 406 1620 457
502 1670 -1793 1854
1773 -380 -16 1443
1062 -1463 662 747
1259 -1139 1127 61
1158 -511 -1265 931
1770 1697 -1283 1630
1512 9 1781 192
315 -844 896 1712
317 -75 1665 826
575 282 1307 605
261 645 -302 1595
1736 -338 -860 1004
866 1469 1294 1899
1973 1890 1663 327
1269 1281 -1487 916
185 338 -519 1992
1470 -51 -591 1950
644 1920 1695 358
1631 -246 -1566 1939
1943 -356 356 1627
1816 -462 -648 203
1379 423 1858 961
571 1371 -1736 400
953 -1127 873 271
1801 1317 415 1274
1931 1633 1053 64
562 164 -1280 867
1672 488 -931 1835
1224 1157 1323 627
1987 -44 -1482 587
1820 -1127 1526 756
236 535 75 1639
1886 -258 1771 1470
1668 592 1588 554
640 -151 -103 1211
1228 1509 1578 523
1971 -1264 1912 1796
1701 -950 660 965
439 708 420 65
97 1359 1689 1743
238 1887 1018 139
1135 1714 390 404
1881 96 1140 1612
658 297 931 1275
1720 1626 710 1564
1834 850 -1574 911
493 -1721 -1683 1877
1416 1757 1664 55
616 1561 174 1504
301 -1600 986 318
1547 -226 1878 1829
1706 -1347 1037 1068
855 366 -1027 301
657 -446 368 441
28 1747 1246 610
881 1466 -1040 1792
492 -360 1039 189
157 -1592 -305 1593
584 1654 -448 1286
1541 1839 800 412
816 114 -1816 855
1018 1428 670 132
1830 1754 1366 1736
1453 1615 996 1385
698 1657 706 1986
1023 11 1587 1140
1743 965 -1695 1536
945 -784 -1306 1469
1571 845 -1312 1480
