663
1376 -137 -1551 1751
1995 -1287 -1176 1223
376 -177 -884 437
145 1865 1863 452
1126 -182 1338 746
1498 -724 569 32
195 -1409 -164 277
1037 -1185 179 859
392 -843 378 1929
1574 -1343 15 1687
110 -1981 -1609 485
1116 -1653 1047 1908
702 -1368 -185 683
1368 -1564 -869 1139
641 747 698 1996
516 -663 917 1862
1840 1216 -915 201
201 909 -877 989
452 1967 99 242
1183 -684 -253 1242
1527 1404 1575 762
335 1294 -1094 573
1088 -1911 1582 449
339 1090 1595 135
889 -1891 -1684 1079
996 7 -213 1626
379 -1256 -1344 1566
1194 -1346 -1956 1126
1519 -796 -1242 1256
1678 -636 933 589
1870 548 -1153 132
554 1444 -1330 495
242 -77 1844 1380
711 1825 -947 1389
114 390 -727 409
1965 -380 235 873
904 1353 1682 1859
1046 252 1661 243
285 1767 -1301 1653
602 1019 286 908
1035 490 -1610 1294
1267 -1802 -743 1190
1977 712 342 1697
1017 -1409 1868 673
1409 -1027 217 349
741 -521 -19 1007
1357 104 -1942 452
322 656 716 752
676 1604 926 1784
726 -205 565 901
688 1505 -552 504
141 -674 485 1008
859 -708 495 405
717 -1365 -368 225
1964 -1279 -671 1442
1746 16 1147 1210
1309 -1785 -58 1039
994 817 661 875
824 -1386 -343 1804
441 -1141 1486 1477
1540 -483 -1099 716
1934 -1104 -1498 458
444 -422 -703 878
410 369 -1948 1642
1751 -1218 1068 292
743 -1693 1940 663
672 673 -1233 528
541 -1058 934 321
846 -80 -1364 1009
310 457 -380 137
892 999 -1276 136
1434 399 546 1553
1137 -557 -580 296
1971 -906 -1588 1689
136 -640 -828 1537
1578 751 710 354
1880 -994 839 676
1799 -925 -762 750
876 -801 564 1937
211 863 718 622
620 573 -895 1306
248 1455 -1287 1809
848 -798 977 705
1407 -732 357 362
259 912 -1685 117
704 -1520 860 1802
1228 -485 -1151 1880
660 -1716 315 705
134 -444 1224 1627
565 -1295 -1926 1456
57 -1702 1419 1278
1036 -873 -808 185
1357 -815 792 1172
849 923 692 1100
925 -507 148 1245
1229 -893 500 1578
561 -1422 644 905
602 652 -766 213
1410 12 1320 1803
1457 -694 1047 1549
1368 254 -226 1490
1482 419 932 1780
958 -1468 163 1408
1487 1 -1077 474
572 1130 91 1942
1912 -145 -1338 1632
1659 802 529 725
1919 206 -1195 424
1811 -1226 1751 1278
924 496 1062 1426
15 -217 -1757 1138
1849 1300 -722 111
791 1805 1128 1393
990 -170 -795 1745
1476 -1113 773 1486
789 -989 1939 1993
1135 892 686 1112
22 1292 1382 710
1217 -1997 -1999 673
1243 -84 148 971
803 92 1814 491
1644 1926 -105 57
1294 1065 1217 821
1059 908 -1785 1728
1242 -1377 -780 1553
520 -885 -455 1489
594 -1646 -1569 335
581 -1758 849 1358
78 882 151 738
1186 -196 -1124 1095
999 -1043 -1133 874
441 -225 -880 1965
678 -499 844 599
626 160 1357 1890
1700 -1571 -1250 1692
1879 -653 925 1750
346 193 1498 168
1601 282 -889 123
1777 287 -1107 109
1832 -998 580 1
499 -958 1492 1436
453 -550 1691 921
455 -1939 902 662
370 1633 -373 85
1447 962 -1839 844
1864 -1148 1586 1861
908 -1225 -716 959
863 -32 770 411
1103 1027 1965 367
1216 -1441 254 1479
1305 -1838 -592 1503
1669 1385 1807 74
1731 -300 1545 814
151 -1907 1803 1382
1942 1267 1658 1247
1598 1722 587 1739
476 -1183 -1043 1121
1059 -440 -1710 1690
364 1350 1357 1126
1040 -1747 855 1253
32 -651 -1858 1567
1038 -233 958 1053
1025 -1517 31 1709
565 1526 1024 769
1528 -701 -239 769
511 1019 -1084 1476
1599 1909 940 1211
740 -1732 705 215
1949 1801 731 110
1341 1467 749 634
748 1083 -794 1817
1685 1215 -1670 862
1126 -1601 1859 462
1922 -837 1113 261
1698 367 -1871 1919
1088 920 -1298 1663
778 892 1920 1771
933 1008 335 253
312 -1412 1536 836
541 65 -222 593
531 450 -1108 1851
798 -366 1702 763
645 1646 1308 1632
1476 1037 1137 589
504 396 -966 774
1189 -454 -1207 439
915 1886 344 1197
1677 505 1529 922
353 227 1315 981
1410 -430 1872 888
1433 -1875 447 416
416 729 -1668 593
198 1578 552 1408
766 1533 -1454 295
319 1888 -137 1924
1189 -574 -201 1034
511 1697 -750 174
287 -810 -1667 1227
317 -1380 -329 1823
1476 792 1892 284
1700 -1204 1056 1832
206 -387 379 1101
427 -1964 -398 1593
438 -517 -847 1343
365 -245 1055 853
388 -302 1101 1828
1 354 367 187
1457 937 -537 1788
306 818 463 382
1831 -1154 -1057 457
104 1112 -516 989
1711 -589 637 795
667 1892 841 1802
1505 1214 394 740
1766 1977 -1900 374
230 132 -832 1427
1328 -1416 327 1970
136 802 -503 1660
1556 1309 -823 1599
640 -526 1032 189
1514 -549 -999 301
1014 80 517 1433
778 670 1007 1263
1315 -497 -1241 1329
271 1143 1472 5
1441 -101 1574 1541
465 257 -1581 943
1081 -1149 521 1926
393 -278 -1829 191
643 542 1993 1381
959 48 -1753 998
393 247 1041 228
14 -624 -402 101
1875 649 -1525 1204
94 -800 -478 1101
795 795 -125 932
1640 1314 1534 1311
617 -1229 1004 344
853 -490 -1772 652
1527 1388 713 158
701 -1998 1432 148
1117 899 631 1529
1323 419 -1732 1802
900 -1335 449 1129
135 993 -1898 1709
1639 67 -304 1008
1674 -1562 -1699 928
1741 20 367 1102
1709 982 1932 626
1871 -969 -1285 1669
89 -418 -625 1413
359 1228 -1866 485
1271 203 563 1898
1069 893 -1431 1391
1584 788 1726 946
571 1882 -717 1588
589 1559 -922 157
1977 -1699 -1228 390
711 -84 405 1342
1601 -421 -489 1670
23 5 1163 324
1195 -1524 1480 868
1126 359 -156 1826
1473 805 -173 273
349 -269 805 791
476 -1392 366 799
1701 -1255 363 197
1668 703 162 542
919 209 -1127 1133
738 756 -902 1887
300 -174 -1928 1296
992 -1130 -1434 324
1149 1015 1847 143
1670 657 1335 1469
739 -1528 206 1595
1486 -1111 -1692 1436
1223 1741 963 885
449 -75 35 784
1602 -826 -1810 461
1063 -1217 915 1645
1614 91 106 1958
1850 406 1316 706
34 1305 1421 463
1042 322 -1179 624
776 -230 1584 730
1160 -1419 904 1528
937 -910 -1278 728
1222 559 -746 1084
158 -1186 -1071 1978
1269 1905 492 108
1041 -1267 597 1521
829 934 19 378
1849 -628 -1190 622
1736 1533 -608 1382
1376 1731 968 913
414 -130 1645 1122
143 508 1121 605
1464 -930 -1992 398
1648 -1857 1967 1057
1441 1463 260 795
1386 42 -1958 1328
159 -1739 -1161 586
727 -1264 -176 1401
13 1375 662 957
1713 823 1887 1518
660 -334 -456 1509
255 -1764 90 112
412 -957 -1399 1570
27 -1864 584 1376
1327 -454 388 421
1711 -1163 595 895
773 -1409 -280 896
1554 -1597 68 205
88 1784 475 227
255 -297 1783 141
737 448 766 1039
1533 -1059 -1054 1518
1239 -556 -32 310
1495 -637 -324 1667
1238 196 1010 328
1796 -1516 -1299 347
1157 -885 1588 1574
350 -356 -117 1112
1037 1145 896 1938
1231 -154 1769 1147
1784 -399 -1825 189
718 595 499 597
782 -847 1143 854
758 -1691 -442 1159
937 -168 -108 64
95 -325 -88 1841
274 791 -779 908
1649 413 25 198
1728 -1493 797 1306
1271 315 -1490 726
527 -426 -481 267
40 409 -1220 625
870 -1508 -65 1329
1807 -1006 -648 1769
1054 1891 -1801 636
788 496 803 1423
1089 -452 1072 189
367 265 392 644
1016 926 -1344 1638
507 1155 -1781 137
1035 -1511 -206 599
1903 -986 957 783
980 -1998 342 1362
582 -1349 -1680 23
507 1040 35 279
920 1052 977 1809
281 317 1411 536
1342 -629 555 1456
952 -316 1574 1524
256 -777 1549 579
897 -660 -1937 830
377 614 -1784 1676
28 327 436 1223
369 -750 -561 525
1235 -1620 -634 191
1377 1098 -1581 661
1726 1020 1425 231
1265 95 -1271 342
102 -467 1108 1105
1084 1719 1065 144
1814 -1586 1646 269
90 872 1224 630
1524 -431 -1536 237
372 -1663 1032 1992
588 1875 -806 225
947 -1905 220 54
564 373 694 138
320 1902 1696 339
648 972 -1577 1962
564 -1373 -566 1662
1166 1495 -216 833
1527 -1815 -936 1097
1890 1255 -1170 1792
1620 -1003 -1689 789
1578 -1086 1217 1145
643 1448 1285 563
1874 986 -157 1501
1069 -507 441 228
1457 1474 -446 1083
1003 -1785 594 441
1504 992 -279 902
1270 -1919 490 18
1081 52 -565 799
711 -1182 36 626
1364 665 -241 1510
583 -1430 1080 1656
1947 -1059 335 1948
783 -570 1109 342
983 -633 1080 386
1416 175 -1958 446
335 -1326 1860 826
1083 -1541 -487 1375
607 -1335 1665 1941
1 -685 732 187
62 1744 1030 51
1827 1797 -132 1651
1141 69 -162 645
475 465 635 935
1438 1454 1527 1356
1424 -1365 -106 1514
1202 206 1125 954
924 98 658 811
1433 384 1276 1488
1512 -816 465 1981
940 1447 1461 1981
1085 -398 -977 1215
1541 -476 -495 1508
1348 -1907 777 611
797 -1058 -1298 726
1799 -1887 -197 1530
1068 1652 781 1379
509 984 1907 1893
1948 1763 -153 1420
1744 1009 -1570 1861
197 861 -497 1075
1977 -1491 -509 251
80 -1503 113 1528
1602 -411 -372 1896
536 -439 -1140 76
978 969 -1608 1372
1507 -166 -387 1793
787 -1399 -184 250
268 1621 -823 1576
1742 -1428 -1909 593
1628 -616 -1252 32
573 -815 44 1939
1883 -939 18 1964
535 -234 -751 705
1427 536 -280 1053
326 1169 -959 380
700 -298 1351 242
884 -392 1101 1125
256 -425 -1879 207
1960 -1855 943 285
1863 -1875 1737 1714
1933 -90 817 469
1867 21 -1747 1774
954 1332 -1849 173
308 -77 -913 116
905 -143 -291 1880
1212 -627 1998 1395
948 -1346 -1455 1189
1932 -1946 -1230 879
1922 1406 1918 934
1547 -789 -1969 790
1950 -958 -551 572
421 1708 -1542 1755
1951 -132 -838 1400
161 420 1624 1438
912 728 652 235
1864 -1111 934 1537
680 649 638 1702
740 -1549 -1416 1940
1762 -1643 -358 154
1885 228 1848 921
838 922 -147 103
109 106 -852 400
796 13 -582 528
1069 159 869 858
1983 455 120 1460
1381 -1454 -873 153
1654 944 858 21
1182 812 -1501 1021
1740 -1676 -1494 1893
610 1748 -868 583
1129 -144 785 579
1354 417 1427 745
229 -465 -876 880
1630 1501 -1212 1859
299 136 -1656 527
263 1619 -1611 1911
1075 -1459 111 1040
319 -209 -672 1861
1653 -1259 -533 404
1487 -473 -1449 366
364 -490 1747 507
1663 1035 1757 196
16 750 383 919
1929 -1056 -1930 1239
1529 -1228 936 1466
597 -979 511 1561
1890 -538 -512 1715
1645 1151 915 1706
211 1912 -1428 900
25 -1955 56 411
373 -1912 -823 1470
1618 1567 459 1486
1169 -1801 -1967 322
1187 552 115 1059
1327 -503 34 1104
178 -1716 822 748
1162 -1452 -598 1803
907 1032 681 713
346 -1680 1787 1778
1012 -448 -241 715
1112 -835 -1788 936
1561 1572 -1858 1748
1197 -1611 -1090 924
1440 616 -1146 1924
1794 417 1816 512
261 -45 1516 1948
1712 -520 417 5
206 -1534 1787 446
64 313 1590 1004
311 -563 -1637 1770
1547 1128 1573 422
1303 987 461 1698
170 -558 -1286 708
871 318 1978 1222
550 -1866 824 1862
129 -39 -1115 375
40 305 -1237 1471
77 283 473 1623
985 -123 1483 158
293 1774 -1835 359
1298 -1712 -1725 1958
1985 -553 -31 38
1020 -615 -910 1814
107 -1021 10 311
720 -936 -731 240
1164 -464 1439 1755
951 1075 564 1493
236 1969 1005 1025
250 -754 1184 1398
788 -1263 -739 284
818 1930 -610 1652
1614 1423 1993 509
504 141 108 1663
691 749 1875 1108
245 -1225 -52 1146
395 1523 1077 818
1778 78 285 1620
607 -1075 1602 777
1577 1526 883 591
153 389 271 185
1393 1698 -62 1453
434 -183 853 468
1748 1489 296 653
1522 -509 -566 314
715 1542 721 1873
755 1022 94 412
655 13 256 26
109 1947 450 1020
122 886 518 1352
249 964 590 1978
1683 566 604 1550
1425 -649 1447 535
916 525 1472 972
1230 1489 1690 1909
566 1316 -1211 98
1448 1303 -1921 1044
1075 -573 -1431 578
1625 -402 -949 1302
1010 924 -1573 333
1641 -716 -1216 187
605 1827 -1439 1621
642 -1422 -345 1508
126 -64 -1369 1337
940 1747 -1840 1587
188 710 1386 1226
1105 1189 1710 1896
1986 868 -171 1835
1737 1711 649 1701
503 1962 -750 28
1070 844 1737 1674
581 1376 -543 1629
1480 -239 928 1480
1590 1228 1603 1713
1009 203 -1817 1585
81 1132 737 823
1953 105 1244 1765
433 1796 907 1170
1218 807 -245 1222
717 344 -1904 817
1869 1316 -338 980
1760 -470 -802 1782
234 607 816 384
1777 308 -277 178
130 633 -1615 1324
1115 -999 1172 1173
143 1085 -1569 1864
101 754 -612 1474
633 1224 -1590 1654
1434 1062 1761 41
1594 255 173 1349
161 1357 -461 1354
139 1268 -349 873
485 -1702 979 1223
452 -1660 838 1216
1150 -1388 225 594
494 -705 -1096 669
1412 1245 231 874
1075 -343 -1916 1553
434 -1862 -43 1441
1916 130 -930 268
1040 1477 -1185 520
1745 187 -897 479
1126 1977 -126 1104
1451 -760 1064 1900
1599 824 143 1833
324 124 -1968 163
163 1495 69 310
1477 -1647 -1986 1301
1370 -643 1602 102
646 -176 1275 180
1199 -162 -1589 1356
513 133 1848 80
1146 -1692 -1949 1255
958 -1672 949 763
1204 1142 -1987 1337
998 -74 -1638 101
1157 -1656 -511 1571
1620 45 -1172 735
1800 -1410 1014 966
222 -83 -886 363
1781 1276 937 339
207 -1425 422 489
1941 -792 1913 1355
544 -867 -446 986
721 930 -394 638
169 446 1717 1600
402 195 1676 1871
1460 -552 1537 220
2000 211 1607 125
793 -1832 530 1853
134 1853 -355 1402
34 -1680 444 230
1356 -1800 1194 1240
727 -487 -476 1544
1723 -1535 1928 470
690 -29 1362 1123
12 1917 1271 1958
1852 1421 1008 1928
1480 153 -367 56
1628 -1163 716 1017
1224 1776 1226 1631
366 -2 400 1398
1029 1775 -1730 475
441 -1383 -99 176
1096 -330 -1406 1388
1622 -1841 -1700 1897
1082 -1746 977 1349
1215 1236 157 289
852 1033 -674 1813
1500 719 -1453 762
1983 1194 356 126
247 232 -646 356
804 743 1521 1777
1945 892 -875 976
316 21 1203 271
1850 201 143 1264
1936 895 -657 1593
1683 -1732 932 1092
825 -1191 -1973 592
1742 30 656 606
448 61 1643 1172
932 -1239 304 670
47 1282 750 504
