1829
1480 1243 1169 548
422 -571 -1346 1225
229 1620 154 627
1103 -764 788 938
1362 50 1405 1862
129 -1369 177 53
1427 1122 -1954 1753
1298 -940 904 152
318 -1641 1312 939
1384 -107 -501 607
1015 -11 283 1607
1526 -408 -1762 903
1780 -1442 1301 491
402 -614 -926 398
265 -1063 -956 1091
114 775 695 752
1003 -631 1852 302
1593 -1537 1382 506
1120 -1775 189 663
173 1824 1794 1050
1741 217 1217 1725
1459 532 -1193 1948
582 896 -868 1355
1920 -1564 1492 1261
112 -637 1705 1486
521 -1007 1496 1611
289 431 1078 869
451 1100 -1092 1378
1357 1591 1957 876
1171 -1133 156 1904
282 -149 1963 1631
238 1764 -644 1120
1980 -1924 -1969 540
1992 -639 -1795 1681
105 1215 -1324 1680
1256 1740 -1800 400
21 1022 1625 392
530 -436 257 1656
677 1759 552 1441
1674 -664 -1159 168
1727 -304 796 1783
567 -1959 -1557 172
840 -349 -25 1849
1661 1836 1600 738
916 1374 -862 306
192 1877 303 1734
1704 -1881 -322 496
1399 -1586 1592 293
1482 -778 -217 960
389 778 -1250 909
1214 -1857 1123 286
1648 -1227 -1188 1034
1178 1581 -1444 457
766 -672 253 425
738 -1527 1989 204
1650 -473 -1563 392
332 1231 895 1909
1810 -1747 -381 499
764 194 -1454 1569
1299 164 1932 1591
1991 1560 1910 477
410 -1720 1404 1650
691 1776 -162 1254
1661 -1426 -627 607
853 -836 1665 1288
111 226 1730 1902
17 1975 1444 978
630 448 846 1145
668 -99 -1224 95
1591 1545 43 303
284 844 1893 477
1878 243 1467 684
1237 -1659 -1781 728
234 1277 1144 1886
477 685 -32 351
1895 -1820 -1411 529
152 581 964 845
1202 -720 1532 1538
443 645 -581 1889
1888 522 -1064 863
909 -1388 1774 486
85 -28 -70 340
1024 427 -1443 1738
1272 -1691 501 1166
1163 635 1564 1849
764 -796 -1547 426
1986 330 1125 978
88 1499 -1435 342
1131 903 1871 304
1647 -1811 1542 878
1243 -1210 645 1266
1944 -1999 1784 480
1989 -1662 -1481 1571
1238 959 197 1368
33 1350 -1877 112
95 178 -1571 547
1617 -612 -100 1368
633 -1006 513 1998
1964 1870 -373 1703
903 1062 -1713 487
135 893 963 905
1023 -1540 794 938
150 1252 991 1020
1030 283 406 165
1807 390 291 1309
1553 -1747 976 260
246 264 -1990 1289
1094 -1450 -769 132
1424 736 1105 813
776 774 -871 754
19 -401 58 869
1580 -349 -1807 1628
1267 65 -1084 288
985 -716 -1890 1438
1878 -673 706 937
691 439 -978 790
512 1584 -1707 910
207 27 1892 1231
1015 -1551 787 908
1570 -980 1825 520
1647 -881 -737 1087
225 1413 1233 1134
1133 -1739 -978 806
1952 -1082 672 1133
1367 -34 643 1660
1670 1822 -1106 594
242 251 -695 1791
1830 -1985 246 586
1378 400 -1029 1788
23 1443 1237 1123
1292 1518 960 480
44 -411 1202 505
262 -1277 -328 1960
1708 398 382 1369
36 774 1865 560
906 -1395 -1661 817
972 755 1289 1462
317 -1018 -1336 1885
194 -8 -6 695
1112 154 1858 362
796 477 1542 96
113 1830 -1579 662
1086 -65 438 1518
1389 935 936 605
1662 1336 292 1262
882 -707 1736 13
1616 73 -1234 1612
83 12 -520 849
1465 124 1039 854
1782 1624 992 200
1855 -1083 644 889
128 -1449 820 1439
54 947 -1047 514
1798 -1216 -929 1969
1620 1295 1010 1758
1997 1335 1608 813
462 1766 -1819 953
634 1234 521 432
1879 -914 998 722
1361 -455 757 773
1222 1112 -577 116
233 -786 1943 1899
688 1604 -1879 1917
310 1629 -1191 1663
1209 1572 382 1770
1981 188 1301 620
711 1662 532 968
1570 1954 -428 529
798 383 925 755
492 -1379 -414 1179
1699 1804 275 521
1518 639 -1888 1557
172 1948 -457 1720
303 -1571 1193 158
1069 1944 1810 91
898 598 1799 1219
828 -1914 604 127
1598 486 -895 1407
1038 420 1067 1619
534 -1210 -1589 1953
1686 867 -1520 1075
1024 -82 -665 1141
283 773 972 379
1170 -677 -1681 521
210 -232 -325 457
527 -1300 393 329
1535 1898 -1450 970
1069 -542 -1330 514
1368 -782 -631 1403
305 -616 -1327 642
1521 -1626 855 1865
1472 -1664 576 821
1007 346 246 1776
63 443 818 1192
184 -999 1573 1086
1427 -1945 19 1481
640 1605 -1188 1648
1 -1493 446 1683
1421 762 1041 547
910 537 -1690 1446
707 1716 -1307 1908
543 966 863 204
360 -271 1436 1296
1481 221 -1118 1972
800 687 431 1491
1 1566 -1140 74
1473 702 1757 427
1227 1588 -1578 188
1423 -186 1606 1173
750 1405 -15 54
991 1105 1457 1726
494 1666 930 1397
1911 -913 -1927 387
1903 -69 151 710
988 409 -677 1665
248 -1111 -790 727
1490 1249 -440 1828
636 -407 1578 1412
1006 1405 1059 682
546 1645 -217 891
1526 1625 -412 1728
1341 1619 1076 1880
846 -218 1337 419
243 -659 1921 968
972 1828 801 736
1610 -1652 -952 1160
772 1149 1575 227
805 189 1634 902
363 -1699 -1151 91
1594 1349 -632 894
487 -650 1613 1091
942 -1268 -1216 1502
93 -1338 -123 1545
1606 1851 -1835 1938
97 775 -726 74
487 1733 1822 1143
1384 1570 1920 1971
1254 1626 -1697 938
1224 -1370 -1085 752
1752 114 1546 1321
645 -1039 1327 815
1986 1888 898 432
1285 -1407 -1083 1230
521 161 1728 141
1372 -624 372 1335
386 -221 651 1979
1712 -468 -1108 1530
1202 1405 363 1418
1749 1590 -1441 1235
285 1855 37 1316
1425 45 -660 366
330 -1820 -147 1672
1800 1726 1342 314
1789 1856 1239 562
1743 -1406 -16 1506
42 -521 1393 1631
140 1201 -1709 1604
1368 -1730 826 1485
980 -323 -445 861
234 1697 -889 8
1562 -194 1194 1577
247 -1493 -1263 1438
1830 1296 1968 1207
306 -300 199 1562
1083 -987 898 610
433 1784 262 107
1342 -1695 -1905 952
506 -313 1580 126
1332 -1140 -81 390
1552 -346 -1823 830
1251 -133 -1712 457
345 -1601 553 1802
816 381 -1840 253
954 -1877 -529 1487
431 -1405 -586 1729
1209 -504 -600 745
438 -87 -1757 608
41 896 193 1333
312 88 1262 696
640 589 -341 1664
1469 1589 13 1158
243 -1225 -162 8
1544 -133 174 535
327 -677 892 905
1006 1730 -1720 519
1648 1241 -1480 1888
613 1967 -538 485
1253 1080 -794 1003
1201 -672 405 1164
378 179 1771 1542
487 -337 -1318 666
1796 -696 592 782
270 -998 580 1692
1271 1889 984 753
552 0 -1113 1598
1530 1813 1959 91
364 -149 1041 1295
1729 -187 327 1161
255 430 1595 1690
1152 1351 -674 488
740 872 -834 445
798 1916 1276 742
1011 -941 -925 1253
1310 -1103 -1355 1040
479 579 -1150 1295
535 1773 -235 1217
861 334 1366 776
796 1953 -1526 1928
131 -161 1866 140
627 1809 1190 1026
1701 663 902 634
1922 1869 72 970
232 620 -1732 45
956 -970 -1607 575
1506 -1078 1951 1523
1223 619 1645 413
600 -434 -1972 1433
1912 143 -870 1506
574 -1830 410 1947
1508 -17 1539 1098
137 -1551 -1515 424
1152 -298 -1314 226
1615 -112 -1361 1099
1345 1861 1115 776
325 8 -1313 1282
1164 -1549 -1415 712
1934 1284 -990 1114
1910 -1783 297 1599
1986 1964 -596 304
212 805 -1550 218
1427 -1944 549 864
1099 244 -636 871
1801 -1295 -737 585
143 1684 24 1987
1126 -1128 1767 982
1991 -571 -905 489
1505 1974 -705 373
983 1841 -1159 1192
1775 -1915 640 1603
1427 -779 -1052 1708
1684 -1583 732 301
802 -1074 -797 1923
1221 1474 846 287
1592 -789 1910 1448
408 -1305 -1368 1544
1193 -89 597 843
625 1160 1958 275
459 -1849 -870 1878
678 -111 1225 1054
132 -1885 1590 1672
1723 848 -89 1414
887 1118 1700 1389
1894 679 -1961 1272
1962 -119 877 1459
1643 -1992 497 1584
1923 208 -272 1734
1472 -279 1691 1212
1029 1147 -506 947
841 103 -101 1354
918 1313 -1136 1783
1627 -1685 -585 165
779 -268 1320 880
1068 1438 1920 1835
1385 1965 -1727 746
593 1971 -1569 632
837 -1079 -973 1891
685 440 -1873 619
660 649 -615 566
1208 1101 1376 1663
619 -1870 695 322
1077 401 1558 1586
511 1878 1757 772
1049 190 967 497
1941 -21 1451 1704
1945 -943 24 649
561 1459 67 1339
1692 111 1057 455
746 628 -1920 74
772 314 306 1991
148 -24 1434 1027
72 742 1438 1095
1348 151 -1726 1586
413 789 -1188 1845
622 -401 -924 164
7 641 593 620
249 123 1007 1543
987 1018 1952 1913
1336 -545 1306 151
879 455 1043 907
1362 -760 1423 1026
631 -126 970 1261
1258 1522 1071 979
153 1981 1819 1438
1414 1426 1776 1146
793 54 1133 1961
1484 -639 905 1489
173 -1289 1504 1868
159 236 878 1223
1145 -1627 890 1187
1589 405 354 792
1714 -1339 -1866 1101
819 182 1143 1
1678 -1188 -1325 917
1550 1907 734 1568
386 -1027 -1920 378
1195 246 19 1121
66 1758 -361 263
319 1673 -472 1169
1859 1907 1921 458
767 -1960 135 158
11 334 401 1103
208 829 -1915 548
1470 400 -677 581
967 927 1873 1136
370 1693 -1990 727
1081 307 -1237 112
1787 1941 332 1939
699 -1890 -865 1296
1615 -1247 -564 1638
306 -1303 1268 1549
1538 112 1722 509
866 1377 848 1685
441 1503 1557 85
162 1628 -403 612
650 -1156 1469 603
1286 145 -1815 1879
74 243 -1880 875
946 684 -1043 1756
1021 1550 -1994 1843
1341 1787 1699 1567
1096 -811 1631 112
10 770 -94 61
1889 -1421 -1295 95
623 658 -355 676
1788 -1522 1177 205
1314 -1823 -1064 464
975 1463 -1175 118
1142 -98 111 1230
1950 64 75 1640
1393 -525 1969 1115
1711 1729 -1576 113
1321 1861 1363 1429
1942 -1398 -1707 1323
1377 -1730 -1175 265
1176 -1080 1217 1862
591 596 -1504 1474
347 -236 1090 478
568 956 1998 479
724 -1014 -1256 671
1089 365 -212 476
1943 1717 550 1016
1599 -622 500 567
649 1416 -231 724
1447 1911 758 1484
992 1211 34 1265
1982 -852 671 168
1488 -635 1111 1579
1369 -104 -1244 953
255 -1986 -1499 769
573 717 -703 1034
769 1968 -280 1566
1502 631 1498 731
1707 -1483 1291 1281
1187 -1454 -1369 1286
36 -1704 -262 1253
544 1949 -1868 442
1406 1687 1521 1784
1689 -1816 -1041 467
416 -1443 48 1350
741 -218 -1737 1695
254 -835 -1363 1358
823 1166 297 266
238 -242 950 859
246 -1270 557 657
1189 929 217 1756
1205 -1526 666 1281
1574 1590 294 1180
667 960 1178 1336
793 -955 -276 57
1947 -81 1622 818
1280 916 -1234 1983
1227 350 -1436 1821
1522 1780 -338 829
1185 -260 -1243 1989
1428 1890 -1391 1950
816 504 -460 151
1690 -1395 -1664 1568
1566 1750 -1321 896
762 -1180 98 496
1296 6 -1748 1406
264 -574 285 331
1515 1216 672 1613
873 1137 -779 398
212 441 1889 843
1619 -1891 0 677
1856 -918 -1824 1236
954 -338 1219 399
1636 539 964 373
324 705 652 903
1077 -1128 623 1403
1429 1682 55 123
1656 1503 204 1380
1299 -542 1482 936
81 0 -243 1004
834 -258 1770 1018
1175 146 1789 1840
807 1127 1444 1904
430 -203 -1824 734
1832 -735 1483 1717
1946 -1956 373 1522
1690 -702 -1899 39
1618 1040 1190 1002
801 -408 -363 1411
1817 332 -504 1985
674 -907 528 1462
406 -657 1300 615
1107 1265 1090 1901
1452 -1149 633 358
824 -1249 -462 1956
114 -93 1601 13
135 -1588 1675 1225
11 -265 -1296 1272
1684 -253 1704 649
493 -738 -1505 564
1173 1981 1420 1393
1358 -1532 220 943
798 1906 -1445 1070
449 -828 -1555 1221
1093 1254 -554 237
1132 1108 -1319 483
334 1325 610 1722
1940 104 -784 631
1214 -1220 1750 947
958 168 1527 1725
1435 834 -1306 853
1423 341 1859 546
601 1356 1585 1357
1820 1786 644 1716
1342 617 -959 952
410 -227 -1185 927
511 -1936 149 739
1422 455 278 1408
607 -1343 811 250
221 540 -607 949
213 647 -777 1819
1788 -260 -1636 442
1654 -788 523 947
399 -703 643 684
726 -705 -780 335
493 1700 1201 905
587 1740 1679 204
826 -370 -256 621
1833 -1233 -1161 1350
650 -1662 420 869
981 -1863 1137 1324
1172 -1419 1925 783
1765 -673 14 1449
459 1940 272 23
605 -1502 -849 1499
1286 190 518 1482
131 666 -131 799
632 -1506 -1212 1878
1532 749 -830 1041
1768 -561 751 1031
1547 -886 -334 1360
505 1806 88 698
535 1606 813 1143
1777 -35 1554 1133
661 -1553 1168 1956
101 254 -1980 1964
1897 181 -1210 612
1195 164 -118 516
393 1395 -114 1860
694 1876 -1736 1538
1225 1945 -145 1329
844 -1391 -1214 500
718 -1773 11 1351
370 1737 -938 871
958 324 -163 900
1165 1559 -1621 566
1165 437 -277 629
1298 -1563 811 1376
113 12 1607 87
6 352 1689 1841
1118 1012 836 1079
1902 1644 -1819 215
1706 1587 1469 1986
1774 300 -1078 862
697 575 1861 516
1037 -768 1881 1267
1025 -1010 1322 1499
1711 -689 -1108 227
1878 -922 1604 1893
1896 -305 405 188
909 -125 1060 572
1247 -863 849 1739
156 783 -1914 1536
376 1212 -389 1435
1224 1793 -981 1213
1543 -1343 -399 1403
789 -1029 1794 1855
1891 -490 1506 983
1064 -1256 -1593 964
767 1082 591 1501
1495 -435 1933 665
225 1360 1016 1848
1750 -1867 741 1259
223 1353 376 1176
1691 -183 547 1079
828 -646 1662 1255
234 167 -318 1210
1582 999 507 548
1688 1100 1491 656
1819 -1701 1433 267
1675 -1100 314 391
1318 -107 -1258 1210
808 947 1164 268
1589 1189 1445 972
1347 -1630 -1556 1052
797 618 1691 1600
545 -759 1824 1940
1059 1448 774 899
1240 -1862 -1320 1376
220 -672 932 865
460 -1455 676 238
237 1873 -709 1719
547 838 490 940
443 1844 -605 66
1953 -1553 -975 1189
922 -247 1727 1792
236 942 277 998
1569 -814 -803 317
216 -1191 1840 1358
1892 -234 -357 423
1403 -1802 -421 1481
296 -1028 1761 57
585 -258 -1278 1091
561 -286 -324 114
1687 -361 -1717 378
1734 201 283 1391
1499 -1090 -1396 1947
698 572 60 604
986 1182 682 1715
356 -528 -1227 54
103 1395 -1278 1150
1223 116 -487 1242
1786 -672 -1676 1115
1610 30 1266 22
789 1370 -612 69
480 -1269 -38 230
1504 547 349 1658
159 58 -1968 1095
1133 63 950 1399
1229 -1703 -650 1863
1555 -965 1577 425
845 1443 171 1282
1735 -44 165 1356
1237 1989 606 1749
1229 -1029 1945 495
426 965 1096 126
1802 -1738 1247 877
1921 -1935 -212 9
580 -835 1222 1828
1791 1858 -797 372
256 -1805 902 177
1161 945 1209 858
1746 -1460 -755 241
1956 -471 942 1194
1167 -1393 1691 768
805 577 166 17
45 816 378 605
1201 -1644 1370 858
480 522 -1526 1123
285 -1756 1836 420
1757 182 -227 752
1405 1967 258 1132
1515 1709 -1854 353
1640 1886 1547 413
1164 1256 260 1154
546 -138 1562 614
279 -172 -1314 482
1263 741 1409 147
1505 468 -1884 492
1766 1043 1804 1858
733 -396 373 1262
1450 1434 501 1231
979 -1151 184 1717
1282 -954 1820 887
102 1784 1166 670
737 234 1397 1496
747 984 -565 902
701 1618 -7 1790
1224 -1886 -1356 889
732 855 -841 534
1265 140 -1303 1558
417 -210 -1257 654
331 183 826 760
1458 -1886 1000 114
380 1385 -1725 1821
340 -1078 1677 975
185 -161 431 1362
1437 -795 868 1491
1558 -903 505 1923
480 -1796 -144 378
344 -677 -1670 1951
1459 141 -1752 1521
741 932 1018 97
1387 1559 -309 469
1762 -1515 1914 983
1853 -1076 1932 1732
722 -47 -578 1326
158 -450 -337 1306
1869 -636 -1983 227
2 935 1040 1669
101 -696 -744 1186
1872 1321 964 801
1922 -889 159 426
556 1592 -1783 1387
422 1335 -84 1622
315 186 267 1553
568 -1907 -133 1012
545 -1536 -921 1359
61 -183 811 849
1301 1899 -622 226
1929 1917 388 1066
330 -1729 613 215
737 106 940 1211
215 -1398 526 572
1947 -572 -1940 1875
319 1376 -206 429
699 -1234 872 381
537 -1827 -1541 248
327 -406 -779 503
440 -889 1077 553
1555 1897 -1878 1054
1491 721 -1292 829
85 -679 -502 15
1133 1792 1019 545
1169 143 717 1526
604 -1255 450 675
365 161 1378 1154
677 176 1148 799
1021 -1245 106 942
1229 967 -521 1779
1590 -769 -14 744
1738 -829 -1 619
78 -1126 -650 1501
191 -573 -1333 1428
1578 -302 1853 1897
1922 80 1558 139
509 1472 335 859
760 1208 1935 558
1791 892 -1637 1982
1238 -1162 781 281
1859 -1207 -910 1552
1600 -1608 -1304 58
766 -37 1750 1358
77 -213 -502 1580
1893 1406 1216 1381
1313 330 351 366
543 -735 -1724 1218
1505 1366 428 1101
1230 -451 -156 1393
241 494 -1369 469
1321 -1219 -295 97
856 459 -1942 883
485 1812 -1795 1133
74 1785 1536 292
182 1826 1574 163
1915 567 -1944 1638
1537 -847 -594 1455
1074 1075 -544 389
12 -1271 1101 672
1522 972 972 1262
651 1062 1064 417
1217 -1022 572 1903
324 1290 801 913
1717 777 1263 1332
107 1533 1848 1579
1377 1941 -1648 474
1062 195 1969 1005
1835 -493 106 639
1705 1460 1906 1060
793 1079 1279 1855
1929 -1838 843 1724
46 -1363 -618 472
108 -1644 -1047 739
1904 -1364 -1282 1317
1095 -214 1557 695
1844 -711 717 373
862 12 891 1299
431 -526 854 1893
950 -689 -1183 1205
198 1615 -1348 736
309 -509 326 1289
670 1558 1201 581
431 1351 -678 222
1772 886 203 1745
906 776 345 1935
1333 -1999 123 559
1674 1049 1213 1163
925 -966 -481 1438
469 394 -677 1101
651 -881 -1328 379
271 815 665 930
691 -585 -1271 1441
1661 -593 798 1993
1561 1091 -1657 975
1429 -1890 -39 1822
868 1934 1300 786
828 -45 1556 269
952 -204 -347 1749
918 836 1744 1268
1801 1808 -1842 1623
1816 -1590 -1811 1936
702 -580 -1392 1621
1704 -1308 -740 1262
154 -590 -702 1098
1082 -1990 -966 1051
1139 185 1477 1685
180 1087 -1365 1011
399 -1027 1891 130
1898 969 -1667 868
1537 -617 1009 1791
482 251 383 1292
639 -386 -444 1704
1408 1993 568 1046
926 976 273 266
377 1157 -586 1679
211 1107 294 1875
1667 1517 1359 774
116 -546 1432 479
211 -168 -278 854
212 1993 -1397 315
1549 705 -1413 1326
713 1834 819 1141
118 1314 1614 1401
279 -718 5 1464
276 1715 -411 1413
853 -1664 356 1700
491 -490 72 607
599 -1895 -1589 1379
1265 -535 -356 1683
1106 832 -1768 1380
794 -107 1354 144
171 1426 1965 387
1835 -63 1572 1569
1654 1403 122 382
1931 -397 980 1924
1338 -313 240 993
540 237 -261 1766
971 -59 -676 1945
1605 -948 839 1492
1405 784 -1343 595
1098 -1801 1114 1034
1079 -1276 -271 1261
1585 554 -610 743
1692 1430 -1068 595
399 -41 -855 1590
1235 -1745 -916 1971
103 -1735 -1420 789
719 -1364 -2000 1769
1857 -1013 -699 1281
486 563 -156 1122
1279 -1649 1398 1446
1118 152 577 1740
408 1949 -1161 963
1898 -988 -1987 1506
177 -1204 1306 51
1616 516 431 1331
238 1322 1357 1300
661 1357 1544 1820
1461 -1375 -1088 1604
814 -1813 358 1785
186 66 -34 1885
160 62 846 1911
18 -463 737 1391
608 -184 1591 1427
1203 172 354 1126
419 -1757 1880 107
1569 1786 -223 126
1502 -661 306 1643
546 1867 1282 1861
1494 -568 1594 1153
586 1716 1003 776
448 -996 413 1977
1375 1196 -1127 516
481 -1125 -837 800
405 -352 -1420 1173
78 -1661 -307 1827
417 -1387 1061 762
1323 -1487 -143 2000
1993 -1277 -1391 286
143 1744 1659 1011
258 -1954 -844 847
797 -564 -820 121
976 938 -1521 1770
924 -798 -1107 704
808 504 1166 636
1135 -171 1742 228
160 1671 -706 1634
477 1481 -812 1891
940 1531 -1234 1032
1321 319 961 1144
1842 -1375 -1484 892
106 -1676 -1412 66
1558 -1632 -369 1964
1923 -64 1495 1358
1118 -1014 -990 194
1210 -1776 1419 1079
14 1932 161 1358
1572 -465 -748 492
1820 -824 -625 1804
1543 -428 1567 106
60 1210 -1641 1848
1542 1603 -59 1229
819 -1936 1785 1200
1383 345 1423 1122
1015 -1095 1786 482
1311 -1686 -777 214
1068 604 1402 392
435 692 -1542 1975
1176 724 -1313 914
520 1691 917 1089
896 -890 1796 604
995 847 -323 49
759 810 -459 258
104 -804 1212 229
1556 1620 -1204 706
1902 532 -923 89
492 1704 1540 921
1321 -201 495 794
723 -267 64 612
606 30 -1034 1622
783 599 -912 1152
1153 1280 1467 1673
1988 -857 -975 1673
153 49 188 1856
1415 -1229 1321 1278
521 1090 -914 1081
1518 -149 525 314
472 -238 965 1983
429 1471 -644 907
57 -981 761 1202
90 730 1158 286
1203 794 -162 892
1450 -1442 1091 255
873 670 741 1708
1664 -1717 650 1389
177 -1966 -714 1151
691 -124 -482 1843
1633 -309 1983 240
1832 -82 166 1071
844 1944 1432 734
1539 -1160 -461 654
1864 307 -1465 1749
1274 160 -911 413
1466 90 -1872 1011
1457 1584 932 1065
1335 -200 1822 676
1181 -560 -1019 14
132 151 976 213
612 -1890 849 1866
550 786 -1911 1220
394 1370 -1953 1099
1970 1472 -1997 1773
1749 453 84 1132
301 -711 -1924 557
1513 -482 827 1386
1420 258 -1175 1585
1260 1889 1687 404
276 550 -187 1511
1314 -1783 489 1893
858 1552 1276 1724
481 810 130 1580
530 492 -1765 619
29 -263 1917 1012
291 708 342 1571
1467 -593 361 635
977 1975 380 864
1553 1197 -1339 573
800 696 1825 688
1556 1933 449 105
263 1014 703 223
1544 906 -709 1866
1833 1832 -548 1434
1970 800 960 1918
605 -1222 1762 1934
1240 -1674 1234 579
838 -1481 1370 1897
174 617 -423 419
1450 395 -1113 1383
1066 -655 -778 382
1135 1016 -954 1878
1088 -1803 -1252 1088
1480 1493 -220 642
869 1457 -614 517
507 427 190 328
1487 1657 -1165 1947
1549 -1533 -282 709
1475 58 1313 1967
259 -1336 -912 1063
261 -874 -1326 1886
546 -580 1746 106
1898 -1613 53 1317
1423 -671 -396 1788
1336 -955 692 976
1839 -812 1368 1960
403 1934 466 702
183 1649 -1245 1069
849 -519 -560 1850
668 -1754 535 72
470 -1213 1592 530
627 -607 -1910 69
664 571 1523 995
1 316 1738 337
251 1697 298 1609
1770 -1828 -1918 841
1381 1412 221 323
1285 591 1921 763
954 1034 339 988
134 -918 1285 467
1535 1556 -874 242
753 -1286 1820 671
1898 -1018 -240 450
109 -1042 -464 1914
288 -145 240 1481
381 432 -815 1347
1028 -391 -1930 1987
1512 -1707 -1213 135
446 -664 100 783
1073 604 -1599 1217
400 1098 660 312
14 -342 1261 705
1778 1598 120 492
837 -47 654 305
374 -1542 -764 24
1865 -1552 -1158 96
835 718 1260 873
1216 1033 -832 1226
1822 -1469 1206 299
1807 1538 -1662 1196
1867 849 -133 285
12 226 -1647 1892
479 1106 1629 1386
634 1693 -717 1502
1824 -1465 1715 912
895 875 1921 247
1315 1925 -1325 796
240 1560 -1298 77
1772 -1307 -644 1883
369 1209 1717 204
1408 -1328 1022 825
1977 -1200 -33 865
1765 -116 -360 1765
780 147 247 138
367 -921 349 426
783 -1064 1194 563
1011 -260 1491 1110
567 -150 821 329
1576 1608 470 806
1896 -472 67 954
1568 6 -163 327
1977 -1299 -1062 1234
1650 1724 397 309
1614 1884 -567 878
707 33 1335 1150
43 1154 626 1580
406 1105 -1515 1152
1095 1017 1980 1192
1379 -1300 -1965 950
1717 -1287 -1108 1423
13 796 769 1629
1468 -1546 -299 991
857 -154 -1117 948
783 1934 1989 436
301 -208 1526 583
388 573 -344 1515
765 -195 1249 322
785 1328 -1972 1265
286 1787 -1337 211
473 -1159 418 468
1622 -1225 649 1207
930 -1981 1774 1873
1946 -1139 910 1131
1873 -931 2000 19
606 309 -1601 843
443 -871 1466 1593
1527 1669 1987 1142
117 1922 -91 655
827 672 -1846 695
1364 -771 1606 419
127 -881 56 1052
157 117 1775 433
1958 -363 1408 1170
197 -889 -912 374
344 336 1275 806
1073 -488 -996 1072
1463 -196 1419 133
582 -1541 -1304 1083
1066 937 1591 971
264 -58 2000 1844
1142 1405 -842 1830
238 44 189 1208
1135 1471 237 1539
1020 -110 538 69
459 903 -1144 1775
806 -1201 -1931 231
1518 1977 633 1527
1251 -1457 790 924
861 -428 -873 632
1559 1514 -827 304
1342 -1733 1322 622
1862 1720 685 1584
165 -994 -863 295
726 1850 953 1241
936 182 -1468 304
269 -1356 -1464 1705
1707 760 420 486
270 -747 -46 1020
212 1046 1141 1414
959 692 -596 752
839 1741 1803 636
1558 1506 -109 1281
1610 756 -1527 7
22 1360 1956 140
321 1977 1869 226
1381 1576 339 1022
1969 -806 611 555
1992 1297 -81 229
688 -1 1009 47
1940 -295 -501 1677
1923 1494 660 938
430 1564 -1335 1828
413 -1986 243 459
1819 -84 203 1974
1878 -864 602 1949
192 -648 -461 208
17 253 -319 302
1026 -330 1335 1951
691 706 150 1339
710 1743 -1506 337
1313 840 -47 1505
1184 -481 -1944 1778
226 -1263 1674 253
1799 1328 -1069 1247
1400 1124 -743 939
1743 1490 1532 1254
1898 944 1393 1498
12 578 -69 1587
1533 430 -414 117
837 -302 939 804
437 23 -1626 1978
1966 41 -1321 1636
791 -979 -548 102
1835 -828 -1646 611
1993 336 -78 645
1091 1434 1735 507
1839 197 -1611 198
1081 1008 694 1547
655 1376 10 1844
1571 340 -700 1887
445 1277 1679 1357
663 803 1013 932
527 -242 604 1246
1496 -660 -1658 1560
489 -893 534 436
268 1344 -1673 1271
848 -1005 1869 1915
168 -952 -1784 1646
1578 1040 -1265 290
1521 1704 -184 75
844 -1268 410 1796
1916 1091 -1878 570
874 -1393 -1597 975
1118 1534 1896 760
329 30 1996 816
348 1330 1440 611
223 -380 -1872 1460
651 -551 -717 775
704 -830 1931 1559
32 966 -175 1505
1554 -1692 1829 1511
1088 -1065 1462 1823
1801 605 -1444 642
1632 -255 246 573
91 -1966 612 1235
341 -1333 -1704 504
620 -47 -1010 1400
371 1655 786 414
1089 713 -225 1309
1089 606 -257 1051
1968 -1941 257 1073
1490 959 383 1484
910 -1234 1505 367
1853 -1624 -1081 1935
607 532 -833 373
1974 -441 -1115 1584
1912 -1472 -829 960
1905 -360 1634 764
287 1911 -1970 157
1796 -1197 -480 369
856 -319 1174 345
917 -499 264 1243
1465 756 1697 1104
151 -1223 364 647
310 1076 1682 225
1040 1851 -365 3
1013 -737 -13 295
86 -642 76 843
1898 -1186 1233 1520
1868 -1901 -1541 956
1146 -1214 -1406 1961
216 517 -190 563
1851 -1749 847 1550
879 -185 710 1630
258 -1582 1817 1758
1142 24 467 538
275 894 -299 644
930 102 229 1842
899 -776 -1280 1630
1064 684 8 773
1416 -645 -1177 185
1501 -1623 -1730 815
1574 1674 -1260 290
518 -888 1438 1822
899 1205 -1645 1413
376 -259 -610 1246
1923 -1939 912 1857
1319 -842 -246 1244
763 237 -41 1601
1338 1450 1225 1605
785 -1780 1097 1235
197 -1603 -284 439
1802 324 454 452
332 692 -1235 1775
1610 41 1440 129
294 1383 1276 168
326 766 1520 998
1430 286 240 1489
452 838 -1147 1058
243 -1282 1875 870
329 -945 -553 304
1376 425 881 1285
760 1260 1342 174
1028 -441 -1774 41
313 1341 240 1977
18 -1343 -886 1106
1470 -823 -1157 1422
96 1191 179 1658
1950 -1628 1237 1305
403 -720 712 1072
14 -497 1257 1752
801 -469 633 1360
562 -261 -61 649
1341 1728 187 312
336 1144 -1434 1255
1005 1300 1776 1811
1724 -1743 -686 1199
326 1996 517 1153
571 1697 -1828 304
1981 -94 1646 524
1219 1630 1853 118
743 1006 -1550 739
1432 -1292 1413 1373
1929 1833 -1313 466
48 319 1094 643
1560 813 -525 86
287 1264 1584 933
9 652 -898 829
1371 1727 796 1296
240 -1766 -886 1315
632 1721 1155 145
580 1328 525 838
1547 -766 -381 1796
377 1982 -1396 1009
1626 -1294 1462 503
19 -2000 -847 596
1738 -1727 1592 39
777 1192 1357 377
159 40 665 289
1726 -1860 -319 1023
1342 839 150 674
489 -1291 -837 1426
1277 -1117 -346 599
573 -231 117 399
64 1469 1449 1660
657 1547 -1446 52
813 -1035 -1233 448
1992 -1664 -332 1325
1544 484 -740 1870
1784 -934 -449 439
279 1047 -398 1364
1063 -313 9 832
1774 -630 1969 1150
1928 -1950 520 1780
1651 1033 -1760 715
1745 1385 991 1232
506 1066 -365 774
1991 1289 -1510 1554
1480 239 1964 62
1583 1747 -1220 1446
1123 1993 771 1166
1278 1897 -1781 298
1535 1092 1558 1252
1593 -1185 -1218 233
1298 461 -1612 1372
981 1833 -1293 930
385 -1822 255 549
215 718 845 50
735 -415 -1507 1642
244 -1342 -29 196
1843 1004 1933 1561
1761 758 -1797 247
658 356 -1141 255
754 351 -198 1720
928 -1233 1755 1865
1310 -1899 1965 1554
211 287 532 1348
1593 -738 -1399 804
303 -1159 806 492
1719 286 -1887 1338
1129 1949 145 192
1375 882 -1296 1298
55 947 -948 667
292 -1250 1278 376
1629 -1233 576 219
1869 -1908 -260 1673
513 -1385 462 13
1837 -262 -203 1379
904 525 1746 301
1083 490 341 242
549 -1629 1903 1370
1258 791 -1672 323
191 -1543 -404 639
112 867 883 868
1851 237 -1235 282
722 20 235 385
1149 197 -1465 1688
518 1115 691 407
1291 1767 -1871 1430
1999 600 871 804
937 -509 1091 401
67 1209 134 884
92 1071 -1257 613
231 -595 -1951 772
810 -1957 -1768 545
1264 788 -153 1329
311 512 -505 1360
1795 -562 -1666 1129
1001 1393 -1206 1184
1941 545 1352 552
1844 -1559 930 1229
1003 1967 -541 1900
366 -1250 30 1494
793 1844 1640 337
891 658 -908 1206
1606 282 -577 1924
1297 1902 -1362 1324
1062 545 -540 419
1396 -1718 1479 1811
1373 -120 -1937 1594
73 -1468 477 121
290 449 1456 598
1510 481 716 1258
1033 -213 990 1972
640 -1250 -762 1669
422 447 -156 482
1563 759 -1482 805
944 1574 -1467 460
892 -1875 -431 1017
602 1899 -885 1936
1849 1108 81 684
1242 1329 -1495 634
150 1942 -1534 972
854 1106 -837 87
169 -408 680 933
1217 -288 208 836
502 1866 -1376 1702
1473 453 954 1551
1378 -5 1977 1850
1259 2000 860 996
1315 584 -1131 415
1285 381 1383 385
254 -787 -1398 18
1458 655 -1972 850
1879 600 1880 1056
664 1816 616 1732
483 1528 -953 1830
1180 1084 -957 932
696 568 -121 464
771 -27 -1372 240
714 -692 -750 1037
370 242 1573 1428
1215 -275 -1637 616
1422 1298 -1547 1342
843 27 -146 1071
1979 -22 -836 265
132 1001 -624 1695
1504 -886 -1998 1492
462 -563 1876 1460
1073 -1184 987 1948
1743 1179 -898 13
1459 -1529 239 189
1499 -1588 -1348 261
1898 -1835 -768 676
215 785 258 1962
1405 -190 -553 1998
1113 -1395 125 1481
1663 1645 -1908 585
1142 -1093 -88 543
407 940 1466 1105
17 1121 -414 1129
408 -141 -315 1667
1026 689 -1969 227
1961 1037 -391 813
1675 1249 427 1051
1261 1705 1993 1211
1012 -759 123 1182
378 -1118 1238 1995
607 -669 -203 1465
406 -1531 1273 504
1267 -1782 -1818 889
564 -894 -1167 1521
1509 -1518 -1576 955
1226 1420 -1752 1027
361 550 1608 1835
701 1684 417 457
1300 -1840 1795 1895
1970 1600 1617 1714
92 932 -925 1804
1150 193 -1049 987
454 -775 -1281 759
1462 1125 -180 1567
1350 6 1253 325
639 -1161 -1615 1581
433 1864 1815 1618
686 1597 888 258
1901 -1660 1931 669
1128 -922 1650 1945
254 1846 802 1377
1169 1155 -198 177
1225 239 -646 780
480 1153 875 647
1029 -219 1731 939
857 1826 -1783 902
68 1277 -1377 491
385 -1899 1464 269
1437 -1758 1260 360
908 -1286 -1533 9
1012 -1753 -199 257
609 -1867 -85 1829
927 1032 -1461 1585
99 1790 -549 864
1331 426 1159 1366
1497 1963 -120 375
148 -1213 -505 1805
1286 -156 274 741
1719 -1026 503 1906
1296 -862 1047 553
1586 -829 537 740
765 1591 -947 1119
73 799 -1207 1726
224 545 -706 661
737 1578 -996 1102
495 1590 -510 1495
1040 -1348 -1497 1505
1871 -58 1476 290
491 -669 1773 1028
390 -889 153 1764
1446 92 -531 372
535 718 -486 905
1782 916 -475 1469
1528 1642 -638 1998
1361 -225 1980 1373
1582 406 35 945
604 928 -297 1249
910 -1660 -949 1997
74 1626 -1378 1078
1821 506 -610 290
1795 -1436 1349 281
63 -1970 -655 1226
761 -457 -39 71
251 -1517 -1833 756
611 1849 920 1628
821 1339 -268 1740
454 -1445 1785 726
338 1079 -1327 848
1846 -70 542 1842
774 -1963 110 28
793 1050 -1488 701
1304 1320 1479 1069
99 304 -1886 1860
555 202 1194 560
1961 454 869 580
950 22 1444 1331
1105 1694 -1032 953
1196 -1022 1370 931
831 876 1485 1681
820 1544 415 1931
1321 -884 -1808 1785
1697 -1107 -471 858
1523 702 -1201 1438
1082 -62 741 892
579 1083 1054 1277
738 -414 378 623
29 -302 -660 1266
191 1468 -1190 1134
87 1181 -1532 1084
294 1948 1402 1704
1957 -745 -1783 998
844 401 1994 938
1260 1226 1908 1182
87 1291 -257 336
1874 -1582 1617 577
1978 1456 919 1383
1804 -886 -1948 1516
123 522 871 1692
1293 1772 -119 1579
735 1933 981 349
1613 643 950 108
1050 -1249 1159 678
94 -72 -1990 1901
1251 -165 1571 453
1768 -1468 1905 57
110 -1144 -55 246
989 -1399 1394 13
1520 -669 75 134
1573 875 710 1176
1246 562 1959 1410
1506 -1241 -671 1813
1628 663 -1115 392
1243 1954 475 1987
945 -87 1509 1092
709 -292 1893 685
785 1467 565 1075
1796 -1270 -1480 1361
1536 -1187 737 627
845 -473 -453 652
645 -334 996 1232
406 -1425 -1306 74
291 607 -363 1448
131 1927 -584 346
1232 1853 -1286 1094
714 1770 -317 1767
930 -1586 701 521
175 1556 -1317 271
1596 -1882 1443 30
152 1309 -370 15
1524 -1420 259 1216
1513 1031 -835 1124
1824 15 -1657 1822
1319 1093 -1594 1658
371 -778 459 453
520 -333 1467 1312
1891 104 648 1713
305 -1315 1775 465
197 -3 9 47
1590 -383 -1547 1643
910 709 -1017 908
652 -1039 966 1179
1827 1785 -1694 1910
297 1926 -683 1006
1177 392 -1838 1305
513 -337 -1081 1360
1653 86 937 1954
890 1940 -405 1392
108 -888 -425 1231
568 295 -1886 633
1938 1094 653 444
273 596 -341 921
1502 -1978 -1568 1126
1721 955 76 541
852 1055 -1793 651
869 1430 -1566 113
1320 -645 -59 1063
475 -1941 1854 1652
1121 -1001 1057 1031
1200 -1971 1897 401
1203 573 576 121
392 458 149 1958
1938 1721 245 712
1384 1058 1875 1936
852 -1744 949 148
342 -1392 1011 1932
1135 -946 -583 375
1478 525 516 1463
918 526 1118 48
1902 1359 660 1053
608 -363 746 556
562 1227 -662 637
240 673 -1409 1430
552 1891 1692 562
1484 -1015 385 1037
548 -41 -1478 298
521 -991 1803 1757
1611 25 1151 1922
1420 1505 1647 244
1059 1380 1015 310
538 -269 1072 830
305 444 -850 757
1401 -105 -1802 360
1529 -1717 1369 1514
971 125 1073 400
1616 191 1765 1379
856 411 -745 434
748 625 1304 237
1428 -996 -1746 523
129 382 -1905 1093
1284 927 746 392
1141 -1761 -355 839
333 -1823 -1715 1287
540 -269 -471 546
996 -54 708 1525
315 1118 1364 1393
653 -1683 91 157
1592 712 236 1106
399 1056 -992 814
1768 -1184 1669 498
1662 992 857 1140
95 1888 -20 46
1902 -763 -618 557
1746 1397 -335 642
214 1626 1120 1077
791 -1503 839 1901
1609 289 1360 1321
627 625 518 1114
430 -1065 1418 1094
377 441 -1013 1015
136 1209 650 1210
1041 1385 1558 1473
509 407 1002 625
1101 -1963 -186 1749
291 -1484 772 1513
1364 -395 -683 543
845 -1285 -1012 590
1771 1926 -670 1294
1041 751 110 1325
1526 -1321 -802 1229
1700 -1646 676 1443
699 1775 -986 762
1131 1725 150 750
669 769 -647 1730
667 -1523 1383 1562
20 -1726 1033 929
1001 808 -411 1605
1891 -1765 -318 1526
1242 -491 -1227 202
1919 -988 1612 716
3 1049 -292 1032
1486 -1416 -747 369
1753 -877 -1714 540
196 923 -1132 674
257 -1925 834 738
1191 875 1680 1516
1008 -1135 -1405 743
1995 -319 -1635 1340
1802 -1683 -1869 56
1221 125 1205 62
1606 -722 359 1011
1179 -1613 145 896
328 847 -1126 1588
1922 956 3 224
1924 -688 -877 1961
1214 1985 1526 681
1761 -1430 129 237
1892 -948 1883 792
1522 -147 -1142 863
1994 1257 -914 1564
206 -1465 -1708 1228
1140 327 1070 816
216 -654 -1361 1039
1976 -626 -143 563
151 -1085 -365 1384
218 -731 1309 240
1662 1409 -1579 1073
336 877 1821 357
1923 -390 40 1817
1726 1454 -1898 766
1547 -1589 -719 1900
490 1417 252 1610
636 -591 1998 1319
328 -1424 1792 68
1897 1249 -1135 88
1277 -1474 -1346 1435
1368 -156 -42 1371
687 -458 948 1338
974 -1395 1804 445
1778 -18 722 127
1024 -1698 -488 1740
1964 -632 -974 358
531 -1784 -462 1652
338 1560 853 254
1724 -1636 -611 66
1143 1542 1071 850
607 1912 909 1892
1890 -1861 1406 160
515 646 -1618 1574
1464 1996 -1286 838
1644 615 548 277
1405 -517 -596 750
479 961 1084 1983
1111 -884 -1205 1736
960 491 -1691 1488
186 1358 1626 1520
326 -547 656 613
315 1823 -590 786
1716 1162 -1417 1676
688 -1912 96 492
497 -1688 633 1281
525 1888 1739 827
1984 -1315 -1099 1793
808 -1076 1652 1660
40 1884 828 1130
1269 1238 -745 1804
1404 178 -1829 88
90 -394 1630 759
1394 1017 694 840
363 453 892 379
800 -86 157 727
1678 -1777 -313 1142
1865 1579 -1126 243
1463 -1444 1072 115
1395 760 -1857 1337
908 -53 1631 47
1331 430 -1961 628
1537 1777 -651 665
430 -525 1549 355
475 -1591 871 1660
841 -439 692 1666
288 1005 450 183
777 1812 935 79
1140 783 -420 1221
451 897 -1437 486
45 981 1785 724
1228 1687 1971 1748
31 1464 1889 385
841 1543 -1807 599
528 1768 -259 152
1903 -30 1826 699
1652 -1824 -786 1416
275 -584 -960 605
1441 -1330 1177 492
1353 1685 1488 186
283 -1922 -894 1922
1944 -1902 -251 1808
1207 -329 -1535 1287
1620 1066 1643 139
1531 953 -1175 808
1009 1699 -1222 329
92 -1811 -1824 1025
982 1287 -1059 22
222 -632 1140 1968
454 1984 -75 1135
614 -286 1363 307
1704 -1333 135 1713
1482 11 1724 181
1103 -1355 -1407 1322
958 -1376 479 196
1521 -363 724 150
1048 -1465 -1209 12
1652 -703 -1543 1907
1404 1635 -1285 1740
731 1531 -1210 397
159 612 -1067 1519
268 1596 285 961
1655 -1188 -1345 1731
764 1642 1139 1532
761 -604 3 645
1056 776 1424 812
729 1760 1963 1026
1725 103 1564 1901
1020 203 1149 1415
1928 1111 677 1645
680 -699 1374 640
166 -582 -318 1896
993 -1020 -1574 44
1916 1268 -1280 219
333 -139 -242 1766
1919 -90 1189 1811
1872 1346 1191 988
804 911 -1366 494
1472 1006 999 1771
960 852 1993 1000
337 -764 -1571 1375
263 1961 -242 142
1753 187 1106 647
368 632 -1250 1198
892 1712 -1970 1870
1311 -89 59 276
1343 1958 -1066 146
120 -525 -811 1918
312 -761 944 1168
466 -787 -1874 551
108 -43 1334 1653
816 1307 -643 703
1230 -1981 669 78
1913 -739 -1366 1808
1398 -1649 -1945 1831
1296 -644 1275 1145
1062 463 -1965 1102
1611 -1359 1008 1318
1622 -1970 -693 384
464 -448 478 1732
1160 948 239 1994
754 1700 -400 769
915 286 21 1433
727 -1663 1757 1609
1004 -1511 162 794
1012 408 402 1705
1911 -1261 -1570 1801
1726 337 -947 655
1465 88 1061 1636
539 1741 1951 1127
936 1038 -165 1304
1342 -1658 -409 1550
569 -967 -1241 1186
589 -693 -417 114
1120 -1605 796 1423
1212 1420 -1894 255
930 26 1526 1644
1362 1172 -1411 466
565 -23 168 1509
451 -279 766 1753
413 -1852 -733 568
228 -212 -644 1584
639 -1187 796 386
1930 1269 -1148 1412
433 1542 1842 1040
