1422
812 313 1542 1237
1008 538 1879 1358
725 1995 294 56
1912 -827 -1082 1015
122 1565 1641 980
1040 -1585 -1411 491
1972 376 1115 572
498 -333 807 1307
524 -388 60 400
311 -1653 1897 760
556 -1507 -401 1618
1463 697 -1849 354
444 1905 -1636 1217
1277 916 996 571
325 1186 1589 1343
1088 1620 -217 1427
1936 -1638 1162 430
810 1726 -715 1228
1799 -1624 -1006 1118
852 1291 -660 471
690 -308 1897 1024
198 -1977 -956 916
378 -1619 -829 373
362 -1283 -705 1173
536 1054 -1934 702
969 -1698 743 1499
918 -1139 168 428
1116 1311 -1882 1238
1324 385 -1342 1537
684 -1063 -79 1352
323 -1179 -910 540
1617 -402 -242 962
773 -1139 -1044 1952
469 -1708 -686 1716
250 -746 561 765
1713 215 -1626 1872
491 -1837 -1545 1044
1517 1125 -1192 1958
625 -648 -1475 518
1524 -753 1086 1512
1254 -283 1000 1141
1805 1996 -777 1751
1698 1661 201 1520
482 1929 1848 548
1998 15 -508 650
683 -719 482 1503
1603 902 -479 3
1843 832 -402 537
763 1396 1443 1227
321 -103 -1324 533
1646 -1605 69 1701
623 1126 -1462 978
1829 1151 1501 770
677 358 1586 273
441 -1975 -1858 353
1742 -1174 -1720 1797
932 -140 1600 1524
1553 -1471 -1088 1997
1790 -946 1687 557
1288 -362 731 1898
64 -357 -1078 492
1644 331 1941 206
1748 -532 461 706
181 -1526 624 1306
1490 428 -305 1472
1310 -1641 657 1535
339 2 222 583
1390 1263 -814 941
1296 1495 -1070 104
1726 334 -1316 1381
258 426 -387 1093
1801 -1651 982 730
1891 42 1178 1837
150 -360 -1985 635
859 -353 -1812 643
928 1098 608 249
1428 -403 -1527 807
1453 1583 -890 1447
261 680 1028 1482
9 -1888 924 980
9 -168 -1406 1325
1628 -832 -1130 289
1369 760 -1767 1553
670 1247 248 912
1692 -1125 -376 792
1977 -539 1950 1602
989 -288 18 625
1141 1838 1079 248
212 959 -382 623
1517 1346 262 738
1498 -255 -349 146
1160 1485 452 146
1304 169 -1357 395
32 -658 528 1384
1944 299 -1912 1707
1038 1287 600 726
722 -1260 1211 1587
10 -179 -787 845
1824 -578 -1358 820
95 1312 1515 1229
985 1235 -157 1552
1508 -1472 -1797 1368
1784 356 21 1207
851 -917 -520 1599
1861 1319 -638 1305
1396 1529 -1833 226
9 -918 898 1929
914 859 433 579
1982 1808 -358 1064
628 1867 -1914 1907
1052 -519 -1711 341
1572 887 -418 1954
1372 293 -1315 466
1082 470 1003 1010
7 1704 -1116 225
1217 747 198 723
967 -1331 -428 1025
1424 -890 435 135
36 1198 -1246 597
97 848 -1663 1375
519 -263 -1345 1261
957 1597 834 284
1178 221 -1987 442
1196 -916 -170 1118
1893 760 738 1758
248 -1752 -1042 1670
481 -572 -491 248
1082 -865 1722 615
711 548 1984 1962
1947 -1281 -108 96
192 -1336 -437 102
900 -490 67 978
1430 -376 1946 556
1549 -669 64 799
721 -1051 -505 93
1568 -740 -1197 1352
219 -999 330 746
326 1915 1929 734
331 -1319 485 1108
1864 1481 -357 49
380 1777 -784 1948
1726 -695 55 611
214 977 -1289 644
194 1665 1078 1412
1923 1811 -1617 1772
541 -1854 1912 150
58 1460 -1698 1508
1064 1276 -1090 890
758 -1668 -1694 1967
667 1657 268 304
688 -464 -562 1757
272 -1669 -240 1850
1535 -1883 -1959 1648
1232 929 1684 1561
1326 -707 1727 1015
4 -1257 -991 1661
1477 -1066 -1045 820
1861 1781 -1482 1144
1245 -826 1801 1289
1931 452 -1269 475
1392 1471 1962 326
832 14 519 1334
773 -1932 -1440 1276
1389 985 1955 795
663 1178 777 892
106 -1412 -466 458
127 -543 -300 231
66 142 404 501
724 -1570 1482 1550
1676 -42 -1079 1853
1009 544 -1821 1763
1858 -1064 -1733 739
174 505 1936 1381
220 1917 215 903
1685 -1918 -1112 1495
1621 1777 1738 1274
653 -1279 1102 89
1076 1472 1426 543
657 -1910 -1154 1660
355 177 139 149
1209 -744 -1752 1761
1018 -1831 1740 333
1039 -628 -1598 313
1988 749 -1143 1818
859 -1013 800 1030
1800 -505 -167 1595
806 -1386 -832 1768
464 -911 1881 1473
1721 -994 -1640 255
517 -1063 -1666 1342
1309 -1505 838 270
127 -1006 -49 819
1804 256 -1882 469
1577 -908 -1594 929
1342 1008 -1766 1589
554 -863 1191 824
1117 -632 -548 1360
1676 1359 -1408 1433
1392 -141 -1604 741
1255 -911 -100 551
1906 -1088 126 279
1510 -1818 1840 1857
171 -32 31 69
1280 -910 -1855 1720
420 1212 -330 562
1631 -801 -363 735
1735 1853 1493 1486
363 -326 1039 1637
1724 -1119 1360 1962
1679 -220 1578 347
876 -123 1083 696
498 -1692 -570 1988
801 -1529 -1633 1095
62 -1462 -644 1726
1938 -895 -1286 218
1611 1415 1657 1437
1210 127 216 80
1044 -1144 -1863 1680
1570 -998 79 1228
1440 1174 -635 745
497 -1630 826 1246
1945 -1441 619 792
594 -584 1362 103
1736 1061 -1869 1087
781 -795 -1291 329
646 1611 -1250 1359
1099 1972 -1266 1091
1499 1980 271 168
1094 1975 -445 23
1521 -189 186 396
1030 -1824 -764 1799
1633 880 612 1004
756 612 725 1603
51 -405 -111 1800
649 -1832 1914 1900
898 -1944 -1884 1618
895 -18 1916 1443
373 -4 943 619
1918 513 -221 249
934 1847 168 355
1423 1766 1387 1280
973 1295 457 716
1643 1957 18 871
1797 -1528 -1618 1254
44 -1540 1385 1617
821 -773 -18 19
1434 405 -1668 590
967 -592 -1645 1396
1630 1102 -552 815
1812 1548 1169 1018
1697 -199 -874 1061
564 1186 1015 1637
1693 39 -1647 305
1874 1399 1388 1254
1466 1745 1409 436
1765 -577 1744 1728
178 1457 273 128
1670 -628 1557 1394
1804 735 1875 1813
656 690 -234 573
291 -120 -1357 1779
282 -311 1535 1635
1279 1380 855 1005
1726 633 -128 837
841 -1983 -1531 163
1989 -724 -110 1028
971 -1370 1197 1287
792 445 -1599 848
1549 911 590 1976
447 -585 -440 1323
1880 -1603 1906 1624
1284 -816 -858 1733
1397 693 1404 905
2000 -1701 183 1536
126 1370 429 1099
1660 -1373 -1579 1037
411 592 1311 623
384 -439 -62 1980
1557 -1694 -1334 1350
1335 303 -656 1151
1206 1370 991 689
1336 578 366 1367
1573 192 -418 561
1420 -324 919 404
701 -1795 1144 1480
1598 -984 171 1304
359 -1078 1704 838
21 -1715 -1063 1492
1306 237 -618 11
1371 1061 -645 920
945 510 411 42
1257 -364 49 1366
1700 -1332 666 1891
1831 -1874 117 1902
524 -514 -1689 535
944 -608 -1208 931
1011 2000 -615 1800
1803 824 22 67
1617 -1245 -353 1653
1394 -1066 -1572 402
1903 -504 -229 353
1629 1698 -216 1519
598 -1240 1466 172
1479 -1739 -342 363
256 -393 739 726
1815 861 -1390 1769
101 -1984 -246 1667
423 1932 1165 280
574 1473 1449 1233
1408 -1885 653 1465
389 1682 -345 210
1242 -1305 -501 1775
913 -752 -615 695
1295 -1998 995 1593
621 61 -1597 50
1896 1723 510 1448
1938 -598 -1255 419
1598 -478 -1019 1742
839 -1894 -1201 987
1066 682 1576 972
1303 1724 1956 1947
1924 245 992 1539
362 -1420 410 228
550 -1972 1078 83
1289 812 -1707 343
393 -1664 550 365
1166 811 -1164 150
997 -923 -2000 1748
577 -1379 -1878 1328
565 271 -1345 807
1867 -1429 1678 296
1152 1204 1232 1559
341 780 1958 1182
1376 1350 1252 119
649 -579 -1044 771
1933 1304 1125 1494
31 -1533 -1143 1944
1986 -143 1227 1029
1344 -1630 -551 702
1334 -949 -217 487
1461 -84 106 567
579 -390 271 634
136 809 1836 978
1666 1885 -1781 1906
881 -451 -206 1954
507 -538 -495 1006
953 1350 -1852 1575
1752 1869 1043 1376
1818 -1337 -58 818
1250 1876 95 1304
1867 1194 688 788
1570 1081 1283 1560
1015 -72 1989 1102
1281 -868 1687 1057
1239 -50 736 657
1207 -1592 -1544 467
1506 -123 -1761 207
878 1032 -841 496
1539 -710 896 1720
911 990 -427 953
530 434 -266 861
1186 1451 1557 1166
713 811 1478 302
1186 1176 1049 849
1583 -763 -1479 1407
1158 -1956 793 1619
703 -232 1812 1422
1352 825 -432 132
417 858 -315 685
1425 303 1621 982
719 556 -262 878
1353 1099 -447 601
1840 1228 -371 1136
282 -340 -142 1711
335 800 -1658 1446
237 1874 -149 489
533 124 1609 624
923 641 682 1672
1641 1954 1702 1423
1164 -63 1260 444
1366 -646 1935 1189
1691 1264 1697 1718
4 -1242 -1876 1153
735 1850 -502 841
1468 -1476 -109 357
65 1886 -953 1076
888 1557 -1440 483
12 -1525 -480 952
1200 850 646 1963
1735 247 165 1943
1997 -91 636 1006
1292 -684 1609 578
40 -1897 -1036 1277
292 280 1538 1994
1787 620 1676 633
424 167 1827 1215
1133 1179 -29 771
1360 540 -1034 195
442 1045 -61 1933
1910 -865 -703 1350
1064 -118 1180 151
1043 746 1397 1562
1986 165 506 49
1056 -433 -114 736
992 -1658 1087 1646
1509 -1402 518 472
443 -1971 89 414
1229 48 1940 1140
1148 -1641 1772 419
175 1914 952 645
1821 -319 443 1116
1860 -1785 1899 1035
1926 -721 1512 955
855 1826 -616 1352
16 1869 -205 1314
591 -1707 -366 461
1573 -437 -995 305
1766 -1267 1885 1338
1389 -1694 1430 1193
1349 -656 690 673
1297 -1648 1238 1179
1381 1414 -1503 1762
746 1950 1077 1656
1966 728 -776 1456
546 1183 -103 881
1290 750 -1157 169
208 521 -1250 424
1570 -404 -492 49
848 -1294 -1489 892
831 -1165 -1402 1671
440 -947 -670 48
265 85 -625 796
259 338 1796 1204
1370 1898 -1416 563
377 -712 1157 409
1515 379 -1844 731
675 549 191 1024
1765 329 1849 213
378 854 1160 1051
1376 1312 -306 1988
296 1106 -1302 1673
1574 -1476 254 1159
293 -139 -488 685
512 1491 -912 1135
1146 147 -78 1686
663 -352 -1236 1902
1697 -1341 -1780 1543
1588 1969 -1470 1045
1569 608 93 1952
1839 -1390 -77 1365
1526 181 -1950 1986
626 173 -501 878
806 -1575 1021 543
1574 323 -1235 1105
1003 -1289 -802 806
1859 -330 -1117 1425
335 1623 -767 1018
1828 -1737 767 1629
234 -508 -920 890
1808 -548 1203 726
758 827 622 329
1537 -1413 -610 1263
698 -829 409 903
1744 -1932 1688 1879
625 -280 -1664 69
581 1577 1451 1519
1443 456 -1818 309
954 128 -1892 602
26 1159 1806 1062
1272 1474 557 918
1742 1565 -159 155
1672 -614 1879 327
1896 888 -1462 243
162 1583 391 1148
1329 -580 -1285 209
512 -136 -1877 583
1090 1312 -139 1861
1403 801 -353 1256
501 1084 1395 192
716 -807 853 1441
178 -897 -82 1508
1116 912 558 1283
770 1021 1293 144
467 -468 -1753 1710
431 62 -1483 711
843 -199 -1925 1316
817 -1854 -1419 1592
1773 905 1099 1590
113 -1275 1193 1654
162 1840 1599 100
1032 -78 1714 1457
834 1292 875 1408
1424 514 733 1562
471 -272 -411 1851
705 -1232 1506 1474
954 -1873 1127 261
1972 1794 -1001 827
1844 -1662 -964 1248
210 737 -331 1044
669 -1406 -920 220
373 -774 1155 1792
623 -1700 1776 875
101 41 -1625 1967
1443 -1987 -684 1070
283 -296 -870 1250
450 -716 -1295 294
369 624 -382 1306
501 1547 80 1731
1326 -469 1834 392
52 18 -1614 358
30 947 750 61
1273 1181 342 1218
23 256 -164 699
1501 -694 -1968 1062
83 -825 149 1762
1608 -566 1065 1427
748 1964 423 1874
1588 1751 673 1435
682 1829 1511 654
459 1675 1375 255
743 618 36 22
1139 -958 -139 1184
1882 -96 745 492
120 1744 484 1822
190 721 -1166 1311
1681 1490 -178 1467
171 742 1957 1041
777 -155 1551 1687
1515 1943 -562 228
1862 -1152 49 1412
1109 810 1214 696
1716 -1494 -235 1667
948 -1101 -1033 1694
171 1897 1452 948
816 -931 -356 775
579 1639 -1759 681
611 -1318 1291 1236
454 -668 -200 211
1925 -1988 712 1798
1261 -1366 1815 466
1439 -1997 -1994 495
784 -1199 -680 840
1754 -204 -130 1647
1497 511 -48 1366
1631 1899 961 678
769 -254 1327 748
24 1994 -300 247
1601 -1519 1594 1068
637 -177 -56 786
626 -1964 -301 1414
1496 -549 -1026 1096
124 107 -879 717
320 1463 -278 155
233 1304 -1852 271
1792 513 -1383 458
1426 -1891 1481 880
160 1514 -1565 488
208 -1517 1834 1263
1578 1169 1182 613
1179 -437 -579 845
549 -749 -551 1970
157 932 226 429
252 1395 615 464
1103 1463 233 1742
1127 -1107 -990 912
1626 -251 -708 929
1248 1020 -1591 707
1718 161 -805 1961
751 1178 743 186
1774 299 1319 949
253 1363 -1870 1351
313 -1599 -73 1494
627 -1641 219 538
1136 -717 -233 1886
394 820 704 1588
1646 -1265 501 62
412 -1901 1717 1190
1354 -754 1801 1799
1857 545 159 1201
398 859 1846 1289
642 -1821 1896 726
1875 1105 1931 261
1609 -1671 -1903 151
194 -824 -399 1054
1486 -1291 -1311 163
1651 786 -43 1859
1578 101 746 397
1296 -810 -907 869
710 179 -749 1269
1074 -1588 961 7
956 -954 -1854 700
994 -1192 -182 1112
1700 -1356 782 227
856 1453 1430 1385
1735 -394 1442 539
1022 360 743 829
415 58 -296 518
541 -15 -368 354
1699 -1225 -863 851
46 467 379 1756
910 -856 -61 1925
25 -1876 -1338 186
1912 1402 -810 1964
105 -1735 -1633 1966
1995 673 290 89
1541 -1282 -514 776
1423 -866 -1859 317
1910 1944 697 1130
1789 191 1990 1785
1079 886 -549 1093
894 -700 1073 350
1791 1484 235 1449
1724 -1188 1852 1166
488 1287 -1283 728
1278 431 1426 1705
107 1986 -307 947
1104 -200 -791 240
1169 761 933 378
1272 -67 1290 1140
82 -752 -202 863
337 1304 -1735 1110
1400 392 -1554 1667
1698 -738 965 263
1228 -888 105 614
1447 -10 -452 744
1927 -241 1661 1322
1574 -1325 953 443
513 -1381 -1511 223
474 -1878 328 255
964 -1977 1063 1735
59 1875 -1389 903
1817 -746 876 435
226 -283 1988 499
1001 334 -1512 436
1208 -624 489 964
45 -1611 866 842
455 520 1388 1868
797 1566 -1456 630
1655 -1231 -1529 698
1907 1554 1187 891
1681 1203 555 64
1912 274 370 1112
1295 1689 -66 2000
852 -1209 618 1998
1385 1526 -1008 458
674 387 1587 623
520 -82 -544 1071
1993 1593 1660 1244
613 292 1956 1984
1187 1626 1156 1990
634 -1849 308 1790
904 1007 490 1789
1743 837 1025 731
1155 1380 1405 1587
1933 195 -882 1446
779 231 1899 1240
525 -113 -724 98
1354 380 -345 1326
953 1151 430 942
1096 419 -1889 1126
473 1952 -1980 189
1648 -217 -1508 1296
1222 -130 745 735
809 742 -70 222
138 -1222 -1810 6
493 -897 537 49
1596 -332 1019 1617
373 681 1862 1705
631 1420 -621 386
9 -1666 -908 1160
580 723 568 411
867 138 433 1375
490 -1641 896 1788
1421 -1312 -152 1950
164 -523 -884 1078
1805 1831 435 1799
858 -271 1507 1594
1215 1853 -1444 74
1253 1969 -389 41
1370 -1133 -1288 1914
351 -870 -92 1956
1864 -1143 -1212 21
1232 -1936 31 925
1586 -1776 987 175
273 -1156 1271 339
1025 1316 -708 1463
1579 1761 -722 1817
1309 885 139 1454
1992 1921 -324 47
128 1261 -1753 1671
1360 560 1104 502
1235 62 -1633 1521
1836 1757 -823 863
767 -1172 -745 1709
837 793 -51 636
1677 466 -834 1086
709 -1358 1252 668
1893 1047 1869 899
132 818 739 290
753 -1021 -1968 685
1067 1646 -736 1309
1545 -265 1368 942
1140 1523 -587 960
1768 1950 -58 647
1543 1085 602 1259
1813 -1272 -255 1305
141 -1681 -1425 911
1962 -430 -1907 516
639 459 1517 830
928 132 -1312 713
343 -410 -840 391
1088 165 -1062 1291
909 -952 -300 925
1506 1837 1816 873
746 220 234 1919
32 -418 -1184 21
1911 1577 -477 112
1059 -1588 146 671
1566 -851 767 1984
1860 949 -552 1481
1495 1299 -554 304
283 375 -491 259
1963 -1325 1894 1602
978 -846 -1475 1424
1315 207 -621 149
274 261 1541 814
137 -459 -1562 1868
4 -1450 1368 817
1861 517 -1820 1958
1585 1512 1811 504
320 -609 -141 1910
1697 1904 -337 133
1204 -983 -906 396
1566 -1398 1197 840
1624 -1742 1149 1545
1985 500 900 1075
855 138 -1243 1599
1490 -1632 -1992 1079
1498 487 -490 1837
1451 1453 1633 804
8 1461 -922 1526
421 -322 -1606 1036
1068 1484 576 1017
1961 -637 -1233 512
958 -1509 -483 1337
1440 1848 -1870 144
1496 -638 -782 1414
1538 836 1249 990
545 -1311 428 1697
297 1039 171 651
1812 -1768 -1085 1851
1454 268 -1010 1207
793 -1971 392 1750
42 120 575 68
1642 -1865 -1145 897
1221 -1792 -852 1314
1006 605 1210 1375
570 -564 1039 883
1440 -256 -824 1696
448 -1567 -944 552
1993 1101 -1789 165
1456 -693 616 1810
1840 -59 1263 31
69 -537 1494 113
512 -1067 1738 367
1814 1798 -1365 54
1969 -408 782 1302
1261 125 247 1252
1116 262 510 1110
1811 1730 -1635 1482
587 1504 -90 703
1824 -711 -226 41
1045 1359 -429 1953
31 -1810 833 563
566 -849 -140 175
1239 1657 1150 585
244 -1021 -90 521
1266 -1316 767 1516
889 261 1902 529
1288 1091 977 940
895 633 1659 22
1652 -48 -382 747
1071 -594 709 43
1581 -1916 602 1193
320 -1715 1958 223
77 1064 -5 1128
1437 -1773 -806 1189
828 1754 -436 1433
1438 1528 1186 1021
1029 -1150 -28 540
556 -887 973 1272
1199 -1673 1558 1075
848 426 -585 551
1876 -913 1162 207
1732 4 -196 27
1853 -1729 1328 736
1440 -1017 1649 1430
610 86 221 392
1885 932 397 792
30 -1149 -1079 1944
149 685 -1275 1041
1816 312 -718 1952
256 395 -242 1844
345 1449 893 386
599 59 700 1777
252 -1016 1773 782
1875 1212 -1101 329
248 1901 307 439
78 -795 624 494
727 -92 -334 1339
1167 -1439 1981 383
354 -1263 1543 94
754 -637 -489 1087
1538 -1798 -1533 1919
1869 -471 1067 814
511 186 1024 240
331 -1136 48 1821
1364 519 417 737
1619 -657 1751 141
1639 1512 -636 52
1457 1938 -1134 15
1652 1793 239 1241
1131 -626 1093 1556
1619 -997 -1566 1907
1900 1623 -163 1678
604 -810 -391 897
700 -1537 -1167 1004
985 -949 -1141 1732
596 1406 -794 337
1971 -1347 -710 94
110 -1398 842 1565
1458 351 546 1296
1153 -712 -778 929
1504 432 569 1915
824 -767 -56 814
983 -579 703 511
12 1991 1611 1557
1757 -662 -1058 1117
164 -1986 1499 1944
638 -630 981 1160
155 -1279 959 966
1297 -349 166 463
1785 -1494 -629 546
400 -729 1266 468
1768 -1798 -1761 1356
1924 -273 -283 439
255 565 -1042 421
502 -314 -1007 1754
953 579 -1618 718
1406 -175 1265 141
1022 -1327 555 72
439 221 -1393 1907
1288 1823 -293 1829
135 1301 21 1002
143 -341 1044 1460
410 -1424 53 998
636 -1603 183 552
1624 -999 1311 742
136 1043 1597 1601
1225 233 1987 348
1148 -731 517 1760
567 19 451 1320
1074 1252 185 326
1851 1588 1139 1628
1042 1118 -147 340
1645 -1276 -294 617
741 -1484 -1161 364
24 1533 -1829 1199
1717 1577 1268 1757
1667 317 -1719 1456
346 275 1027 266
1751 -670 1717 1053
941 -952 401 1235
1695 -1218 -607 1814
1223 1429 -545 505
1186 -1638 -1854 525
1330 -1623 -705 1885
1195 -630 1739 243
70 216 -1929 1760
1072 1345 111 1960
1740 -133 108 419
1117 -756 1269 1854
797 -93 1231 840
1290 1954 1658 1381
1043 -623 -547 783
191 1629 895 591
22 1934 467 1960
710 -1520 -805 1053
863 -1514 1957 1734
87 -1478 551 1712
1064 -758 1768 1993
1197 1637 -1042 1768
520 1114 -1641 691
1087 1873 856 1046
234 -122 1040 259
1031 893 1899 269
1607 920 -1174 1915
1390 810 -479 892
710 -1821 -1343 1965
1277 -773 -1823 1604
1330 1373 463 345
1052 990 1477 1191
1667 50 -14 1536
1109 -1859 -1880 1590
771 1413 -1690 1875
401 817 1527 306
1769 830 1466 1491
936 -533 597 139
1040 -271 762 1282
885 105 -1725 1523
80 -1994 -108 1903
223 -887 1442 682
1123 -1635 -563 1629
1856 -184 1796 1122
1248 -1264 -831 891
113 1804 1068 924
594 1500 -1324 60
250 -1645 358 1096
1889 -894 1028 1536
1733 -1445 -1731 1112
1031 -1222 -1680 297
1451 -52 1089 29
1708 -1423 -1016 1782
1733 -665 1558 519
1209 1598 -1505 1257
1579 1777 140 1272
103 260 1855 404
1960 -1759 -973 897
1759 879 -1013 1159
739 95 -1317 1218
251 -1342 233 883
358 -1312 -250 1517
947 1244 -147 1673
345 -1645 718 114
481 -1023 265 490
1671 -1282 -401 644
444 -1131 880 359
1223 -500 -1829 641
1615 1158 -1786 1634
1394 643 1353 253
1106 -1466 -259 1754
1843 174 -1553 1655
847 1883 413 402
1026 -342 1843 1105
653 1296 1651 1082
71 1789 914 1995
1319 -1100 994 1987
1004 947 1542 1015
661 -600 991 78
425 -1403 -807 181
721 -1869 1461 1053
1529 -1008 1952 1256
882 1435 17 479
563 1305 831 735
1443 -517 1210 695
529 -536 126 1819
733 710 1356 1508
172 812 -1757 926
359 -969 865 1193
204 1477 -1772 73
1596 487 -1183 1350
300 1867 -1717 1053
564 -31 -112 780
1107 -642 -210 1818
152 1907 814 1101
1946 -904 976 609
1794 -831 920 360
1676 -490 -416 469
1962 -173 710 1920
1024 1515 -1839 69
905 1173 -851 1044
1073 1521 -397 467
1224 1688 -1636 71
869 -946 -935 1295
1617 -68 1855 665
1752 -1558 -1474 859
252 -564 129 187
1249 -273 1575 231
914 1919 881 879
1099 -1213 797 294
1468 1783 658 1412
1645 -1778 797 1238
500 -1590 -1121 685
416 1401 266 987
610 -480 344 1817
1679 -445 -1310 1220
1903 -1366 -1670 683
1809 839 -1351 51
453 -161 1533 707
1200 1407 -630 40
1724 1354 182 1874
1765 1985 1281 1877
1213 219 1867 394
904 -1486 -1419 667
449 21 -574 1146
1844 1586 -1116 1578
1522 -826 -529 389
1200 -968 1682 356
1127 -1101 714 1770
1974 -1339 -1653 426
571 -1415 -1727 220
1726 -984 225 188
471 -1705 798 219
1683 -776 -1471 1580
1154 558 -756 1176
188 -1615 1420 1339
1559 160 979 1876
1411 -280 1388 649
1279 655 470 1425
288 150 1217 1096
833 -819 -1544 670
414 178 -722 168
808 -1234 406 1278
1572 315 121 1003
892 -76 1248 1969
444 1520 1502 274
918 -120 -427 24
431 211 1950 1998
1023 -1246 -1620 1652
1637 664 -293 1695
689 -188 -570 38
1464 395 738 790
1284 -1186 524 447
1393 1474 -857 1526
1 -1469 6 1505
1097 780 -1072 1150
1986 980 486 460
1545 -1364 850 1103
15 -40 -1506 2000
409 -1043 233 539
225 199 -1494 416
803 1378 1610 1043
1905 234 1951 876
1360 1034 -650 1912
1465 -885 -748 1910
121 -1696 -262 58
1505 1410 -1659 269
550 1400 -324 475
1458 1608 1021 372
1521 -608 1969 555
629 -237 47 714
1107 -608 304 1580
372 -1923 1610 1474
1333 1950 1975 879
1383 1538 -961 748
527 -1146 -909 164
503 1241 452 569
1627 1540 7 1709
445 -569 -1935 1338
162 -669 -1075 1611
563 384 1536 1617
1117 500 -1949 974
913 -1463 -849 925
1637 313 1299 648
384 1781 -410 177
626 -1336 277 1626
1770 1039 -366 1804
862 752 777 692
1575 1192 1553 801
482 639 549 56
176 736 97 192
1254 878 61 1126
1390 1691 154 827
1413 -107 -887 657
1771 -319 309 1697
1830 -7 -1434 1287
575 -1331 -1640 276
963 -1401 -1743 1852
563 -585 -260 262
1044 -1760 1483 975
1984 -1689 -878 1671
1860 -1527 -1333 1410
1072 -1875 16 1656
1962 -328 -1388 933
1931 1608 1823 426
1904 -481 315 1626
1850 -519 1729 750
1998 141 1411 1169
54 -1344 935 1909
927 1464 -315 1533
825 -908 -525 401
1002 1987 -1052 253
171 -65 1328 1825
281 -812 1649 1138
1989 -73 -1426 712
997 1468 -840 1118
1 903 -341 1990
358 -1325 -1281 1010
695 -1733 1646 1932
1255 -272 1742 495
256 -1919 -1661 571
1439 -1331 -1077 837
1333 -1106 -1936 1012
648 -1770 -1090 1589
1536 -1604 1070 1993
1466 783 869 1794
1032 -1811 1862 1385
1280 -698 -1087 123
793 -588 -213 1655
497 -274 1433 1586
841 -746 -1265 115
1495 -109 -324 759
1123 -450 1785 766
602 -475 -1896 1708
1695 -302 -901 409
101 -1153 -377 1489
278 1529 779 69
1215 -1257 1174 1961
1281 1195 -1210 1540
130 -408 676 82
346 1908 -898 453
1654 -1645 280 32
1449 744 -1525 1835
374 434 -610 1234
1975 -1865 222 1558
729 -1215 -370 650
1294 -1272 25 1959
889 1398 1091 536
1285 1179 -200 319
591 -837 864 622
983 226 1861 1535
1924 -1789 1613 365
333 -1996 1542 73
320 1431 1434 629
894 -679 -1600 28
765 -1937 -1257 1992
1589 1179 -732 907
596 -1283 588 1847
1450 1171 28 1430
397 1091 -282 914
1910 213 -583 142
1475 -807 885 1451
1955 149 1637 660
1965 -427 1435 19
249 -1969 1385 1785
565 -675 -817 26
177 -1296 -836 1278
419 -1553 622 1410
501 -184 -1795 1733
450 542 1109 1387
1516 -1060 -1567 1838
393 -1275 1339 535
753 -1112 -1476 1385
578 1155 1309 999
12 51 -1498 585
1206 -1880 808 604
1239 -415 1999 942
1373 878 199 838
810 125 1071 1658
161 -1660 -376 38
1038 1004 774 1996
476 260 -1678 335
412 798 -1403 279
1780 -1332 -1552 1424
126 609 -1590 1306
1637 1813 1869 538
475 -1360 -1243 1480
1158 -1147 -800 399
1038 -413 -601 657
673 -532 646 320
448 1745 1281 1894
1311 -821 1605 1534
264 819 -1690 1928
553 -313 514 1225
1345 -668 816 121
423 -1083 -940 1939
1763 199 1869 968
771 446 1384 796
696 -509 -1470 1160
822 350 855 1334
1352 234 -1860 264
537 -125 870 1970
299 1331 -50 1915
676 -1329 -1222 304
813 1432 1588 865
114 -1486 -1871 802
436 -780 1613 716
410 -1921 1120 1145
315 -627 -985 811
565 -664 725 1701
1754 -1334 761 1425
510 -194 -1227 1400
426 -707 -790 1005
1068 105 -1181 403
485 635 1739 722
1689 1944 1549 902
114 973 1788 1280
510 1941 564 547
45 -496 332 1336
1715 331 1166 1162
1980 401 -365 315
643 -1279 -1673 1710
1721 -645 635 650
101 1684 1276 1165
1406 286 1850 1991
579 -40 932 283
1443 222 1914 577
1109 1827 -451 1543
1954 -1855 -371 187
1798 -1679 1227 1395
1314 1031 -305 277
1213 -431 -1198 959
1790 -700 1034 912
1476 825 9 1309
223 -1641 -1294 285
1764 562 1835 13
764 1351 27 478
725 1423 -345 338
464 1378 1160 146
401 -1078 1221 1179
323 863 -1584 828
1313 1390 -1250 1017
222 -1770 -1114 91
1246 -966 -359 1214
1243 -1821 1240 1810
1457 -1482 -1923 1531
465 -880 1913 1569
1602 -1763 1488 113
1707 -144 208 505
1595 -943 -990 1552
594 1018 214 1740
1701 -881 -868 1337
253 -17 -602 265
568 -1922 -1128 1983
1735 -1305 -1557 739
591 -592 329 321
1992 -25 988 777
177 -415 -975 1425
730 1568 280 494
1560 -493 -271 1663
324 -1867 -1041 1906
332 1466 -914 1805
929 -1294 -527 438
1752 -1604 -1852 27
1369 -1035 -1938 1932
739 -822 -1420 268
1318 -1774 -714 211
151 1141 1918 1598
911 -531 1459 654
829 612 1214 1845
1967 -842 1156 140
1805 -1584 -1028 1856
1535 -316 1734 1216
849 -1097 -1897 865
1638 -332 5 1322
354 -282 -1909 1480
351 -353 903 619
953 258 -1532 1527
754 188 -1579 789
1919 -1441 -346 1823
72 350 622 615
444 749 1283 1761
571 -684 140 52
1914 310 589 1884
1011 1068 1736 59
1394 -1726 -823 1508
953 1959 1898 1583
652 317 1591 1752
790 1382 148 720
963 -1012 360 1994
532 1559 457 1711
1966 366 989 1563
875 -477 -1628 845
903 1004 -1868 1339
580 1704 -395 1612
7 1336 784 1068
520 -1313 -1717 1387
1030 797 909 1550
145 -663 -1651 813
142 -1066 -850 1699
951 1021 -1078 1458
1608 -985 436 1788
947 688 -870 379
1693 126 -1931 1050
415 889 1610 1305
357 -1475 1560 45
1938 1949 -1865 301
795 317 -632 1638
583 1492 1140 553
214 1623 -852 1592
935 1865 1104 508
1151 455 562 1970
1897 -28 922 729
1121 966 -1247 1477
1720 1093 -1784 511
1523 -1684 -334 228
556 -1170 -701 1649
1583 -291 1557 653
558 -127 914 1120
94 -946 1816 1876
1208 -478 -970 1739
953 -971 1665 1352
1554 -900 -379 1828
1752 1185 370 11
725 1107 1504 77
1829 -1395 -7 781
170 -24 -996 709
841 556 659 1424
1099 -1755 1877 943
253 -1473 -1960 1141
1216 -1448 1421 443
1545 47 546 1565
1842 571 -1269 506
72 -87 1336 1192
811 -472 263 1485
481 -1592 1030 791
1666 -1884 760 1446
141 -417 1614 300
66 -130 -335 1940
503 -513 -1523 824
1908 -1418 -1923 346
294 1633 -1683 1580
1279 -198 146 1143
148 1528 1686 424
638 -716 -86 1774
1018 1146 -482 1598
1673 -463 -349 271
769 1448 207 1327
105 -1899 1158 604
1905 95 1022 1355
168 -1441 -1579 132
468 926 -193 275
254 -286 -1872 905
243 627 1886 1274
564 1579 -850 1245
567 -54 894 1215
675 -550 1349 592
1704 1482 343 1700
37 -825 80 1427
976 -490 853 1433
1410 1500 -1495 1959
1256 451 -1647 752
355 1155 -1151 429
1385 441 1544 1290
642 1450 -1200 1670
299 1145 13 7
198 1165 -1106 820
1864 -1862 -1654 825
1674 -1217 1400 38
969 899 924 1296
775 -1619 440 1279
1623 -1945 -238 1726
852 815 497 943
1995 674 1815 628
1884 -1408 -1267 119
1821 1842 -17 1443
855 530 890 296
1527 667 473 731
1950 608 559 1587
1618 802 1480 1918
507 -1629 -234 954
1014 1599 606 956
246 1352 -599 428
1294 68 -485 1239
1256 413 579 508
113 93 -1654 2000
1274 63 -1629 810
1593 1936 -933 487
246 -773 1131 183
206 -936 962 1598
676 1323 -874 420
235 -895 153 1381
1277 -475 281 642
1671 -1346 -904 1839
938 -731 345 1811
1180 721 1189 923
581 319 1287 454
611 1506 -622 634
870 -1665 -339 174
532 1873 520 734
486 -355 -258 315
217 866 540 1336
319 -1701 -1105 1262
1467 -69 -1953 1240
905 -132 -1635 136
947 1100 -406 1600
909 -1647 -279 1674
1882 956 295 305
308 -796 723 1430
1368 -899 -1158 188
551 -1845 -1986 1003
327 -95 -1423 625
1840 -1433 713 348
1168 -1842 -1817 1585
1207 1874 -368 793
12 1982 327 222
1654 -1588 1800 307
1235 706 728 1545
1572 1740 -1292 763
1535 -1610 -93 691
364 1534 -1345 1362
1481 827 -1583 972
22 -1321 1444 889
362 -1506 -1167 1814
1308 1971 -349 1042
458 -253 388 737
1270 1767 1233 1821
1971 32 -7 464
557 -1749 263 378
1294 -1690 -1927 1793
26 -725 1039 300
1060 1296 -1734 632
134 1374 -104 227
1534 -733 1217 1620
699 -1160 -1790 1473
1620 -879 -1400 870
1889 -1833 -1805 1797
1584 92 -178 593
1537 -1356 -1711 770
1499 1847 1563 1908
949 1919 1134 1719
1261 -1571 -63 1072
1269 -1128 678 1271
896 -429 262 584
1722 -796 1328 194
846 198 -1066 1050
989 -1044 -521 1369
317 -67 -759 1178
1224 -683 998 205
1689 772 -297 119
307 409 -430 2000
1865 1244 -1336 1363
