455
1394 -734 1620 1544
34 1179 948 1165
809 -1430 1264 716
1536 1942 -790 415
1766 -1917 -1239 577
285 605 1271 1093
75 1984 -586 1695
427 994 -259 1560
570 939 -604 1566
522 1122 1871 961
754 -233 -1573 1032
1435 210 239 1882
1637 1791 420 278
1008 -511 -1742 1579
900 -1350 1870 1872
137 -1405 -1329 1101
95 1618 1893 1792
104 1314 138 1146
873 -962 212 1807
1229 -1858 -752 1178
1697 -1107 1722 950
1513 1833 -372 262
1626 1887 -137 1678
334 -1667 129 1287
883 -568 -1234 495
236 347 -25 759
910 1036 -1935 339
1700 -805 -333 30
652 631 -1988 1923
1688 -598 180 1077
654 -184 1447 1048
1337 -501 -1209 949
1637 -1821 535 810
166 1923 482 744
1170 1111 -990 787
1026 1517 601 1382
982 -74 -1189 1740
910 -1934 1277 488
1345 -1537 586 1102
1274 413 -1785 471
982 -947 -131 1009
807 -866 597 1421
964 592 842 1024
1255 1371 -382 1490
77 -176 -782 962
1450 -1433 -1014 1167
1794 1972 -926 1776
1761 232 1856 398
84 234 1418 1765
1022 -648 1421 1703
36 -46 -1122 408
401 -409 713 1059
1363 -1815 953 483
1388 1465 -1868 603
114 342 -801 95
1823 -228 -890 313
769 125 458 805
1067 -75 497 1972
1123 -1021 -1804 1981
626 -1082 -1395 1688
391 1728 -329 1169
1124 -1623 -885 1851
127 -1848 1575 1802
579 -738 799 376
1004 1870 -596 849
1727 -521 -1965 38
975 598 -940 1982
1081 -1305 705 401
905 1783 756 1003
1459 1817 -286 175
1627 -239 -1218 1553
381 537 -1899 523
38 -26 -1015 1961
1896 1854 291 749
1482 -1038 1659 1307
1622 -1371 -960 782
154 -577 1613 1442
87 651 16 263
213 -261 517 885
1325 182 471 370
429 14 438 45
1352 1968 1286 1479
1092 882 1993 1989
1690 -1397 1227 1296
1369 388 -1692 1236
914 -1964 1081 1236
381 71 867 1508
68 -1774 601 1486
355 280 1898 1326
1870 -908 982 166
1099 -143 -1534 59
1203 574 1583 197
1382 -1112 -1112 755
1844 1675 -145 1045
1252 413 1936 1776
305 860 -22 1694
695 -327 805 11
811 -574 1716 793
353 -797 1900 1917
387 -1295 -1693 1840
321 -1890 -1733 430
1515 -1446 346 1498
185 827 -244 1704
244 78 -1462 1442
1370 -791 257 388
1229 932 -1059 624
453 -1704 892 651
1306 -1799 1593 1438
1194 1986 1122 1894
633 -994 -1027 1700
220 1041 -940 509
669 -1724 -1749 379
74 899 103 170
1558 -552 983 764
1207 122 -1993 1686
230 74 -266 704
434 1220 1589 1689
1213 -449 333 689
1821 1144 437 1358
509 1707 1953 1239
1897 123 1856 44
214 -282 -1326 652
1415 304 1295 461
1625 -487 778 695
1016 1214 -1079 1225
183 82 -1408 259
317 -1188 397 251
770 -112 1857 936
1958 -450 -1493 1434
235 669 789 1568
566 -1765 -1925 48
1202 -801 -50 1874
1148 -1088 943 693
1016 669 -1064 649
587 -278 -1054 1844
271 1431 -1359 1246
610 1254 -1665 1540
903 580 1038 1560
1027 -40 -1402 1199
113 521 -938 1010
1183 -1845 1941 654
15 428 -1508 1700
1191 771 -300 1577
1489 1901 1319 1623
844 -230 -146 1930
1241 1475 998 101
1310 -28 -1946 1531
662 1566 823 1781
1632 133 -528 1538
1820 84 245 786
369 524 -1015 635
1370 -66 353 1445
771 1048 -908 1613
1185 1726 826 485
1784 1933 1870 1890
1282 1808 138 1629
1375 -304 1205 467
1679 -326 1104 341
746 265 1276 233
1256 896 -255 951
1946 -1179 -1389 1724
463 -853 -1279 618
895 1644 245 1334
644 -8 -1960 473
1116 283 -326 1184
1481 1810 1879 349
641 -738 -1812 835
1982 -340 867 1805
1390 -1155 1073 695
1172 -259 1213 772
1141 259 182 23
1004 -616 1296 714
519 -134 -1378 1098
936 -1937 -278 1800
486 1417 -156 857
1881 -191 188 887
17 -874 290 31
719 -1481 -204 161
217 -1271 1299 899
587 -1764 -872 430
1633 1850 -1552 1487
703 -1375 1096 920
1353 647 -303 1980
363 -910 471 166
449 1261 -711 1123
384 -330 1796 435
252 761 387 924
576 929 -1283 375
169 -1524 1962 1985
1451 -168 139 1692
890 283 -1263 379
1298 48 451 697
593 -37 1265 355
39 -229 1004 1609
1853 -274 -1619 1169
219 1352 1740 1684
784 1228 -986 719
477 -861 316 756
938 -1232 575 1270
912 -306 1115 192
366 644 211 895
1845 -333 -1501 323
1468 -1559 979 867
972 1670 -724 1750
1396 -1738 7 506
1414 -660 463 1856
1240 -221 397 142
517 -1471 1947 1180
298 -563 -93 200
1049 338 -1274 514
1609 -283 431 1760
1587 810 -996 427
951 -1934 1446 1264
629 958 443 881
133 1274 803 1105
159 -1999 1706 1740
340 498 1547 1244
1987 374 -1018 1621
1844 1787 -7 1978
289 -1146 -1058 1797
728 618 26 1059
1819 -1211 -431 1382
1855 1860 612 1857
448 -509 -1429 640
908 1031 728 1101
500 378 714 1260
958 -324 -546 560
805 -1818 334 659
1399 1377 149 290
1158 224 -796 1263
312 -147 379 1054
583 986 -377 1848
898 -1131 1840 1819
858 344 1755 1575
1142 448 -1299 1970
79 -345 -63 358
101 -474 1255 638
632 -575 -1860 332
879 1322 1563 86
1669 1883 -1645 868
951 -105 1360 1412
1511 440 480 1831
1436 400 610 1745
1696 -1617 1781 668
1376 1403 879 709
496 1022 -306 350
53 277 -609 1659
1304 -48 -1418 1013
1210 -303 -112 1450
1898 -1319 -1959 1226
1617 -1768 1949 1196
919 -466 -1654 311
1066 -1668 1407 185
766 -864 1531 948
1480 -234 503 380
1202 390 767 330
1467 -1734 -154 284
244 -1937 -1973 1154
1795 69 1931 1027
1044 1019 532 1830
1875 -334 -256 761
835 -1039 -1149 702
1178 -1224 -331 1577
1170 -1008 1077 1507
1626 162 -177 1306
243 1920 -947 831
420 -516 -1172 86
1031 -985 741 761
9 -765 -1218 470
1390 -1304 -1603 300
1434 1348 749 1922
1881 -1252 -1789 593
296 1028 -301 245
1721 -1372 -1842 255
1347 1168 1161 742
1856 -377 -423 609
1678 1309 -604 174
815 336 111 383
8 -1571 -872 776
1365 -949 -1862 1442
1492 575 401 619
1429 -794 -1836 1044
1089 1409 -147 1377
1344 140 1085 429
913 -174 402 1907
502 -303 631 774
1141 1795 -35 298
1176 -42 1488 648
1774 638 1831 1230
1368 -1507 -1752 1821
237 -1771 913 1514
1062 -975 1919 1229
1010 -22 -236 1748
883 -987 311 833
192 -1559 -1804 568
1105 -977 1031 467
630 -595 985 62
561 -6 1398 1706
1447 1198 -259 1838
850 1790 1995 1361
1490 -1786 1110 1730
551 -866 -1422 241
1001 -772 1392 1875
1489 -982 1491 1825
797 512 -77 9
1199 -1656 420 860
47 -1310 -227 1534
133 289 739 1642
480 -1032 -1015 1419
1281 -246 271 628
1568 -1499 -596 1225
1926 -1780 -1067 1060
1474 -1944 1804 1329
1765 -665 -1995 1106
1221 675 393 1083
1053 -1293 -830 679
748 706 -1048 81
306 1122 27 316
1142 -132 -1354 380
850 -1573 1036 1355
1957 1873 1010 1109
128 -1558 1265 1420
1786 1088 111 996
252 1397 -636 1080
1238 -718 1025 1236
1848 -233 -1836 968
1114 50 -1929 27
484 924 -1653 1606
1878 -1279 1427 1413
738 -995 833 1946
189 -1789 -772 1978
1666 100 -756 1597
14 -1352 542 482
501 636 -112 1449
1484 1919 1124 247
205 1921 -1014 118
1542 675 1993 50
1930 -854 -1979 301
1422 -867 696 139
1325 -1089 -1818 1783
693 -1340 -562 829
1064 1571 -1008 221
460 29 1395 1935
1963 1029 789 281
372 -161 -726 458
136 -1100 801 323
734 -1275 89 793
1727 -45 -688 21
1610 894 -1787 1459
1361 295 -719 1190
651 -467 1972 1331
1008 508 1715 1537
1184 704 -351 1711
476 156 565 478
603 -330 -1196 1251
71 271 145 695
205 320 -220 1591
929 -881 -655 835
999 -1983 915 1987
1355 534 -1528 989
1562 -630 1775 1569
1831 -1123 729 1918
183 1381 1493 1817
789 1035 778 893
47 1826 462 1910
1975 313 1334 1141
1362 -1738 -75 1535
1053 -295 1456 254
1523 1749 -539 1230
312 657 520 33
1041 -1268 -146 1388
234 443 -1012 216
175 -326 -1861 1298
899 1268 377 1179
764 1295 1570 1416
1380 -103 -1743 787
1306 -421 267 600
143 -1494 -1001 1801
1082 -374 1905 43
1028 -1030 1034 311
1757 -1434 1133 1673
133 -1900 -1459 964
947 -630 -721 1213
1810 -643 -1031 1676
655 1021 275 462
1036 -1981 265 1365
1137 863 -1702 806
1461 -820 -1424 1690
1673 -1865 126 1694
222 551 -1541 1011
1545 1015 -151 1086
1942 -1195 1333 1065
1458 -1508 688 1856
1776 -1765 -292 1109
1701 -894 1743 573
333 -1557 -1557 1249
547 -1281 1 766
860 123 -1068 1125
413 724 -1382 907
1889 -1299 -489 778
628 -1955 133 143
250 -310 994 1610
633 1394 1674 257
506 647 -912 557
1676 -1855 -1371 539
1969 131 -732 1196
352 552 477 1205
1873 -540 -1911 1856
1716 1889 -771 1738
1402 -899 -1620 195
890 705 889 833
1358 1848 63 749
115 -31 -1818 1731
589 -692 570 583
1360 578 -1963 779
1192 -497 -1795 1258
386 865 1353 1489
1601 1999 1964 992
874 -1420 1937 1165
824 174 950 1953
728 1859 -68 1753
1646 127 1467 6
847 396 1575 557
1509 287 1876 56
1166 829 955 1396
1357 973 -1144 817
1080 -1622 -259 1269
1816 -357 1903 713
1356 -1311 253 1818
1062 -1162 679 233
492 -1449 657 1404
120 -990 -271 1707
809 -1113 649 115
320 -1481 1904 887
916 809 1502 1194
590 -511 1964 358
1902 940 1617 264
964 915 -851 1265
1319 -1474 -1370 422
1074 923 -1129 321
1826 -918 28 1439
1241 1580 -1390 432
30 -54 321 1466
1579 -1571 -813 1238
446 66 993 146
1464 -1932 -1888 29
961 280 -1973 1341
1186 97 1616 268
1433 68 -608 167
265 1591 -218 1518
1527 -1838 -447 1687
558 -27 1668 1980
1196 -785 510 1192
627 1063 -1682 1469
617 -371 -1809 865
