607
1479 -577 1002 625
1530 -1599 -1094 1916
826 -109 -271 1780
1679 -1194 -1115 928
1158 1511 -912 699
974 -862 1702 1092
268 872 -674 110
1687 -340 -555 401
1468 547 1850 1639
1147 237 -211 784
1912 -856 -1885 670
1963 -1946 -362 1450
1312 582 -210 1693
936 1654 -1060 1368
486 796 339 812
1123 1036 1027 1395
1467 547 -1868 1605
1294 838 -793 820
256 -1399 1452 129
185 31 1901 52
1045 -1457 1977 1512
1732 1320 -681 668
1291 -1789 257 611
1906 -393 -1582 517
997 -20 248 1708
1923 1222 1125 1864
1506 434 -1787 971
1384 -749 399 1310
1891 784 -944 1402
1555 1034 -523 1696
219 462 -1195 706
83 1262 780 1319
905 -387 -1706 27
1131 -167 749 1996
1918 -1999 102 46
1467 1587 -1824 1624
1596 -1961 1699 229
1332 -856 412 1829
1956 1659 -511 1209
1607 1758 -520 698
1303 942 1942 962
469 1077 -208 721
949 857 94 250
271 -1414 1189 1331
1152 -1491 -167 121
1495 65 1642 1689
1768 928 -1477 1960
812 1145 -1971 429
1327 1676 -1011 1233
273 1953 -691 1158
278 -1560 -1236 317
102 -1696 -1437 1886
989 769 730 1412
1996 357 -588 446
422 -1685 1892 80
468 105 1302 1920
1074 -912 561 1929
1391 242 524 1243
1521 661 -1744 1465
575 371 50 121
693 1595 -267 824
1923 518 -1903 1556
78 -96 1709 1248
718 -999 -1922 1411
159 -757 -985 1273
592 812 418 928
550 826 1574 1149
1194 -968 782 469
263 -1614 972 596
1821 -50 -1266 1881
1825 -1586 -80 1768
1627 -1404 -839 1479
214 -1326 -1822 625
835 417 -693 1894
1414 480 1116 1657
1448 -460 1369 2000
1635 -1952 992 1880
1513 -740 851 511
30 433 1991 1560
1849 -1284 1883 1850
535 -1682 1112 785
1640 321 -102 188
704 -490 1834 813
1799 -874 -130 1084
42 750 1996 709
1176 403 1003 213
389 -1473 1956 528
1562 104 428 1070
1107 1696 -48 1434
464 418 1502 1746
1988 704 11 1930
489 1140 1781 41
1978 1044 1118 1097
1000 723 1880 1643
1926 -1077 1645 1809
1677 -307 -1156 531
1561 -261 -1315 1643
1881 1072 1879 424
1347 1924 350 367
637 1910 1761 1093
645 1877 -823 998
1979 -1143 -1438 82
930 297 -1907 330
530 402 1664 183
729 -381 224 84
1973 -1087 -1796 1855
891 16 608 1468
1892 1744 218 770
251 -1384 654 1804
1328 -1618 -1440 120
1960 -1100 127 220
1306 493 -603 1884
1971 1713 -1102 1845
67 -174 -1801 998
1870 -718 -634 1265
1629 586 544 495
554 -778 765 329
999 1931 1738 384
1160 -1310 -1949 197
1924 528 1049 1713
1192 1391 762 287
580 -473 -1768 1341
316 -798 -552 431
1192 -1255 -939 1708
1060 -182 -1666 447
17 -1488 -530 1223
1746 -154 -1009 1735
672 1898 263 359
1943 1098 1033 1185
1270 -1734 -1579 709
371 800 -383 1189
581 -1326 93 1657
840 -1468 -129 157
1116 1601 -618 510
55 -1973 794 1825
1790 1204 1553 1388
992 -152 469 1739
699 123 -1301 476
757 -633 -1754 771
516 1198 -1781 871
1238 -417 -1557 435
571 993 -636 1350
1093 1231 -1962 147
335 -1490 -63 1922
1475 -1293 -107 1597
1010 -835 -1625 500
1105 37 729 74
694 781 1487 1445
1951 -1421 -394 1874
187 -868 422 1070
1774 -639 1992 1182
738 899 -648 616
385 -72 -1229 1192
300 1825 -938 1916
935 950 1220 312
602 988 757 595
1 -1222 1273 1096
253 1127 1579 1270
1346 1978 -857 1633
551 -996 -887 1790
1737 105 -895 475
1047 482 -46 69
1559 601 -1131 1999
928 1487 -1462 1138
270 884 -456 23
882 600 -130 703
1263 1905 -343 1868
606 -1678 1221 1269
1659 491 1643 998
1717 -1698 -1969 413
1778 85 -1542 94
601 -1131 1793 1008
1558 -432 -1172 1614
1641 1923 -1499 584
1591 1481 916 1071
632 -503 -863 1756
1575 -1417 -1406 1321
886 3 701 422
1271 -635 -267 1062
259 1732 -701 831
391 50 -299 1934
578 -1398 1588 1825
729 -729 -1356 1099
372 -1978 -1620 835
174 -1130 636 37
440 -598 252 847
230 1203 1473 1974
1168 58 184 239
1907 -1075 138 422
414 797 -1586 426
1349 -536 424 558
1186 -1693 -738 1578
1919 984 -662 985
237 -1526 -1256 1849
1584 1708 -743 557
1296 952 -612 910
1033 -629 656 1206
1532 -1361 -1960 1283
1244 1258 1416 1659
354 -152 1741 1410
1946 -157 -696 1509
835 -282 -212 642
819 589 -1082 254
1729 1373 -1450 878
1833 1505 -1275 1534
1900 -1004 28 509
1149 1436 561 1615
1813 -1205 1441 1354
1167 1052 66 1001
973 -435 -1507 220
497 819 389 1926
1557 398 10 814
1300 223 771 94
1198 -492 -1467 391
856 -202 -948 1611
905 -774 -1035 1954
223 295 1306 1094
1768 1007 946 806
1497 -693 -1391 1911
1147 -1243 1771 1582
1800 1037 1083 1463
1523 417 -602 1330
749 -103 383 752
1265 145 -260 1978
681 743 -1162 603
1462 1358 1536 705
428 -1363 1021 1552
1011 16 1101 1294
151 85 -1008 56
1801 -1460 -183 1612
1469 203 -1955 1997
1514 9 -1102 883
685 827 1529 1448
838 190 364 907
1112 -1588 -1086 1713
861 -752 -1603 1487
961 -1572 646 1569
226 -155 1927 1783
1655 1977 825 1331
134 -850 413 156
1899 -1849 -1019 621
1320 -1238 -1743 1094
1007 -1494 -922 602
490 1265 -1971 928
884 -1752 4 1235
398 1385 932 626
763 1884 -683 496
83 1119 -1345 1029
292 -11 780 315
1692 -1058 1666 465
209 -779 1383 60
1881 -4 -1405 1249
1042 -1646 278 1437
1851 -53 1521 1101
409 -1257 -314 662
1091 -1273 993 206
1431 1932 1247 1969
275 595 -785 1933
1292 286 1350 1046
1194 503 -1654 627
362 848 -408 1743
955 1851 709 1017
226 178 -1206 132
566 1315 -1192 200
1412 1712 545 1903
1612 -698 717 1801
1410 -1903 1045 952
1438 1438 1183 1028
652 -987 -88 25
557 -517 -1432 884
1876 386 -865 1850
538 1713 1716 1297
427 677 -1319 181
263 278 752 1140
1570 -297 1028 979
1204 872 -163 470
1785 316 -336 1323
1697 770 1684 1408
673 367 -1933 681
401 -697 -1748 172
1245 1148 1607 228
548 -1553 -2 305
1756 908 374 1173
524 -601 -1032 489
1743 -426 -289 998
1192 -884 163 669
1561 1592 1829 1264
618 -516 1053 678
1801 995 200 11
932 -1277 -318 829
896 620 196 1616
310 1647 1247 939
496 525 70 1705
561 -1416 -687 697
1194 1689 1046 623
1190 -739 -632 1952
31 -1077 -725 810
1446 -811 1863 1546
1135 -1807 453 179
498 -1446 -1486 494
764 -1965 -102 1220
1708 -1699 -1317 1926
1862 293 -1573 54
339 929 1597 187
1535 850 431 577
570 228 -1332 1511
504 -1713 831 1967
1217 702 615 1809
1505 -189 949 1208
985 351 -438 35
796 302 -1682 1126
99 729 1772 742
1050 1311 1925 1729
224 1069 1838 100
1163 -1123 -413 1122
50 307 -1578 884
1009 -1396 1596 1204
1368 1853 1202 1520
845 514 1851 1341
805 323 -987 1074
1343 1774 1221 1577
1129 -796 838 1345
569 -94 997 414
1221 -225 1245 311
1723 -1857 -1417 1592
1562 1797 -511 910
663 -1436 -146 1901
362 -513 836 1437
174 -1652 -665 425
308 1750 664 143
1504 -1848 1493 595
1275 -676 1330 459
671 408 864 788
1390 1897 -612 572
236 659 -101 678
16 -208 1471 1417
1911 -1639 497 209
401 1293 498 45
1218 -125 -1718 1055
610 -1669 -817 95
1710 -1374 -10 1544
789 -1288 -1999 602
1179 1272 -1319 518
1177 876 -948 661
1435 1501 1627 514
161 -1244 -78 331
1614 -779 -1866 1108
700 670 398 1795
934 -370 -645 1845
1629 -1062 -128 40
1028 1350 123 1663
1140 516 339 674
937 543 933 1675
754 -1616 -1732 1817
1045 1698 1245 1297
680 1695 -1695 1416
873 702 3 1818
456 -56 -848 966
920 -300 -486 304
1473 -886 -1455 478
1745 -1794 1027 828
1862 1685 -1566 1032
21 1541 1733 566
567 297 -381 1197
807 -1319 228 583
85 1713 1548 1509
1094 -1929 472 1737
1937 16 -839 1355
595 159 -1975 965
684 -1883 -199 1639
1072 641 1196 1347
1416 -106 -822 1426
1630 -1003 -541 1565
84 1380 -268 1012
1326 1116 -421 1595
963 321 -1956 408
1376 19 -124 1143
725 -632 91 966
822 -360 -798 345
235 -60 -879 87
96 478 -1286 795
1270 -1970 1117 324
1120 23 -1297 1941
231 137 -479 213
567 -1596 1710 385
943 401 -893 1861
885 960 1516 1543
688 -1837 323 172
1628 1429 -1470 833
106 1951 303 1347
1149 -289 -262 935
1085 -735 -1134 483
360 1140 1851 851
1260 -1544 -93 1397
287 -246 1382 141
967 -655 1700 1074
1202 -171 -1566 1567
656 461 -475 675
3 1210 -1430 1089
934 259 232 1969
3 693 1699 861
107 1735 -744 709
995 -1279 1399 635
1841 359 -1989 568
1443 -375 -1653 1301
1528 -839 -854 99
1892 880 1034 500
1153 1280 1307 1023
1785 -1387 -621 640
1037 175 811 181
737 27 -1850 866
1149 1282 91 398
733 1647 -539 596
1906 -1725 -766 803
240 -305 -415 1855
622 -774 351 733
361 1639 1061 603
1024 1952 -1369 549
569 -455 1516 289
331 -77 355 789
354 1599 868 1019
1599 1644 -1333 1716
1349 1030 -662 162
1181 -161 -797 1084
723 -805 1352 606
1270 405 -627 678
1180 696 -311 1624
1772 -1018 -1526 347
1170 -429 -1086 26
734 -904 -496 532
325 1766 -1832 1549
831 831 1188 1467
631 -1300 -769 697
831 -1255 -1272 1783
1481 -1191 -550 1912
254 723 -659 1074
379 271 1947 1778
1615 735 795 1493
879 293 -194 1344
1683 605 -745 682
742 -809 -1854 541
649 -652 1572 456
560 -861 -157 1247
291 -136 705 1897
303 -266 935 146
371 486 59 247
148 1573 1380 444
1865 1127 -1147 1433
639 -507 1062 424
150 -871 -693 1353
1778 -1244 -284 1983
715 627 -1685 609
541 -1783 -1707 698
1513 1994 1708 1048
1714 -235 -1991 784
49 1795 112 1897
1122 -298 234 285
421 -1192 759 59
1485 -293 40 999
820 -951 -111 393
293 1550 1226 650
961 -692 -338 890
1083 1342 1138 301
300 -740 1523 793
1135 817 470 889
982 -572 658 1917
1091 587 -353 56
1568 -1614 -1578 1761
1560 -587 900 1794
795 -649 456 652
1950 -1387 -1923 1457
1337 1346 -1618 1737
1655 1691 626 1934
777 1149 35 159
915 1883 1751 1649
830 824 478 1097
1108 1731 -463 611
856 1749 314 1694
1819 711 1097 910
1752 870 117 1945
473 -1921 -1791 1450
1791 629 176 1298
1710 1998 -110 1185
462 -732 112 1697
1771 -1203 1557 540
1750 1803 -1781 929
1843 528 1440 1459
41 -1697 -1390 1882
277 -923 -1720 1168
855 -751 -989 276
258 -471 112 1131
896 -44 -665 1930
1869 -1883 632 861
1927 -1865 -1322 1188
1493 -475 1793 1280
1597 -1905 1536 826
843 -960 -987 1741
49 914 -903 295
33 -910 -989 364
1381 1916 -670 307
424 -950 147 855
75 1735 -216 1735
1409 -1465 -512 86
66 -1943 752 1787
1276 -331 1853 387
653 -361 -1438 1978
683 65 910 694
172 -1635 296 1260
1886 -954 -486 1624
1456 -1074 146 362
1959 389 797 1092
394 -4 596 1389
135 1049 -1640 576
1052 1824 1217 110
494 -160 -1954 632
693 -1460 1247 726
942 -1380 -1663 1362
1720 661 49 989
1432 -1253 591 314
1141 1811 -102 862
364 -1888 -207 1991
1501 -1430 457 321
1468 236 971 642
1233 1295 1138 1919
1736 1867 -1662 1269
530 280 -702 113
626 1809 -1871 88
1473 1857 -1349 1248
59 -1989 131 1477
1904 1438 1325 741
212 -1877 -343 500
223 -1855 1375 1961
93 -63 880 255
718 -1494 -1059 1605
327 -970 1486 639
1536 -150 715 1490
1605 1035 -1411 460
1973 1395 -605 1177
166 -1423 1971 1311
1679 1663 1375 1875
1388 -735 737 482
413 43 1170 858
615 903 937 1437
209 53 -297 565
329 1234 684 1418
1229 1863 1554 750
562 1275 925 370
1249 1724 1506 1694
1573 224 1180 1389
606 489 -48 1822
784 1676 -14 1892
1221 -100 531 1687
87 1989 476 802
1687 -365 -1118 930
1849 548 221 29
1349 1373 -1151 889
152 -1110 -1454 1920
1217 -1962 -1808 579
756 -1829 620 1588
1322 1392 171 1722
1855 844 -1414 1313
563 -770 -1022 1863
1770 -230 1219 1553
1116 1004 -1171 340
37 1596 398 268
550 260 1365 72
1218 1681 1869 1947
1794 -742 699 1869
402 1176 1040 969
881 615 -660 1932
1029 63 1152 1036
517 -754 1158 703
925 1040 389 1247
1502 975 1206 493
731 -2 1876 1883
1852 -1754 -101 1889
463 -1962 556 1464
1458 -1707 179 1602
1243 -825 -898 1024
1696 1979 -1015 1322
1775 -1051 -52 1643
1927 -251 -1122 275
1709 26 750 291
361 431 -856 516
614 1291 -1233 480
1525 -1612 -907 1496
938 374 -145 860
670 1036 -396 1382
43 -1510 -1706 1392
1747 593 1176 1736
426 -1719 1245 691
1623 -939 -653 984
1079 685 1606 273
442 1954 1204 1949
1028 1072 806 289
125 863 138 1634
802 -191 1763 1772
642 414 -390 1310
49 66 -184 876
24 -585 450 1980
1955 1866 -1760 1529
322 -1381 938 1524
1656 -110 -1045 1437
1919 1898 346 1918
723 -1631 -400 1249
98 1473 -1642 1541
1618 398 -482 1997
