221
464 1743 -600 1245
842 422 550 1762
325 -16 1227 980
1486 -1603 734 253
53 412 1228 1901
878 1385 1091 1927
1810 715 -722 353
1019 876 245 424
1211 1161 -911 730
502 577 307 1785
963 -40 1139 1935
239 -1041 591 1157
506 -896 1720 74
311 193 1334 370
1904 206 -222 1796
993 1669 -1747 635
1224 268 256 1783
1228 -96 -450 953
1507 599 834 1434
1289 871 891 1732
1280 308 1200 487
571 1370 -206 582
337 -1025 392 696
1264 -1765 665 1911
1160 700 -1184 1748
252 -424 52 977
757 1810 1554 709
510 -675 -1260 1116
1753 -609 1895 629
616 1817 -308 1170
21 1047 1630 1547
1178 -1711 -1125 1467
1738 -666 -1642 1969
455 1603 1183 913
345 363 1938 1313
973 1442 -1001 1772
1619 140 -841 1938
1168 -37 1658 1766
874 -307 -1362 959
943 23 -1191 1911
1742 -1639 -595 1743
1979 -964 -1596 1545
688 439 835 1421
1351 -1553 711 677
1281 1810 -1999 1536
1074 -1293 741 386
1266 1018 -1911 1683
1805 -1560 818 940
1220 -404 1370 877
266 1619 -1268 1978
1448 -617 -1248 1465
234 686 -1140 1173
848 522 1474 1518
894 -1084 -61 935
1740 -231 -34 1623
310 939 -1630 1241
413 -1868 -755 363
1124 -11 -158 547
564 -242 -898 1733
312 1553 -1535 798
466 -772 162 1693
548 957 -1641 1380
1640 -547 1389 939
809 -1747 -512 1182
1975 -1551 -1829 266
1207 -89 451 1620
1857 743 723 754
352 -1226 1238 687
1062 1096 -281 1899
1925 -81 179 745
1414 1485 1594 896
630 -563 187 267
1684 -1246 -234 1481
629 -1709 -1393 877
1345 -1456 -1132 462
1155 -1008 429 713
316 -206 1673 1386
624 -1624 80 1303
135 -1068 1633 69
1086 -1774 -1129 1968
1332 -740 123 648
189 1228 1213 622
1906 1364 -1699 1196
1455 1054 -1738 1738
1780 -755 -355 793
37 720 -1739 1420
1050 -842 -1891 1194
783 -872 105 1214
1397 -514 673 1655
1248 -1961 -1577 1816
982 622 1791 1161
710 -1097 1901 884
911 1074 -57 553
1765 -88 -999 138
751 1950 317 1840
539 -639 1931 1316
1753 1544 -885 39
1308 1987 1381 1978
845 1198 -305 1815
1047 -49 -1096 1286
652 1376 -1122 472
654 -1147 -1649 320
1255 -1444 1921 533
914 1440 1244 354
1919 1832 -653 1590
435 151 -1382 1941
1973 -1971 150 452
899 1999 -1729 785
1019 1189 -1241 552
610 -500 1820 495
737 -1590 -789 443
1522 -167 -1954 553
1335 -366 -1067 534
1348 1342 -641 647
1584 -1401 -504 146
1880 -1685 1588 1283
1820 587 -649 1592
1088 123 44 198
1693 1131 1767 658
1917 1045 -1178 200
642 -1531 35 1207
351 1983 -721 1378
1533 -1596 1078 49
1528 654 -276 590
1920 -518 580 617
121 203 1422 1397
1355 -306 -1177 1768
1778 23 -858 79
1055 966 -1625 23
1365 823 1420 1013
1085 582 -783 1647
578 -1802 926 641
854 -1228 -935 10
1067 736 -1229 1804
1275 1453 439 1055
1825 707 1826 1566
94 175 1751 936
1157 -1808 -1134 576
1902 -1841 -254 1310
375 -1054 873 412
862 1802 1115 1066
728 1767 -1817 107
734 -1387 646 262
1083 1973 1048 1141
1935 1386 -909 1785
975 930 -1609 1476
546 1434 -221 829
1301 631 617 736
1032 1039 -1713 412
1440 -56 -1861 1539
1699 162 723 1389
398 -1078 72 1493
802 -758 -1919 474
403 769 -415 1072
312 -1385 -1479 1805
606 -994 -141 700
1173 1173 -1618 157
1041 626 1546 627
890 -1275 -1329 1492
604 197 -459 1405
1512 -1676 1332 748
1074 595 286 900
1489 -475 -1955 188
1153 1224 854 1040
1428 -85 1302 1519
749 1682 501 1419
1764 -141 -517 316
1157 1301 1880 221
944 1436 -1281 158
1642 -1916 -926 1872
1227 -542 466 1276
751 -892 1788 1516
581 614 -1827 1425
1859 -1256 -1041 987
1775 9 -133 1252
1559 -1242 84 742
891 1507 -1312 1472
125 1566 160 133
1080 1378 -1297 508
614 -1511 -1885 801
329 -580 -1787 931
835 1477 -1170 1940
1261 1021 59 1516
1844 -1654 1747 278
1175 1099 275 818
1099 1441 94 33
999 703 -1916 348
1720 1922 1801 366
1454 -1877 102 5
1037 1397 -1859 597
1869 -41 720 581
827 -181 -1709 975
1302 -1735 -1409 1796
1650 1260 1160 1015
1416 -1454 156 1389
692 -639 -1497 1971
614 590 -153 1432
66 -613 -548 1902
688 -1394 1215 189
812 669 1439 1441
1383 -1755 -152 1191
1508 1259 -1314 1892
220 142 -223 862
683 -1498 -1684 1312
880 1786 1479 299
1121 739 -267 688
757 -846 184 1302
1032 -1893 -985 1978
1930 1606 -1025 58
1936 1538 -1101 9
1538 -1564 218 687
715 410 0 86
573 715 -1843 238
874 -124 -780 121
1308 549 -1176 1312
1981 969 542 796
864 -147 -1492 957
263 -1375 676 1687
426 -657 -349 1056
70 1467 1961 52
75 1727 1385 1601
