1290
1097 1389 416 328
1578 -1027 -1739 419
763 1766 1707 930
455 -596 -377 547
970 1062 -1237 630
310 -1380 -1190 1823
497 -178 -322 1624
421 125 -1521 108
671 890 624 126
961 -406 -230 256
385 1818 1355 1660
871 1287 1083 975
899 1311 -1760 808
1188 -1188 -1313 254
1330 1060 1446 1431
837 152 1533 1426
1291 -55 1028 1694
1350 -223 1955 1312
1036 -1415 -133 530
1989 1821 -147 830
1281 126 -1200 1559
912 1209 1010 832
119 1656 715 946
1698 1018 1558 475
924 1933 -693 1482
584 -789 747 52
1356 1431 1398 34
1953 397 330 1329
1268 -1184 -1697 384
1752 1252 -30 789
898 -1414 1631 57
987 1023 -1116 1303
178 542 -105 1697
1176 1949 208 251
977 1564 1596 1582
697 -103 1545 1814
1709 -1695 780 1861
1982 1140 -763 110
1986 -1796 1419 506
1075 -1237 -1434 1414
861 1494 1612 1475
180 -1846 -1595 757
1580 807 -823 1205
1519 148 10 1567
1723 239 16 197
705 259 -164 506
279 -1594 -1030 775
1239 1808 649 57
414 568 -207 1873
846 1012 979 1251
316 -1451 1553 871
1826 -1159 10 972
1342 -1145 -2000 1824
402 1378 447 1721
530 -1032 -1066 1487
1673 -448 1759 1263
612 -536 -76 842
661 1319 1048 35
929 1136 1213 645
1987 -897 501 123
631 139 -1858 118
1119 -1088 1345 555
754 161 1589 1442
24 -247 1593 232
1599 1351 934 926
185 -63 -1999 167
1324 1020 -1283 766
656 1400 523 862
213 -307 1054 968
1754 78 1640 129
1399 1670 256 1105
212 -853 1759 484
112 202 1955 1917
683 1031 -884 1951
11 -157 -56 1234
1147 45 888 356
984 -1118 -75 101
547 -1489 856 41
689 -1153 -1113 154
1982 1784 5 1188
133 -536 -182 871
10 1516 1411 1081
448 -744 -7 49
291 -367 1253 1949
1440 -179 -1428 637
744 -108 -1124 1013
113 -726 17 351
1172 1588 603 1671
1248 -491 710 845
1206 -1742 -835 1079
1547 1038 1774 172
1385 -193 -1065 826
1197 1443 1353 1744
587 129 -1108 581
54 -485 -1621 1023
920 -242 438 541
912 356 1635 1758
287 -151 1732 504
1306 1672 1787 674
699 1969 -166 361
1104 1556 -910 943
219 1452 876 647
1424 -999 1431 1259
1866 -410 527 1190
758 -1976 -794 443
133 979 -255 844
271 -1545 -1571 1459
571 -1456 665 1276
1000 1420 1433 505
472 -1011 319 1517
1231 -856 971 274
1064 -816 1149 1091
768 -136 1119 610
617 1932 -218 227
521 1445 502 671
264 503 260 1667
1974 -632 -129 654
434 1072 1312 1814
1652 1356 -1011 1572
1668 263 397 19
768 -1376 648 1605
1818 -81 -80 766
1176 -729 33 471
1507 1373 1426 12
888 172 1895 1742
778 -618 1171 1587
1101 235 213 1713
221 -168 -1475 1782
1189 97 1018 1059
441 1502 131 1420
172 -705 -131 1402
186 1816 -73 1257
144 838 -63 554
1231 -129 -334 1314
189 -1901 -909 937
1011 -706 388 796
432 446 -1994 956
948 250 1005 93
422 -1280 1320 360
479 116 1177 9
1085 653 -479 1041
833 -1102 -1496 21
1281 -632 1701 733
966 -703 1870 310
1983 -440 -153 769
349 -1123 -532 146
565 601 -225 1473
65 -301 -1653 684
1359 487 -244 707
784 -1166 448 1035
106 1783 991 236
199 1468 -1509 1315
228 163 1586 1377
979 1149 1328 25
1593 1019 -1575 1622
513 204 -501 1651
1591 721 -1390 1665
1533 -553 -1129 1876
329 -30 -573 374
437 24 1948 163
1198 747 -1617 396
1926 -1808 1278 1364
1635 994 -574 710
1245 463 1151 252
1619 -765 243 233
951 756 1699 1873
173 -1706 -1652 460
112 -1338 -135 86
590 -1110 -1927 1730
647 1882 1119 1346
1249 1197 -183 177
1271 -424 -1161 1273
661 -986 1875 1869
238 -1438 1569 929
759 1582 -243 1228
1673 -1933 -1772 1581
1506 -411 1968 691
1701 -904 -622 1732
1717 -1043 798 1735
414 -649 871 1802
1149 1240 1261 1180
770 906 1057 164
1845 -1401 1162 712
1455 -246 -1508 791
1900 -1611 993 1216
64 -1528 556 1288
1855 1769 1974 1097
866 96 -1626 301
1641 614 1365 39
1812 210 -615 1418
905 1389 885 1312
1586 1081 -1746 1620
1579 -1311 1598 1064
712 876 -1575 1072
285 156 -1911 757
900 -14 -84 724
1067 557 305 44
467 656 -50 1220
898 -104 -1065 418
1874 -1688 1775 1157
1200 -631 -38 619
1021 1581 -280 1228
225 997 316 1310
1843 1534 -1163 142
162 1030 -344 445
975 -1588 1614 1264
608 -93 -406 1552
1135 1589 -1720 1000
1609 -1587 478 90
1568 1594 -1691 1258
1754 572 1660 1761
1375 285 1859 763
398 1983 -1036 1914
729 -107 -88 1681
1540 1858 86 345
986 -226 1981 1455
504 115 -1193 1076
1312 -1554 -321 828
984 133 1606 80
1032 559 -1922 1388
1552 -428 427 865
1983 774 1336 1124
253 943 581 781
1650 1397 1597 1913
1308 1338 266 777
1006 -1943 -1172 1
795 -1087 -329 1577
1615 -1202 -215 111
758 -1317 -611 1204
1299 1933 -666 1306
779 1218 1405 460
1287 1850 -1663 87
694 -1133 771 1785
552 -481 451 1705
1380 1534 -1488 606
1315 -399 658 806
34 493 -659 1297
180 -576 -1013 820
606 602 -1555 199
314 -245 1071 967
1716 1809 720 341
560 -466 -589 1924
1426 892 -1305 495
340 -1194 1129 193
1268 1713 334 75
19 464 793 1745
1975 223 -1404 1341
121 -1036 1190 1563
152 -268 -1732 299
1461 1625 -1963 835
1253 630 1658 1674
1762 462 1796 270
1274 -1480 1522 1135
1646 647 1480 386
1461 1892 458 1582
1734 342 -1533 1826
1825 -1149 -1263 1037
887 -566 1729 677
350 -1238 -95 289
1966 1193 776 335
1190 -857 1831 1679
1831 897 -1988 677
40 -1812 1283 1931
1361 654 1708 1485
672 1811 -823 1883
1783 -1168 -996 1370
875 -331 -1743 1779
1655 745 -192 1523
1735 -1673 -1156 250
1886 -1245 -843 1740
1264 1697 -1477 1651
360 1324 1204 42
1779 262 -1253 787
1988 -154 -1600 1283
1038 -316 -1761 1
509 -217 -1110 458
477 757 -447 1312
545 1485 231 1814
30 157 -1535 1478
1037 1534 -999 523
812 217 339 1111
910 1200 -128 1518
1558 -738 412 1977
1840 -1575 -525 1685
841 508 1355 897
930 -1092 -549 835
1120 841 -1687 1556
783 404 -1291 591
891 -584 1284 182
1189 -424 -778 349
772 -917 -403 1005
385 478 233 354
90 1932 -749 622
288 -1797 227 52
281 1175 -1434 525
942 498 -1842 135
1390 994 -1588 528
1273 752 871 1935
151 -471 103 108
1503 -1566 -1509 1283
1936 -624 -1001 1766
1179 -1176 1619 1560
710 -930 319 386
1579 1671 1460 1985
1127 -1249 -326 1414
171 1686 -1800 1429
95 930 -1668 391
314 -1942 -329 616
1851 1978 884 1017
963 1596 -844 1615
600 -944 -1104 610
1508 -319 1703 1999
340 -1297 207 823
1962 683 -918 1710
156 -557 842 412
1522 822 -1877 335
1531 715 -349 1895
73 1896 -1918 89
1280 569 66 1293
987 331 -200 1648
1752 -1036 780 1667
791 -1398 656 1850
1886 1116 1976 93
776 987 -396 1034
1233 517 778 385
1916 -178 -1530 1671
1165 1444 -1205 1940
1360 -1859 789 853
16 -1556 391 266
1824 121 -1589 937
742 -674 -36 105
1723 -1290 -361 120
1500 1747 -915 438
1324 1478 -222 712
400 771 -788 469
417 1721 -1722 1916
1118 -569 1077 813
1943 -847 -1626 923
835 182 1554 1408
139 323 1038 1065
988 889 1121 134
873 215 1859 1980
1575 -1676 1496 1458
416 -1289 1871 311
1632 -162 250 1626
891 941 -420 881
1429 -720 189 1283
872 1347 -841 1758
1698 90 -1951 833
1220 -12 1698 899
292 -588 596 1835
572 -587 1422 1381
265 -857 479 355
1932 -1069 -282 426
44 -1117 1950 1537
1139 1493 1625 70
1629 1290 -1962 1992
748 -1477 1419 413
1302 1733 657 1470
1381 -733 -1325 743
166 587 -1566 280
1771 -974 392 134
857 222 635 1962
459 1798 -1727 609
1933 -1718 -596 1962
241 356 -1149 1579
237 408 -50 493
59 975 708 1547
857 -1802 -875 1895
1735 400 230 869
971 417 407 222
64 1458 1699 815
482 248 -1297 1031
1428 -1721 -1903 1612
442 123 836 199
1455 920 -872 1251
1329 -937 -1894 1746
864 476 -743 1208
1714 1752 62 222
1058 1479 1261 752
1436 467 135 720
1459 571 -79 1601
876 -52 -699 1356
496 -187 -326 910
1870 1689 -1547 1224
1526 -105 1567 110
1199 -377 138 681
738 867 100 1845
1020 -598 197 547
1712 1540 -1961 1496
131 -460 737 1884
1166 1619 -1780 1133
624 542 943 1801
266 1371 701 1703
1312 -1393 1028 831
1982 1916 1150 1469
321 1389 -1655 194
1338 -574 -1639 803
1039 -669 -1722 104
1018 -1768 -1294 62
1400 806 594 774
490 842 -1535 212
791 -1243 -71 640
1001 1620 1358 1192
491 -171 1720 876
306 1218 993 1105
1713 -267 -179 15
659 -1230 1930 1523
1749 798 -1721 1342
904 -888 -167 1811
1572 -1286 1412 1069
1248 -907 -1980 1527
619 1050 477 2
678 -1325 -1558 1986
1032 388 1139 881
969 -1227 826 1467
7 -123 -768 657
820 -240 -579 1542
1349 -711 -742 1653
117 1208 -1203 921
784 112 1848 674
1832 1403 16 1367
484 1263 -621 319
508 -1208 731 423
270 -525 1187 911
12 -123 96 1565
12 -74 1824 1000
134 -1602 -212 1758
1578 -1406 1853 1598
87 -16 1996 287
1349 -657 35 968
1564 1841 -1238 1237
1467 1671 -1823 1993
1250 -594 1053 550
1944 537 -956 294
1382 -1770 1580 1142
681 1932 -104 1654
1652 -94 -689 1450
188 1508 -248 236
938 -69 271 1831
1373 -1491 539 13
1253 -223 -1130 803
313 -1069 1558 1168
1218 247 -1840 465
766 -1003 1418 728
1710 1342 -465 1896
1319 -1966 -1367 1787
229 -1847 1388 1324
1924 -1272 -486 1965
837 1707 32 1651
863 1971 -502 1989
379 600 -1977 688
135 -815 161 454
1044 1140 -1428 1002
729 768 1720 1973
205 1270 1984 261
32 1175 -1982 185
1939 1447 -1727 342
971 -1327 -894 645
482 613 1085 594
1814 880 -1642 1262
425 1973 1537 1311
1359 -155 223 1547
1283 1620 393 1616
194 1820 -1222 191
286 1576 -1103 1724
1052 1160 1212 1456
790 -910 1357 919
491 369 -1498 1827
234 640 1500 1303
474 777 -313 1756
1749 821 336 1007
473 -249 980 1697
1414 -537 258 454
1714 -315 -1736 567
632 496 413 272
1076 -906 -794 1122
585 -1174 -995 946
1515 -310 -1425 1592
357 -358 -1031 689
565 -534 -1150 462
1051 641 -1393 675
1870 -1705 1288 1177
1126 -1316 -1740 252
1219 315 663 1725
1237 13 795 1633
1985 -1992 -1208 544
163 -1123 587 663
1622 -633 1050 502
94 -814 1444 195
1966 -101 -196 774
882 -1074 1058 1995
567 -1252 -1225 1427
862 90 1997 1090
669 -454 1766 194
1421 -1284 -399 127
1997 -657 967 650
557 1095 -1966 1638
196 -828 -1647 846
1723 -1984 -1819 1613
1168 -46 1805 772
788 1026 481 711
1085 1237 -1811 1952
1333 665 -4 651
873 -449 1462 1561
1162 772 -1706 1037
368 -1226 1633 130
770 -496 207 514
1487 721 1868 784
1048 643 888 1712
1747 390 -1110 154
874 -952 1776 90
1962 562 1747 1683
389 342 1750 247
1808 462 699 2000
1029 -635 1204 1947
1026 272 -906 872
1129 448 915 1227
526 689 598 942
908 -562 -201 173
1424 -886 -380 1608
1372 -1012 -1238 388
70 -1940 1212 1771
1398 -1038 -1252 471
1083 -1063 465 811
487 -673 1705 1834
414 1366 -37 62
1740 -919 -1904 1186
620 -68 -1655 632
625 -1102 389 37
1425 298 1101 1984
388 274 -1745 102
602 -1248 -1994 1273
1378 -170 1887 1132
852 1085 1008 1177
168 146 1988 1211
493 -908 -1965 340
1075 -1453 185 1848
1297 -1562 1136 1424
2000 1402 -258 569
1405 -1760 -739 386
91 351 -260 1426
927 1663 171 591
930 1835 1252 183
1651 1090 -904 1083
1138 -40 -1666 191
1206 -1480 -94 1436
536 -1390 763 1103
1366 -992 667 135
737 1116 1381 1162
95 -1047 188 1424
1578 732 -74 823
510 1916 1828 670
815 1634 1572 1642
257 -1903 103 1363
878 -16 -577 1656
1204 26 -1084 1511
228 -215 -1672 1158
84 -1540 1791 893
382 1101 725 1865
1759 951 1260 1755
585 619 -1579 1799
1857 -420 194 54
929 -635 -216 1316
407 -23 -193 194
613 -78 143 293
975 -1360 721 1941
1728 978 -264 1199
1109 141 508 772
1216 239 -1999 1336
1990 1229 -987 419
994 -1968 340 1795
1504 -1283 -335 1577
114 864 -1891 167
367 -1262 1780 1448
831 -138 1693 664
1376 -491 -110 424
148 -1233 -870 1740
737 1135 653 1628
1967 755 418 790
894 -1022 -302 522
733 -1623 865 893
1172 1667 826 439
235 -1831 -973 565
496 1039 -543 1207
854 1474 480 1571
704 -818 -696 1552
298 -600 -630 1404
1985 80 1853 1127
213 -68 949 822
1646 1904 1059 913
1556 -153 460 52
662 -278 867 1890
916 -1239 1868 973
1973 -1150 -1532 256
322 877 223 485
1865 165 -1344 1023
251 580 -69 386
1982 -200 -58 918
1435 472 206 1767
385 1871 1237 1560
912 365 -274 1627
1071 -1937 -1054 1322
1832 1709 773 1858
1814 593 -1379 579
1421 -1784 -1549 305
1410 269 1433 134
95 -921 1885 1549
1953 1739 1723 1385
122 -914 1541 1932
1567 1425 -1889 1504
1802 1410 -490 1474
617 -999 -1457 257
541 -153 502 164
701 810 -1392 81
320 1446 -184 1047
486 1797 -512 1765
1792 28 999 1936
452 1143 1517 977
1818 -1772 1071 1845
705 1401 -807 283
842 166 1350 1961
1244 -1848 -1857 1976
607 -344 58 691
929 -1685 355 1196
516 984 815 856
526 -1245 -661 1918
679 1955 989 843
846 -106 407 144
709 -638 -210 1923
1616 -1499 872 1786
1659 -820 -1480 1235
1729 -1033 -1703 751
1173 -170 1778 114
1197 -1729 311 389
689 -1650 -1142 4
817 1226 947 1601
157 -1023 324 1263
234 1038 614 599
1012 1655 1387 1494
1734 -1380 -501 1741
211 433 930 1072
1313 1623 1949 888
1337 521 731 65
1945 1749 -117 940
1826 220 -247 1390
1769 157 -435 960
538 -1796 -1594 1325
560 1619 549 1559
751 -1355 1763 593
763 -1352 -191 358
702 556 -1582 1233
1446 1813 344 1331
964 -714 -917 1329
1326 -1450 -18 211
909 1552 904 198
1296 -816 1188 1371
680 1460 -1327 1878
1530 -236 782 1727
1008 -846 569 1060
1112 -437 -560 1046
323 -1368 -1343 983
1799 375 137 1154
1758 -923 1125 371
1669 -910 -1821 299
1502 1290 -587 782
990 -1764 -3 1252
1535 -300 -1458 267
63 563 1331 931
1264 -1594 654 1105
662 -327 -1922 1517
76 -910 -1644 579
127 812 1476 1014
1745 -1555 731 904
1879 418 -1170 1876
1516 666 1203 1253
1948 -1666 250 524
1882 -419 -878 13
1930 1954 -93 1282
1671 -1875 1031 1159
1375 522 105 972
1682 1129 309 1463
1462 957 -161 1759
1014 654 -891 178
1102 -701 1907 64
1313 240 1873 1213
1171 1429 -1790 1139
768 -1007 1409 797
147 1423 1255 1310
415 -1690 591 936
570 1597 -1867 1077
349 1230 1489 1042
1301 796 930 895
1285 1170 -132 1344
178 -628 -1372 31
1045 -1904 1550 1303
1949 773 -1054 26
1194 -498 -1421 957
579 1391 -337 407
1073 -1967 757 501
274 1147 -1051 121
839 871 1826 182
710 -1523 1188 230
1944 1612 1481 1012
668 -1250 904 227
1187 -1335 44 549
690 -535 -1298 52
659 -1494 -1845 492
20 -311 -134 15
1990 -1395 757 1712
1487 -511 357 1704
1129 -341 -717 917
1345 -251 20 534
568 419 -60 1440
389 1624 -865 508
1122 -1137 106 1510
875 1229 -604 176
1074 -772 458 781
1005 -289 -1762 982
374 -1725 160 968
1722 -1955 291 1636
1243 -1692 -1427 254
510 -960 147 607
110 811 1094 1763
327 -1218 -381 508
235 -325 -26 557
1793 -1436 415 79
1585 302 332 1503
441 -1625 -1042 286
1003 1507 -1195 384
1565 -276 -882 1070
151 -154 478 1108
1304 1220 1103 1203
1762 -967 1067 1680
1258 -443 673 739
713 -224 -459 41
781 193 -1512 1107
568 654 -351 1221
1296 -1364 -1347 1192
366 1017 640 904
287 1143 380 1942
1206 -1401 1240 887
1096 -1009 1392 595
1422 3 1802 359
1159 -1552 1278 3
723 66 76 1197
1561 1837 -1255 77
1890 -186 -896 1919
1771 1664 -581 1316
135 1676 -1936 337
1163 1426 1184 1566
1185 203 -1490 1975
1717 1599 669 959
283 -577 -953 1225
1447 -828 939 1597
1667 441 -1453 649
221 830 9 1053
1062 -1492 -1611 478
196 -1469 1505 436
432 -464 -1519 1227
1641 1136 986 166
1776 1447 282 135
1178 596 -1302 73
465 1992 1707 935
1091 1903 -457 497
1953 -1692 -1559 78
289 338 227 53
1805 -1885 884 834
578 -401 1786 200
898 1487 -430 153
754 -990 1270 624
829 147 -332 1975
1823 -579 -133 1825
1514 1897 -452 401
1861 -1842 -900 1233
792 1240 1953 1773
593 -935 -1199 965
1314 1826 -1061 1870
1200 -172 -1596 1026
998 421 1888 1035
1120 1477 -1257 1244
720 1579 -806 1384
413 -1306 432 1289
559 269 1240 1978
52 695 -637 46
62 316 7 1479
371 -1262 871 431
1564 1466 -804 1539
774 245 -1297 1218
84 740 66 514
522 215 -842 220
788 -932 767 539
269 -377 -664 609
40 -1213 -1081 403
875 -1900 -1007 1448
799 -1177 1385 77
434 444 -68 1492
1252 441 1294 592
541 979 -1441 1050
278 -399 -192 384
1195 -430 -725 1968
496 928 -1821 162
553 -471 992 1499
784 -808 -1570 779
146 612 -1485 624
1266 1920 -52 1136
1061 -734 651 628
1877 -1702 531 535
287 1271 -1011 1083
1604 -546 1369 1988
603 -1827 1798 1435
1086 -1435 827 1132
1256 1060 -91 360
1838 769 -1707 1540
1971 1523 -1817 776
449 829 687 1394
119 -98 1730 432
630 1733 45 201
1443 -1974 -665 1749
1337 1395 -1084 784
1876 232 1631 1115
1382 -1155 -1217 1803
1141 -146 825 1896
1707 -1491 -248 1695
1861 343 -770 1377
1317 -340 -1496 994
593 1382 -1065 1227
1729 -303 1085 536
1764 1720 807 1354
108 -1930 -197 501
845 1672 -1414 1860
642 -1289 352 833
1336 1488 1536 909
1585 297 1920 270
1795 1339 -1570 315
1479 1465 -56 1426
1866 982 1339 1027
1823 -1060 -607 1507
1002 -683 1250 1818
1350 30 956 629
1057 464 -749 1316
1931 -117 541 1629
267 -1323 1837 1479
169 -1373 815 1312
517 -812 974 56
1071 -1785 -591 724
1852 -273 -1270 28
200 -1423 -1173 1549
238 -176 -201 215
1330 1152 -815 223
168 1969 -1205 927
378 467 -661 1554
789 -573 -312 1432
1564 -1771 1040 1128
500 1300 -722 1129
1223 1038 1506 1399
1681 -182 391 1189
886 -1438 -631 1461
1082 492 1076 161
1543 -105 1926 1014
715 450 -1021 212
503 562 -213 47
609 231 178 1937
1043 -1453 -952 134
1625 1402 -1401 1390
1623 -753 1336 1982
369 950 -1477 95
1490 -1776 1860 1806
1269 340 -120 506
47 790 1908 874
275 -826 -846 436
1580 -1933 -781 839
1495 1915 -676 1490
1718 -1997 -502 1066
1486 -1230 1875 264
585 -541 1256 841
1365 -98 1728 588
772 -1346 -575 488
218 -1209 1319 1843
1314 714 1085 412
793 1378 -1657 162
1 -41 261 218
832 -1089 1066 1373
1198 589 -52 1735
1067 -1244 237 858
502 1382 -808 1001
279 127 -1913 637
438 -1855 1716 1715
1521 366 1092 476
1339 228 -1247 1964
1127 505 1094 524
1425 -474 474 505
1557 162 775 898
630 889 -1742 861
1625 -1494 9 98
551 -1248 -724 687
78 -1889 102 1026
1121 -1771 -214 1730
1124 798 1774 1991
1936 430 -450 1085
277 318 266 566
1763 1641 -623 437
1792 -1218 -1562 1763
1365 1172 -354 877
1153 118 963 452
756 59 1190 540
37 1325 -1788 765
1933 871 612 517
362 -91 1911 37
541 1427 107 959
460 -1094 77 511
417 1451 -1404 1759
1912 42 772 80
21 1584 1961 1432
1388 823 -1644 911
727 578 -916 449
852 1149 -1789 1103
692 1427 1354 669
1230 -1943 716 1605
89 -825 -1673 1731
1381 -1285 225 552
515 965 264 184
1080 -205 -572 1355
1359 -1946 -1217 1183
1204 1510 -1493 308
1193 -362 -1288 879
1252 -702 463 88
95 -1094 -1311 908
696 -660 921 1243
158 1857 1842 427
506 -686 -856 1491
259 882 1523 481
1817 -1517 186 1381
1835 51 301 723
241 -1692 1153 181
1779 1994 679 1431
367 1974 -1214 1721
263 -1529 -23 449
1601 446 1556 1718
245 1572 647 486
1187 1151 -1002 785
1386 1347 1207 427
2 -1821 726 734
611 -1313 -1341 1238
460 -1098 1056 1283
237 -666 -1427 522
1357 -484 1834 1108
1620 -1305 -1265 894
1362 538 -812 1560
1895 335 711 1318
728 1222 1102 1810
1921 1352 -742 231
93 -865 11 520
272 1290 1488 1239
1406 -999 -1969 158
1441 -157 1559 1930
566 1172 -170 810
1344 -1844 675 261
1828 -817 1478 1921
1436 1281 4 941
597 1657 -109 968
1680 -28 457 679
276 -245 -187 1123
1690 -69 1292 1896
1984 1363 1839 648
87 -939 1825 1494
1861 1391 -1895 1404
1860 -1721 -1128 709
1745 1036 1710 1603
1070 264 1010 890
1632 1080 -1158 1107
945 -1732 -396 1514
1423 -1765 1660 65
843 -767 -1435 1739
972 -1147 695 801
890 -1631 -1001 881
963 -1067 -1268 1913
136 1676 -1149 225
1009 -619 1022 574
1461 1367 -1724 1536
1619 -1751 -69 245
1101 -653 1777 1171
1959 1928 724 1666
1100 783 -886 1327
521 376 -316 1275
929 -1355 -120 570
1351 -646 738 485
343 858 1495 1208
1101 201 -1299 1556
1420 -1963 1007 1278
488 1942 -731 942
460 -233 -1289 1378
182 -1369 -1410 1064
1350 1747 -661 407
1410 -734 1166 39
1541 -1980 -278 196
1180 -1539 102 1839
55 1346 -976 1661
1438 -145 248 358
1833 456 1648 423
1959 -1410 266 97
264 -1683 -1399 423
3 220 810 1892
81 1136 1570 1731
976 1933 -1125 1621
257 375 946 495
761 -1166 1717 1385
1716 1739 1145 1696
478 1741 -100 292
1496 -1560 1250 11
1721 1842 -1740 236
1962 -1 10 309
425 -1347 -445 1142
151 946 -1754 1684
394 1248 -543 1095
396 -601 1256 588
538 -409 -81 1299
981 827 1054 17
1764 -10 815 448
1665 -1255 1335 1483
407 1960 1922 1683
1611 604 559 380
1536 -727 -425 240
1313 -310 193 1019
667 -463 305 1277
335 515 39 1115
1909 -973 -1198 1039
100 1760 -674 1507
1163 -1580 -1078 1786
1564 354 -1374 1256
523 -823 -1099 1396
931 1107 1756 1981
1169 -1858 464 1906
1751 1862 146 377
234 -1227 1388 1561
1445 207 1606 1919
1540 1429 1321 733
1418 140 1951 390
1979 -1939 -307 1764
1682 332 -734 1459
1245 249 192 3
108 -1308 1977 1305
1589 -936 -1396 574
867 -763 1492 1903
34 -633 1361 1275
837 739 1641 1561
1617 296 -1025 47
591 866 1591 956
1342 55 -854 1647
1230 -1193 989 1389
358 -470 1764 831
606 -130 1125 993
1174 1798 1809 981
1806 -575 -224 1790
1548 -847 1839 1061
1465 1137 -1472 1112
1348 1182 -905 998
141 1379 894 1028
1387 1398 606 1419
1927 -1555 -1568 615
1919 1539 -250 1241
1828 699 -931 1350
908 1052 1531 503
720 -1468 672 407
399 71 429 1384
1674 1663 -413 1662
1686 -871 -978 994
1293 -1094 14 1584
1533 1 1117 1913
391 -604 773 1122
49 -1685 1839 1123
1621 -1981 -1412 458
320 1560 1514 1893
372 1655 1872 1691
694 -884 -1862 1876
1024 -1903 -1545 1708
1744 -1873 -1674 1140
791 -1601 1379 1617
1724 -237 1522 1195
1079 -944 1609 912
1862 1305 1276 414
1547 -982 -1960 1468
875 361 -1221 1154
1440 -117 -998 1996
1033 -920 -800 1227
517 1623 1660 676
1195 760 877 479
822 1561 894 1929
625 153 -1586 1218
127 -1019 -660 736
565 1877 170 1467
766 1300 944 1406
1574 -752 -278 924
1776 1018 -1197 1465
1649 81 -1426 653
162 -1263 1630 933
337 1913 942 1522
1408 -1021 666 1159
1877 651 1571 1311
329 -553 -717 468
889 1411 766 1785
920 1136 777 210
139 440 -365 1623
779 -67 -1988 1125
103 763 696 172
879 1707 1664 1170
1706 128 1412 1086
1137 -202 740 1342
1586 -1012 684 354
1374 -488 -1835 638
202 818 1959 140
1794 49 -1481 296
1938 960 -775 114
1963 -610 1997 1999
1604 1386 1646 1513
566 -815 692 1322
975 -588 813 1093
1072 -685 -1482 173
191 297 864 1644
246 -606 -323 270
1106 -652 377 1043
213 -1728 -1689 960
804 -1430 1655 238
1129 -1268 -1382 1786
290 1962 -1141 324
1408 647 -330 48
649 -1629 191 1368
1335 -68 1903 983
663 529 828 1263
1451 1037 997 1316
1048 941 649 1984
1225 -1418 140 1277
1354 -1519 -857 14
1389 -1446 -1875 1478
841 663 670 1438
1510 -902 -1897 1300
1266 1265 -1012 1319
655 452 973 524
1730 1913 -1424 1868
918 -1003 -712 1523
7 653 -1124 931
920 -420 -999 703
1949 -156 1296 1472
1937 -507 -533 1396
146 187 -609 617
1536 1312 1812 1927
1074 -905 -201 1843
976 1251 471 1901
1658 -1687 1170 803
1935 952 -926 891
695 1213 1344 1805
218 -215 -72 1959
679 -582 -863 1688
1278 1075 1520 405
358 585 1151 1574
1096 283 1142 1178
49 -1203 121 159
1524 1705 -1269 779
86 1822 259 1782
1057 67 1350 1389
1825 -911 -1718 865
1354 802 702 1670
800 -992 1250 1556
1757 -190 -566 1946
1358 1660 -1711 774
902 1475 -274 78
1179 -1800 1188 522
1316 -1083 -1440 1079
417 1078 -1866 581
211 910 339 458
1055 -1612 1389 14
1503 776 -1847 1789
1537 541 999 1576
998 666 -1153 980
164 -1976 11 1145
69 -1695 861 180
278 1133 -645 1429
777 1671 -735 1634
1875 1105 910 1378
174 1910 1603 755
696 -1107 667 1877
675 -1694 1753 573
979 1334 -1178 99
179 -1633 944 1860
944 -749 1334 1296
956 -1958 1962 1069
1500 1059 492 1826
1659 -493 -872 1133
1589 -1041 289 1102
844 -36 -591 169
263 197 -1445 952
1518 1588 1122 999
735 -585 1510 454
1068 -294 1388 1915
1435 -1481 -584 1837
805 1136 -1182 1754
775 1594 1981 178
692 1683 1360 57
608 760 1747 137
1511 -1592 -1423 62
1412 -1080 1656 552
1770 573 1726 764
1119 395 601 1572
556 -1668 -1969 1322
1566 -529 -1356 113
1000 962 1534 1116
351 -953 -1087 1285
28 -349 575 232
846 26 709 885
677 -614 -382 1729
1304 1656 -408 1045
1648 1569 -1104 702
1179 1465 -1637 395
1386 -1623 -786 739
531 1407 -1356 188
783 -690 1289 565
189 -549 -253 1309
1726 -403 -55 1769
1447 -1690 -1810 386
1634 1236 -305 197
1965 1360 -575 993
1657 983 -84 492
1740 -1621 -1777 751
447 -531 1663 1349
577 -664 -1921 960
115 -1931 -1549 932
1066 -1160 -473 666
1569 -618 -1862 1519
1172 455 -1388 1282
1669 -1242 1477 969
186 1252 824 716
1389 -1152 403 1305
1963 -1423 -1684 111
70 1592 -1725 131
1667 139 -140 1694
1677 -5 -742 396
1008 903 -1167 1950
1502 -1279 -1504 553
1934 861 1211 597
504 -1025 -1107 624
1594 677 -833 776
1126 1232 396 116
817 287 -422 1388
1894 -1866 -961 1948
1729 895 -410 1222
1573 -587 -1863 572
1703 238 -1284 602
1536 -952 -1077 298
1118 0 -1431 1901
1955 -469 -1258 489
1301 -202 1472 1558
1853 812 -404 1360
984 494 1281 1400
633 -1450 183 627
261 326 -450 1769
1573 1923 -1431 199
919 -267 150 1694
430 -115 1130 882
462 -791 -488 1659
512 -16 -453 1815
324 1004 1323 1030
634 1891 -633 797
1656 1435 1883 1236
455 -621 -358 1368
1302 577 -1659 1289
150 597 -633 1245
1452 -471 339 1083
98 826 -685 1601
133 -1730 1167 1423
1080 -102 177 506
1808 -1907 -1994 538
151 782 1243 668
986 -1982 -1192 624
379 729 278 1468
1823 310 297 679
608 871 1346 191
1052 -999 -20 1908
1988 -364 -161 714
542 -478 -1030 1963
292 -655 429 307
1011 25 -1644 146
941 -1313 725 1054
295 659 -20 814
1516 -1613 -1342 2000
472 -1539 -1718 371
1677 -236 1075 510
401 -1423 -345 824
862 -1234 -1341 893
1089 -605 -366 1471
860 860 1563 659
