2000
1355 -24 -662 958
643 1748 732 1393
806 -1157 1226 190
1109 -1315 -1668 1159
65 -807 -1862 1012
1652 -1743 4 207
1464 -1108 1641 1942
205 -709 237 92
872 422 1906 1864
126 1948 663 1684
1741 -1352 -804 287
36 142 1543 1964
6 185 -1238 1137
1276 758 300 473
1023 -1853 -1043 1106
353 -1840 -1167 1984
1541 -536 1144 1784
803 860 -1587 1814
1350 1662 625 1751
765 79 -1281 944
813 -286 -440 533
989 1685 1194 1938
488 -268 1499 678
1631 1043 -1766 1139
117 228 -1530 1328
193 1116 1626 775
127 867 1922 327
495 -1196 961 1955
1045 -677 -938 672
1559 -280 -1261 43
1794 348 720 81
1622 1757 -686 710
165 -1229 96 591
1144 551 -611 359
714 874 -1881 990
299 719 1321 869
654 -785 -1437 115
1099 -510 -115 1955
878 -1022 1949 1924
1334 1877 -691 680
1511 213 974 101
216 -1968 -717 1863
1110 -700 1936 1180
991 766 160 966
1512 -682 989 413
1448 815 1931 746
218 -1105 1850 333
863 1179 1598 1497
1114 -454 1539 546
818 49 70 1126
1347 665 -304 1697
685 -1956 929 279
884 -491 1979 46
1870 1242 -180 1393
1016 -550 1098 1822
1730 1150 274 681
542 -437 -635 151
1109 -1037 1517 1412
1730 602 1860 1949
1012 -1203 -422 615
1184 -1318 -1598 166
1806 958 -1378 375
1911 1513 245 1302
1421 1672 1836 632
979 -18 -1126 1923
1505 -1322 1178 1729
49 1988 106 593
581 539 1136 1798
671 -935 832 1686
598 272 1478 1900
840 -608 -691 1814
258 949 1425 1575
890 127 280 1142
246 177 1313 910
114 1632 1343 332
974 -1696 1863 1716
606 -195 -160 1149
680 -45 106 896
249 -356 -924 1068
1377 1032 1904 693
1682 -196 -1502 337
1317 572 1693 330
709 1081 -2 511
705 46 1616 1010
702 990 1807 1115
371 1984 -29 771
732 1058 -1948 442
104 1125 1969 1187
1819 939 1073 274
669 -744 1657 485
1704 1090 493 1272
1069 984 543 815
320 -89 1412 1648
696 1872 -960 1958
1008 -1181 967 1200
1321 -953 -1932 1807
566 -574 -387 955
1310 -1574 1218 191
669 1074 -176 969
3 893 -1946 219
1379 -589 924 1341
1174 -871 -812 1384
1574 760 -733 1772
1203 1860 281 427
705 624 969 1916
1896 1544 178 1833
1555 -1644 493 1825
130 1425 -1669 1015
552 324 -1385 1296
1357 -1442 552 537
460 -1603 -1872 752
1382 1460 -1425 1926
878 -305 -1904 467
92 -1572 -795 674
1786 -1902 1268 1664
1161 -263 -1558 1409
829 -753 871 572
925 1536 -1164 1146
404 264 -775 170
67 1721 692 784
524 -1539 1917 194
1496 409 -1987 1162
19 1080 -1343 1607
1899 -131 -1747 699
724 1775 927 286
566 -871 254 1562
893 517 1238 61
409 -528 -1975 426
652 -1997 -182 1592
1743 371 -161 17
1820 -494 1455 772
37 1147 1359 1524
204 -738 1004 983
569 380 -1670 1976
568 -668 454 1974
1352 -1571 -1976 131
893 -1600 558 1317
94 164 -665 152
1607 340 418 809
969 -870 -763 141
597 -1831 -292 232
1733 812 1626 375
611 -935 1240 1351
544 -833 -136 1691
542 -1065 1259 633
1686 1684 -850 318
20 1400 750 86
646 847 -883 1268
1792 797 87 1344
970 958 -454 324
96 -686 1817 1519
1233 22 -371 850
1442 1263 57 1333
840 1411 -1173 1219
1745 851 -296 937
876 -1527 1279 811
1116 -1353 1127 64
1305 -687 94 801
142 863 -1916 1822
44 -687 502 1177
1190 -1520 895 1976
1155 -845 -911 439
464 1173 -750 164
1163 -1234 -1983 66
1657 1505 -1935 1174
752 -9 -1671 1021
1134 604 -274 1956
1136 57 1999 1374
348 -313 -660 98
1464 -1485 824 1947
1728 84 1564 1238
596 56 669 39
599 -1506 643 1892
1809 -826 1217 1592
1166 -1443 820 1170
1582 -725 874 531
1379 790 -1582 1204
1765 1290 819 254
753 -1904 -274 463
1286 421 -326 1660
791 55 1944 825
396 819 -1512 291
640 1401 791 1511
1316 -947 1442 1448
1243 114 -1608 988
1852 1597 1355 112
180 -428 1871 1536
1297 -1014 -400 1840
359 -271 -630 838
47 350 66 1420
3 -1307 996 483
868 35 1894 235
980 -934 1815 604
1116 884 -226 273
343 478 -671 824
773 470 80 899
1289 473 -24 1353
1932 1108 93 693
24 307 1244 998
717 1802 -1943 14
319 23 -988 1476
1974 261 -1864 1234
636 1547 1685 1607
403 98 -1866 837
1997 1738 -488 660
1042 520 388 1150
205 1115 94 209
1327 -1680 -1861 1952
475 -323 -33 1234
1336 1984 575 1585
1123 -102 -1082 509
1210 -560 370 135
689 -66 1411 774
1777 -1172 -1182 1573
1172 -153 -1161 1651
523 -764 234 1697
232 812 1481 1816
804 -908 -804 1393
1754 -196 1874 26
1018 -715 1841 1320
1639 682 645 783
585 1578 -1120 1180
1452 244 -81 1228
1471 -660 -1577 98
327 1585 302 277
1065 904 694 1583
1923 -1696 -294 1615
755 -1847 169 1656
446 1983 1107 1344
1531 1064 -1679 1474
1910 -1659 37 892
926 -745 1612 1282
1430 -1301 -1851 1513
1783 -1700 502 1677
525 -1163 1202 315
1958 1315 -1015 471
1927 -944 -1673 648
1526 -360 1233 807
832 1878 358 276
133 980 -165 1985
199 -1760 1763 196
1263 -1577 -784 729
280 -1365 -632 1022
962 630 -712 38
1600 -357 1605 1015
1274 527 1984 780
1724 -535 -329 19
1157 -709 -1943 415
217 649 3 727
976 -1532 -704 1014
1013 -646 103 1065
407 1878 -1610 980
1419 -328 -213 45
584 -388 384 271
1977 361 -1237 89
1935 1822 1738 845
781 340 1156 161
1146 989 -1627 1329
1458 231 1509 1915
725 502 -720 1873
1719 1557 -1659 507
1006 -700 1161 1938
424 -1765 -1174 294
514 -829 1981 1289
129 -1473 919 1954
1373 -963 -548 92
1089 -1446 1417 244
1309 -1855 604 702
1012 252 -1799 544
1646 596 945 693
647 671 758 1211
766 -1440 -1974 246
1799 -577 -727 1803
746 872 1259 933
242 1902 -659 1332
1566 -1106 1203 697
51 -437 690 1676
520 313 160 1830
1576 -759 -495 1319
1828 837 -1021 1985
1087 305 840 1098
1472 -1509 -1204 1919
1827 1246 -528 508
1880 645 -1439 692
179 585 485 399
314 -1304 169 1047
1178 -1991 -1744 474
1315 1881 -91 571
615 213 1744 929
1775 -1628 -307 519
86 -933 1834 698
92 -90 408 46
900 -770 -1717 714
646 -700 -698 775
734 1873 1494 1716
1099 -942 -1005 1013
737 1962 1645 880
327 -69 -1352 126
858 1767 -1671 240
904 -1211 929 200
1990 -408 -1377 955
491 -1744 995 1606
1858 -1531 -490 470
1532 1826 -1009 286
1212 -897 -1427 773
201 1014 -1211 53
1471 1055 1141 942
110 749 -285 48
682 85 1661 1909
617 773 1716 549
1832 -1288 -139 223
1815 -1351 444 71
552 -481 -1825 1874
1620 1401 -927 347
1798 -1325 -128 162
573 631 1153 1784
446 -1481 -514 997
961 -870 -643 1762
1055 -1414 1760 447
10 301 -1631 1758
1349 388 1436 1110
1976 -824 1931 1921
669 -1151 -1326 558
1174 489 -1834 1408
404 -1118 -1201 780
1553 -1378 -233 367
1432 1008 1717 566
1639 1041 1011 421
644 -198 675 945
581 -1476 61 1589
262 -790 -963 929
1655 -140 209 1654
972 -544 -274 1259
139 -589 1669 1947
609 -851 721 309
830 569 -528 1595
1348 -1504 597 707
620 463 1831 569
1793 1081 1685 1691
1730 -1974 -1643 284
660 -587 -1015 1
1470 206 -1902 983
972 305 -1514 1483
1933 -1600 -1740 1888
1637 -1040 892 829
331 1021 1134 124
156 -916 1263 269
358 -1038 -866 977
206 -1639 -1324 1791
1595 561 920 514
152 -1 816 856
1622 -640 1115 677
711 1520 -1720 1854
357 -769 -670 607
1065 235 -215 1061
708 1353 -180 805
665 -1158 -805 115
881 -1527 -265 828
1750 -1609 1507 1645
1432 1934 -1825 1945
667 274 -1987 1462
1735 -1379 319 1008
103 -1449 -1270 1221
1674 -1724 41 1752
69 -1598 1132 1855
496 -279 610 1093
724 -1088 -1870 216
1219 1352 -546 428
1792 934 -1369 198
803 1857 -1099 1585
662 515 -964 1485
730 315 1425 1611
1667 -1624 -428 1634
1832 -330 -231 1949
164 -250 -1568 379
952 381 -237 1774
1366 -893 1851 1932
1767 -164 1145 1585
1239 1598 660 1275
852 1365 -642 1021
1778 -567 1502 829
201 -952 -1460 21
469 -57 -1720 1797
614 -208 -319 1647
1678 -724 -388 1754
5 -1530 854 289
104 1049 22 1105
422 217 136 958
226 1960 -1004 990
1684 -1827 397 156
1864 149 -282 55
349 1737 -1087 784
1894 -762 -420 16
749 1294 -174 1471
843 853 -984 1598
50 795 -699 1006
1971 849 -621 1127
1464 983 1558 994
267 1649 -341 1487
1437 -654 1 976
1424 866 -924 204
317 -486 -1008 1213
1792 1692 1911 1362
1254 -805 -1890 510
1782 -1496 1766 743
1445 -1094 1061 1224
1744 -1802 1796 447
1062 -1646 -1276 880
156 -1676 686 592
71 -517 368 1946
1333 -453 -653 1678
501 1720 591 349
1914 304 1544 1566
268 -1649 1497 1549
1494 1087 -1740 342
1305 -643 -904 1134
1240 -1914 1375 443
1322 -1781 -1355 1655
1260 -664 1077 385
492 -1055 -322 1195
1775 1063 -403 349
59 685 -1796 1569
478 1226 -108 645
1765 1387 -1418 1036
1574 -238 1203 701
1271 372 -176 1202
1940 -1404 1276 1739
557 -1847 -1152 841
1285 1857 715 1779
1620 -988 -1005 980
198 1395 1112 42
378 -1154 -45 505
693 647 330 582
348 -256 -1257 493
1949 2000 -1654 844
343 -1390 1689 949
941 -1551 -366 464
742 1445 -616 342
672 1795 -1064 1927
1161 -1120 1869 389
245 -1849 -845 871
939 112 -414 1015
1816 1622 -217 1988
378 -150 -1586 1153
1029 -1666 -1339 1540
258 -639 -1824 1096
1851 783 -899 1323
113 -232 1716 1137
1942 -751 -1489 1871
179 1364 -792 1073
1059 -1406 -213 1092
950 -602 698 908
1679 1296 1226 512
439 -199 -235 89
344 -415 1264 535
1522 -1277 247 1356
1609 -1950 1731 1950
1685 -11 977 1785
1616 -239 443 971
1660 681 821 1591
203 1425 1060 755
1685 1543 438 281
197 -1984 80 1209
140 1432 1013 406
1549 713 1863 485
335 1248 1325 81
1135 -1802 423 586
1547 1609 79 976
967 -1610 -1994 1165
1708 -1825 -1907 377
1268 162 -1768 755
304 -1690 1212 1231
1874 -881 -1072 114
1459 1072 1705 296
622 542 1727 559
1491 216 -1425 1689
261 1383 64 1598
1100 -580 -868 1560
1236 -143 82 1141
908 1946 -1648 1128
440 749 754 1223
832 1935 1620 559
1071 -635 885 1628
484 -813 -409 1698
52 1386 363 855
358 -861 1877 438
1046 500 -1669 1437
1618 -154 -1666 175
944 -342 1922 1876
1046 1109 1815 1732
1153 -813 1126 1424
1775 -1993 309 697
900 -1491 -1609 358
1145 -205 927 1395
552 458 612 733
546 1849 -1340 726
681 -1559 253 1127
150 -1243 1628 1049
1220 1029 297 1899
1315 634 -1647 1872
1926 -800 685 30
613 -1611 1486 479
348 387 966 1251
90 1080 690 621
291 1965 -1021 1618
127 -1321 -164 205
1784 1064 -34 750
304 426 -832 166
9 1637 1307 1180
763 -1178 -1658 1915
305 787 862 66
1228 -1198 -1862 514
927 409 1615 1252
1153 1814 -1718 17
30 -76 -1606 887
1750 -1827 1732 523
925 1727 -637 49
1193 -646 -190 1446
1192 -1478 -1643 1159
295 -1316 -1848 1607
1595 1810 -1449 525
1804 109 1468 1507
1045 -151 1521 1192
54 -1323 1287 15
1154 -210 324 158
1521 113 858 1504
1263 -831 -962 564
139 1154 1449 1179
201 1292 -1386 717
209 -1753 -1057 293
1117 -1503 23 945
1935 -1088 667 1043
169 701 730 1474
35 -121 -209 442
1000 -1141 -101 1928
1465 24 1214 30
1640 -1148 -665 1829
975 844 1502 1126
1895 14 1483 976
1873 -1316 171 358
1409 -110 -166 1326
1757 96 -1509 1042
1378 -1094 890 915
1008 916 565 1665
921 -1835 -1566 308
486 -985 1420 711
98 -686 851 1783
1852 -1458 -1397 1672
938 16 1195 1728
1265 -746 531 1770
750 192 621 5
1328 1070 -1014 1043
27 -450 598 426
230 693 1977 310
1118 -58 -1080 853
497 1001 1752 1833
836 1231 971 42
1118 371 1227 1362
1242 897 -1455 207
185 578 -679 500
1278 1378 -1758 40
1664 -1165 916 133
283 1946 269 554
559 -1148 -432 1114
207 1667 -1750 411
1684 1659 902 1224
1128 -109 -1802 1888
1723 -726 -112 532
1074 -816 649 1948
1843 -979 1424 1251
233 34 -817 455
1430 1751 442 1514
636 1297 754 1060
1251 -351 -1167 1550
1239 705 464 1608
119 6 -560 996
199 -425 1443 1288
175 -1655 -1237 976
617 1911 1322 1019
775 1405 -192 1385
1850 -1809 798 1187
1596 1256 763 131
312 -538 412 535
1340 -1588 -1362 1939
350 -910 -56 540
388 1624 156 1597
1690 1077 1287 1270
1200 1485 -1559 1320
506 696 -1472 346
1342 -897 -1408 23
1321 -1754 -1762 1326
75 -1841 758 1601
1590 -641 -1391 1494
19 1096 1054 89
1324 -17 -1866 184
1699 -1247 116 405
522 -579 -709 520
1481 -1114 1610 43
1004 65 -1525 1228
914 -1390 981 1358
1167 -927 -157 56
74 -857 1235 1972
1616 -128 1850 1153
111 1970 1044 1042
1708 1406 135 1917
1774 -585 -316 1805
640 1893 -1873 1105
131 1097 359 1978
713 1529 18 1329
923 418 -1742 1214
1125 1180 -1723 914
325 -57 -1195 1918
335 -226 342 1514
747 -972 -1291 591
1702 1316 -36 957
1917 -115 -1715 1222
1765 495 -110 1137
1702 595 513 1848
1771 46 -10 570
531 1331 260 1882
1123 1936 1380 1966
210 441 -1524 705
1228 1299 1194 1649
1520 -1747 1127 1537
1346 230 1726 1224
809 491 -885 721
1314 1023 191 1177
427 -1338 -551 517
473 30 -1988 1657
307 1445 -422 561
1780 956 676 1532
205 -320 1738 828
1680 -841 -1177 887
1542 123 1379 1657
490 -1723 1931 352
108 -1582 -613 606
1904 -1697 1397 1627
1612 -441 1856 161
1469 -852 245 1822
978 174 -767 1205
1424 1282 354 701
780 -1580 1138 1008
580 -1150 942 1982
1111 -910 -36 376
600 955 1928 1349
511 1427 -916 720
1496 -134 -1725 423
1777 -800 -132 222
1584 1643 -929 682
1964 -859 -1024 1511
1311 1894 1894 1283
1162 -1525 -1822 128
929 853 605 950
635 -285 -213 526
1523 1170 -920 792
138 -1544 -1739 1414
690 -648 -1294 895
1796 554 -1171 93
1739 -1372 -1025 207
71 -834 1748 824
1772 859 1875 1934
1328 1497 -409 796
608 1196 -1634 1680
1339 180 -1475 605
581 220 117 26
1718 1562 818 1986
1433 1709 -534 1171
30 -555 -1275 735
216 226 1407 13
1583 -1906 -1779 744
1598 -1269 -221 1263
758 -1863 511 1556
522 -1969 -1634 797
433 -111 -178 998
424 1065 -1599 733
1053 -1218 1333 709
1045 -1953 -10 724
1798 -1188 -355 1876
1694 247 856 597
378 1191 -1193 218
1312 1086 1643 360
214 -437 707 266
168 -881 882 1279
326 -768 -313 394
179 424 993 1281
1047 -1294 1239 768
846 -1507 246 1811
679 457 883 463
502 -1476 -1150 1817
1219 -1404 745 797
777 1138 1925 1097
711 886 1773 1599
1906 -272 1269 359
1281 -957 -740 1946
736 -1125 -1228 1832
1694 -1800 -51 1891
559 -1867 -1045 1826
218 1506 -145 1615
27 1408 -45 1145
419 1164 202 723
1091 -1132 1461 3
581 -1053 -454 1700
1363 1655 1483 1796
1742 275 1460 1543
936 -189 -1535 1266
1290 -859 1369 176
799 -1454 1890 705
1879 -1727 -1637 1590
21 -39 1299 518
850 1439 1490 29
744 -305 235 1319
759 1090 1581 473
1187 -1206 -435 1369
1779 989 -1047 145
948 -240 827 1536
1765 1856 89 200
1897 17 -1254 289
1160 472 -233 1205
1197 -708 1751 546
633 623 -1571 1003
1887 1634 1954 1719
310 -1470 -401 241
1338 937 -873 150
1404 -1988 -819 1722
333 -173 -434 179
503 -668 35 428
1972 -648 -82 244
693 -115 -736 477
1692 -1979 939 1197
642 1549 1352 208
2 -457 802 164
1276 991 831 1115
547 -1318 1808 909
31 1391 1409 387
1660 407 -12 1549
1977 546 -1550 541
1338 1517 886 170
1639 1566 -1728 1454
763 216 253 1512
1237 925 -1596 1835
1978 1263 876 1709
641 638 -1280 857
821 -1569 1200 1358
151 -182 -1752 13
1402 1666 67 1998
741 -1647 -187 412
453 -1044 1053 820
1288 -486 -1112 299
1106 1719 1716 53
396 1048 -1386 286
1936 -1292 1932 85
1791 -1625 975 188
267 109 -1937 506
477 -1231 339 1049
1456 -1360 -687 1400
1556 -1044 -145 521
1180 1872 -1641 964
1568 -1778 -52 1059
828 -915 -1519 180
1407 -1370 -1001 522
1677 1533 -1847 700
1118 -21 763 1221
1484 852 -520 1314
105 544 -1836 839
903 -1807 900 1755
142 680 -1264 1031
1321 -1091 -462 1498
585 1893 1108 1848
497 416 616 1414
760 756 -111 1152
746 -1775 133 484
1159 313 745 516
979 1832 331 1736
276 -289 -365 650
935 1488 -1838 8
1980 -767 -1042 69
1125 906 -1463 1768
1643 -1400 -279 571
1753 1206 1332 829
1775 -427 -203 753
448 403 1125 909
1796 752 1699 444
1879 -787 271 1708
56 -1654 1207 1425
1739 -1679 1514 64
360 -1103 -798 581
361 1809 -1171 445
1424 263 -709 1149
431 96 -1998 1689
461 153 1468 573
8 -12 -911 1368
366 -443 -1381 1164
610 1348 -297 976
1406 -299 1915 1902
43 -1071 -806 1125
954 1525 -1658 1879
1742 1681 -1994 1244
1728 -1621 1812 1054
394 -590 1187 1723
1165 -26 -524 951
1259 -1142 -1791 551
813 1374 893 1206
1502 1742 -761 260
1917 -378 -144 1698
112 1383 -1044 1703
1164 -1320 1971 398
1245 -1221 -1133 726
197 1419 -192 624
1365 1900 -115 1701
101 -1667 -1865 686
178 285 -106 1994
538 270 -1306 1355
626 -1232 -1702 1833
1377 1525 -1676 701
1330 1390 -1757 23
966 553 732 1658
1967 -1632 -1289 954
519 -437 -1317 1589
103 -1017 346 1623
1632 1021 671 1924
741 1436 -1824 1570
1839 -1898 -312 1884
392 1278 -1875 1744
1104 156 118 722
1596 531 1894 215
433 -1933 -1621 795
1677 79 -1577 155
1423 797 711 1580
794 -1187 1140 1298
1094 1546 -1912 826
1823 1131 -1510 1040
1556 -1286 1639 745
745 -688 -1880 1051
1766 1439 -536 1696
1477 266 1004 1671
1271 1679 -1496 547
192 192 -1015 298
679 425 1654 1607
1143 -863 -103 104
1793 1749 837 1232
680 1305 -1107 1334
403 -16 -644 1461
1342 402 -1373 778
9 223 -1767 1161
40 301 1307 233
865 1975 538 259
209 -1460 -1179 1046
295 -1395 -235 1894
1400 1856 1456 537
489 -404 1671 1657
984 -924 42 1636
1060 172 -356 1055
1760 -946 -137 1247
420 -1093 -398 1758
156 -1190 1674 140
1767 1957 1279 284
1529 -965 1537 50
1305 -349 -11 1628
1796 1213 311 102
1016 -1361 926 1236
1130 660 903 924
97 -1251 510 857
168 1656 1465 1241
1696 -1568 -1609 1920
1259 -1567 942 1715
162 -149 897 1182
801 1819 1193 367
486 739 1854 104
1237 -1629 733 161
1286 -240 1836 963
453 991 780 158
1826 -1996 1134 1540
815 -1759 651 988
277 -780 881 1248
1039 -1276 809 655
252 -1296 484 1292
1505 -119 637 1388
1717 197 1419 876
340 50 433 826
509 1859 -85 183
1796 832 -954 955
1616 1173 84 1297
862 -21 -1509 742
1452 -1627 1484 1454
271 284 832 1152
1422 592 1003 613
1652 -359 719 1644
1586 -1104 -1342 1705
1738 -1588 1691 306
1381 1689 -542 1937
542 -332 383 1461
293 200 1603 1632
350 1864 1400 26
1327 -1017 -1839 1964
1125 1613 -1204 1687
1503 -1069 1668 1371
402 -1536 -588 96
1139 -1776 -948 1280
128 505 -1756 1370
1960 1630 543 1185
1998 1345 487 939
1498 257 -495 1187
1639 -1888 -488 280
1878 1649 -1298 1468
826 -145 193 533
1243 -1640 15 1823
643 276 -92 71
1603 -1671 474 866
1615 180 -1338 116
654 1809 1575 1626
1579 -1121 1904 1
1911 1301 -179 1244
1140 -1467 -358 1329
1099 576 1643 221
247 1853 -727 1852
520 -1254 -540 1697
1938 153 -236 276
1435 1613 -1660 1231
720 -1651 654 977
1488 -476 -1816 1643
1039 352 -1289 933
997 1319 -1797 1242
1581 775 -1885 1079
934 1004 -1592 784
1605 -148 -1957 1900
1329 -1100 -558 1924
1958 1848 708 200
931 -744 1121 1977
124 1692 341 1184
1432 -866 -1453 1206
1412 -1911 1822 1946
1774 -1646 360 446
426 -1628 -421 1818
1665 -444 693 8
1101 -343 365 966
1199 1408 1449 791
361 -1640 -1288 1330
964 -1262 299 930
1388 861 1318 628
1070 948 682 1484
49 1012 495 1984
1418 -86 -359 651
1782 -6 -988 252
1220 -412 301 1620
952 -186 1258 1084
778 -741 562 1484
1093 263 940 117
504 -86 -605 1465
1096 -429 -157 909
108 212 1536 542
1504 -1066 -1685 1833
83 721 552 881
457 -145 -635 1180
1641 -1878 -1772 1367
1999 1977 652 734
1772 58 -171 597
1713 1164 -1335 1458
520 -1466 -1362 623
395 1183 806 1773
539 -1910 -465 156
586 664 861 676
1057 -1923 614 1200
1659 1354 -333 142
1528 -80 1135 1056
507 1846 -1826 1469
1740 97 199 736
583 -87 12 360
1068 -1343 -1985 583
509 -255 -1285 1732
290 1061 1829 841
280 -214 1056 1237
654 -1116 -1674 1514
295 -1668 -1612 1792
1658 -1219 1107 1873
1317 -737 575 59
694 -1484 -1152 817
993 80 446 1690
829 1209 -546 240
390 723 -1172 755
1228 104 1682 1028
1347 -1361 -1844 474
194 -1180 631 432
1124 -185 -1553 1493
1321 522 1578 1738
918 1850 -1595 520
1057 372 1561 1032
710 -6 -987 1528
949 -608 1907 333
993 -1623 -1623 1995
946 161 -1114 1391
1316 -1702 879 1046
230 -935 1741 275
1708 -1132 462 1325
430 1620 1550 1310
647 1737 1525 197
1734 -953 883 533
640 -1504 1516 1444
1804 889 1075 909
1045 -448 1639 1086
1212 -1431 1522 587
1012 -183 -1677 1625
1220 1757 -1779 372
121 -503 1523 569
833 561 -852 1084
32 1322 -993 4
623 -1798 813 986
360 238 1861 1326
684 -1529 -149 1298
829 -1079 1725 1740
964 -1553 -1884 1160
1116 -1279 -394 1828
1477 616 1441 627
770 1914 1092 1115
699 1800 -641 855
1068 392 1200 1333
1892 -1893 -1152 1160
967 -1678 600 1303
909 -858 -433 621
1648 336 1352 1575
50 1977 1140 505
1941 1142 -1397 793
1521 1321 -646 786
577 -1041 205 1155
6 -12 -51 1246
914 1379 -831 713
847 -180 -1695 432
998 -1701 -1467 1889
216 -1259 58 1550
1449 1146 -103 447
1695 -1158 -428 1661
23 1013 1949 952
513 1112 33 1106
287 -1304 1649 2
1818 1738 -705 1107
653 1541 855 1090
1688 -622 1491 83
622 1086 158 620
1159 1456 -696 488
1311 -486 680 1461
85 1480 336 358
189 -953 -178 787
1151 -1053 665 1156
1653 -1376 947 1578
865 893 1833 806
1285 -1283 179 1792
232 -1949 465 1009
1144 -725 -335 1129
1827 676 247 1914
140 -1776 -1693 938
444 339 317 949
1487 -1245 -944 346
1811 1085 478 793
1980 -1353 1797 859
307 -668 -1049 1802
1986 -784 741 1092
25 -1379 698 1548
589 1668 -239 1273
788 -1405 686 1238
458 -845 -83 1264
1998 578 1191 91
1157 923 -456 478
855 -131 594 1346
541 -1768 -200 742
1497 -1173 -546 1038
574 890 459 1472
724 -145 352 37
630 1219 -431 1918
1763 -1353 577 461
720 -1731 -1614 1303
100 -981 -1199 153
474 -1557 1616 208
1395 -1621 -1209 767
209 -1926 -1811 1693
973 -494 1114 1636
867 -902 954 260
417 -1514 -1152 205
715 898 256 1193
1754 233 1493 655
632 1130 -479 625
1829 928 177 1583
182 -1076 1622 1090
144 -1793 1258 1410
1409 -997 1326 16
1880 764 78 1453
184 759 -746 1265
1721 1316 -813 1653
1527 -1655 -882 1593
113 -71 -626 287
795 -564 -1343 1246
844 -401 -855 1264
961 -389 -1675 1892
1208 102 1283 1693
918 -1310 1161 1184
1954 -1078 -451 1498
1399 1487 1029 1176
342 -654 -11 1054
1090 650 472 225
1938 -991 891 332
1154 -1678 -899 367
1698 1911 -1954 827
1493 -1587 -23 551
1524 74 -1767 1710
169 1636 -1673 607
52 1958 -1973 1820
474 -1159 -1907 987
576 -229 55 1640
1348 1503 -1192 897
757 -161 1698 1913
22 -364 409 325
927 469 1137 1314
1788 795 1924 1789
316 1754 1235 1577
1171 249 -599 589
1512 289 -932 1891
1016 -1954 -1976 1803
849 824 404 1286
360 1641 1556 1515
1028 1421 -1252 693
928 56 425 1586
1981 1154 -1881 54
205 682 -1757 518
185 61 -751 30
1357 1885 -906 1627
1607 -933 917 1330
1003 -879 1458 1703
193 -323 -490 1591
517 -205 201 1999
1447 408 1466 1586
1209 -1569 925 1078
132 1188 468 1079
931 1366 -846 1027
5 -1019 1530 1677
1279 -1226 103 603
168 -1498 -16 808
812 -474 1430 626
810 1503 -1719 781
278 916 1876 782
839 -935 1007 336
58 33 -299 691
1613 -1675 -327 1352
261 1750 -115 1414
1976 784 534 360
1876 1668 223 1437
1366 -1911 -285 1063
836 -1195 -259 1708
1348 -830 522 776
850 1920 1221 249
1438 1309 -231 258
60 -1733 -1016 1881
1954 -400 -652 408
285 -1150 1856 559
892 961 -1177 336
1827 -192 -1097 418
1978 630 -191 1696
1676 -1721 1637 55
137 -701 -1961 1595
116 -1993 -1131 1346
517 1414 -84 775
359 -729 -1927 521
299 1733 1622 649
564 80 -1358 784
617 1855 1380 134
199 421 -721 876
1884 368 1718 931
733 324 751 1859
209 -1472 1652 149
659 -371 -1041 441
532 1002 467 1649
150 16 -87 580
1778 1490 -511 1580
995 1403 -1751 1960
649 -1614 752 1707
328 1711 -1568 27
198 1596 942 1011
1840 164 674 929
1605 1306 530 873
57 1584 -1426 2000
1076 -1718 378 1537
81 -1495 356 12
911 -220 869 530
1907 1450 -1434 42
1268 -1488 159 1008
46 274 -1435 1856
192 -1999 -1597 1839
1902 1119 490 899
751 310 292 1126
1359 1469 874 1847
367 -1981 675 1864
144 -653 164 577
1772 -1721 -1680 828
1917 1802 526 183
1892 724 426 741
1731 -889 -1137 957
899 -88 -208 953
1295 -1401 -1952 649
935 1274 827 910
767 1327 -248 1055
989 1362 324 935
158 1860 744 52
1921 1612 1102 586
378 -161 1797 366
449 -927 210 76
1105 128 1903 98
105 1501 -1978 1970
430 -516 -1146 628
999 1258 -1303 65
1200 626 -381 969
1112 -1606 -1386 222
914 -568 924 967
152 -1225 914 1646
1283 1303 149 1106
1652 -1182 -1971 870
1327 -1834 138 1680
1387 1870 94 251
1555 -1869 -8 997
615 245 -1645 1650
700 1324 -575 551
760 133 1409 624
1351 1859 -454 1674
1465 1273 70 1513
129 -1777 -669 1348
1639 -1432 -1171 1428
231 300 1845 1257
881 77 1935 1141
1735 964 -1839 254
1441 -931 78 2000
652 655 -333 1369
1815 -1291 -937 460
1332 -279 1718 1679
893 487 -61 1932
269 640 -1368 1779
179 1342 -1904 599
51 -1591 -666 1533
1956 1412 1697 336
402 272 1074 1343
1965 -1850 1084 1277
777 -204 -295 1809
813 -621 -1274 468
1268 -694 -1410 965
78 -1399 -303 120
272 1433 1830 1778
1408 -432 1464 671
1770 802 -1585 1149
1182 -1445 1208 1854
1807 -945 -1217 266
197 -1413 387 107
988 -950 30 62
819 396 -477 265
318 1252 1704 1999
1941 -1549 523 1486
1778 -1412 -1454 226
711 -1618 -1025 1647
1702 -573 122 283
39 1828 841 960
1061 1886 -1492 1263
81 933 4 664
1886 1641 207 420
1667 1686 1911 827
316 1764 -925 158
794 -1232 -1774 1342
638 -1651 -139 178
466 -1658 -1535 1702
1680 -1209 -272 631
152 -526 1004 551
591 -1553 -1094 607
1227 913 -768 392
24 1703 -1738 593
758 -260 399 13
1512 831 -1806 1202
806 1502 209 906
60 -726 530 1829
9 1362 1428 614
817 525 1711 866
1836 199 -1185 372
68 1492 1990 796
875 1145 -1392 395
579 -1290 -1931 1768
1427 -934 1906 382
793 1523 1037 204
195 906 -1819 1987
596 1742 -999 716
1398 -1851 -1254 1552
1986 843 -654 477
489 -106 -1346 936
543 1046 116 869
1818 1752 451 1601
919 1802 -314 1977
1830 -141 -490 1040
1321 -1076 -1531 1341
1657 -687 95 458
481 244 57 1270
1105 1751 -673 612
1292 -989 271 922
1290 -1727 -1454 1283
1863 1641 1270 366
594 1534 1159 1244
1167 -1068 -466 1637
1046 -798 1562 1988
865 410 -360 199
626 1681 -1885 1504
506 784 832 1734
275 990 738 1941
1656 225 -572 1561
776 1085 850 759
1334 708 181 197
1499 -963 -944 1389
739 1252 -840 1134
220 -566 201 891
1818 1733 849 666
1766 -1127 -561 421
1770 -875 794 1933
950 -215 1353 1906
1087 -1355 -1188 1596
1754 -291 -699 454
805 -1033 25 1117
1919 60 304 1989
219 -129 -1059 1380
929 -1497 -1203 261
1661 -212 -1366 183
1726 -842 -802 1372
1448 1087 -1455 74
1363 700 -8 669
1065 -1373 1455 1491
556 1713 -928 254
14 -1413 -68 1446
1142 -1844 -219 197
1042 1845 -723 1241
96 1928 1468 1941
1059 -611 668 960
836 1465 1550 4
591 1614 1282 1760
1106 -835 -215 679
625 -1337 1843 1983
1525 -641 -1195 979
1032 -1510 2 1138
362 1973 1931 1965
527 -1841 -1411 716
1823 222 1372 90
181 959 -728 1877
337 1001 -727 1183
838 -1777 -1251 1120
1740 -938 238 609
287 -1638 -240 930
1406 464 1237 1317
1485 -461 777 1248
1011 1363 -586 1487
781 -461 -1082 1841
985 892 -441 134
620 -896 -1591 1239
77 -1531 1781 1646
55 1070 -1196 137
1419 1315 407 1515
1628 -1705 -1091 124
241 889 -1875 340
1078 -1418 -1683 1652
667 -1440 -1160 253
1395 -511 1776 1014
87 1813 -483 1946
17 -1116 -801 1640
1441 -443 1547 946
891 -1824 -414 1982
1255 -900 339 1832
1392 -951 57 334
1638 -613 -1719 1858
780 710 1395 1628
122 1882 -764 1606
1548 -1687 -1476 1742
849 -725 1503 743
1597 1544 1405 1240
295 -957 -1320 1691
284 1957 -1093 159
490 -589 382 791
598 1393 1957 1785
646 -1756 724 1248
1192 1142 -1576 1947
618 -242 -362 1419
911 1829 1821 57
1152 1445 -541 413
1736 1508 1156 536
407 -360 1019 1435
1889 -1814 -1866 878
1788 1389 -1471 1050
1237 -282 730 719
188 282 -947 1615
979 -158 -1988 369
1235 -635 -1357 447
710 1320 -1113 1256
1534 533 498 527
1933 1749 981 1178
1611 -91 14 708
308 721 -170 235
1351 743 -1950 226
1128 -979 -1048 1984
1790 -781 650 1760
6 -316 1976 1519
1790 -461 456 449
1067 109 1666 1677
1427 -1997 -987 732
1764 1327 1918 542
1307 -930 1023 1333
142 1560 -23 23
275 203 1310 848
694 -1744 853 254
679 384 -278 1571
1305 -1327 -1810 1239
1429 481 951 564
1557 1270 -732 1592
841 -849 1110 1206
837 509 551 1925
1073 -1110 -1834 351
616 -1700 1546 1812
1930 -755 1263 725
42 -1107 -1341 153
1312 1192 1076 1899
1639 1151 -829 153
976 -968 -1240 1495
1870 -1264 -1526 922
1016 -262 474 1566
203 1322 -385 417
421 -863 1048 1093
1115 -1113 251 1186
388 -1007 572 49
363 274 -1137 1954
288 -492 699 679
1736 411 43 1463
1993 -1724 1569 940
447 -1434 56 581
714 783 878 1749
1229 -1178 1629 754
1057 -1282 -1405 1239
704 -389 658 1490
410 1017 1466 1206
675 -1215 -1005 1386
1683 -770 -1561 473
149 -337 917 1760
728 56 82 1972
1409 1313 -1876 121
263 -213 -277 1627
1558 -438 1598 633
1789 -236 455 1077
432 1868 1107 1573
822 -1690 305 709
747 1113 -97 1363
64 1498 408 530
1046 -760 -1921 1032
1815 -1690 354 1807
1869 1098 -162 1911
249 -1892 -1841 51
621 -1168 1895 600
1090 -443 -1015 145
883 936 -1491 1597
1984 -1418 -204 1967
125 -847 -40 269
896 1137 53 18
726 409 408 1101
1902 -1595 -72 880
236 -1476 1527 1185
440 1986 -360 1004
157 1483 433 1151
218 1561 19 732
404 1006 1871 1019
514 -367 1843 981
800 1844 1376 42
221 390 429 1164
1420 -842 -585 418
791 997 -1919 1206
247 1006 360 1991
93 -280 1670 1096
285 209 458 799
814 1806 -1627 1943
395 -1091 -1366 430
1860 741 1757 1624
414 -440 -835 1178
383 -654 9 1951
1075 1832 -1163 887
554 724 334 163
1863 1045 -179 1338
418 430 743 920
1559 1881 -1411 1993
53 928 222 738
1425 658 1605 1129
1248 418 -182 264
480 -141 -48 1758
671 -911 1082 205
34 -747 333 1581
224 -144 -1404 440
1765 1744 -530 1228
1376 1191 -1542 316
564 -1771 -428 783
1643 -1527 953 1920
222 1623 237 572
142 1033 1394 663
783 -1911 -472 1447
199 69 -1369 1127
1572 -57 1824 230
1299 1616 455 614
794 -1827 1750 1453
1887 488 -1265 455
782 154 -1433 1314
982 -845 358 496
781 13 -44 217
1864 988 -1988 1638
1268 137 1930 487
400 -174 -577 654
128 -352 1123 834
1596 103 623 1117
718 -423 -1719 1806
1672 360 -1973 424
1388 -1957 313 65
1858 243 -1763 1172
1573 -579 52 1152
854 -1020 1116 1014
520 56 1204 1934
1538 -1387 -1003 1651
1168 -892 -251 1922
1315 1219 1298 1968
1900 1440 1439 849
1269 -125 -806 1633
1944 -918 1079 591
1333 1971 -1747 1469
801 -166 -936 194
1474 -1492 -1152 1976
1204 1408 -30 1886
726 -1504 950 1110
30 483 -580 1032
449 -1970 1916 254
1500 1669 -1441 1990
1118 -1764 279 403
1627 -140 560 1100
1242 -1504 -36 1532
792 -635 1847 304
1716 -383 13 604
960 -946 -1341 919
1686 1662 1209 1578
1601 -1169 -909 1284
1936 -1031 1464 873
966 -439 798 590
1805 -471 321 1615
1918 1054 206 922
1354 -1480 -405 1489
1428 806 -357 892
85 658 1562 277
1015 236 -167 1386
1771 1594 -1477 302
595 472 1418 568
664 1803 -869 370
1493 -1193 1155 603
810 -1016 86 1510
1098 854 -1478 1721
1709 -29 14 79
1247 -1874 86 1158
1087 -1443 1640 1042
1153 656 1208 1048
1916 -606 -904 868
381 -1369 -1687 1267
435 184 1647 10
464 13 -1440 989
1022 1885 415 360
1384 955 -855 1450
716 -1228 -345 309
1152 1130 934 16
1978 -357 -1660 533
535 -894 1206 179
165 492 -1261 412
1752 1128 1959 1368
377 -1246 849 1553
1698 -492 444 1653
787 -1677 389 152
113 97 551 623
1745 1508 -367 213
1217 1307 -1444 250
96 -824 -634 367
1313 216 -1057 651
1196 1592 1555 1721
1629 -707 12 1608
1571 1100 -788 1289
802 1267 -472 1477
1906 -87 105 1637
285 40 623 184
1957 588 -1003 624
172 -1463 1568 613
745 -875 1282 544
1786 -91 -1443 1025
189 -1643 -743 1194
1253 1562 -1074 1042
123 1353 -1243 420
1515 -718 -1939 1133
1107 -1317 -1801 689
199 1309 1004 1062
928 -1277 -1280 1703
984 1042 1271 914
1567 -648 391 1627
1913 1603 1257 423
302 -1293 -1642 1266
1273 1744 -400 873
1530 1219 -656 1265
916 -1358 -338 94
383 1461 -1013 1997
1543 -1516 -338 810
1515 143 -1686 1706
31 -865 62 227
234 733 -1012 463
1225 -2 -218 1405
1546 1692 -434 368
1186 -760 1107 1262
712 -683 -1789 546
1479 768 1331 1290
1264 1378 -1527 41
1557 1875 84 230
1296 -1727 -1714 1820
1850 497 -1901 840
1940 1790 1968 798
1873 742 -1379 69
666 -480 -1634 806
761 1038 1691 576
222 1668 -143 1447
1773 1070 317 1761
270 -1538 -1070 1576
284 1079 261 74
135 -346 -1852 76
1698 -1509 -1830 115
1141 415 -1395 217
172 372 -504 1486
1302 -1631 1232 69
663 2 222 1394
758 555 -1326 1331
432 202 334 948
435 -1393 1338 377
1156 1077 109 1544
1113 -640 -1537 252
1744 -142 1811 1027
1270 1136 425 1441
1361 -1326 -1990 1451
791 -1104 1530 1181
292 1921 -985 725
1816 753 1679 501
311 -1018 1279 1413
263 1330 -1639 798
101 -896 1220 960
1824 670 641 1613
1405 -928 -205 1900
1153 1904 -1545 1415
1674 294 548 109
1111 -133 -1399 1344
1131 1838 865 1896
1582 -1178 -1446 1967
1692 -1475 -1710 1044
868 -230 -138 936
1802 -1251 1913 1171
277 1870 753 704
1554 790 183 524
1087 538 -1098 1579
289 1618 1675 1235
1566 -548 256 176
1988 -1623 214 270
1472 1867 -1730 1682
552 970 -712 1986
1906 883 -1039 904
1226 1623 1986 723
1152 99 -419 1621
1223 -1873 1595 550
248 -95 -714 1519
1501 -1826 1526 337
358 931 367 1148
1943 798 1010 1480
408 -208 -1736 1839
1044 1233 1426 16
586 -848 124 1854
1871 703 -269 1455
26 -511 1596 670
839 -973 1127 58
533 374 -748 629
1176 208 1212 165
151 739 -189 1270
95 1938 -1613 309
110 1866 -934 791
1593 688 -1420 544
982 721 -1831 573
211 -1582 -700 763
45 1547 -448 1405
1082 -179 600 345
1808 -539 -459 476
395 -1368 1887 1778
955 1711 1342 990
1283 134 -82 824
828 437 1830 1002
1664 1341 943 1842
1919 -1892 -535 148
1021 -858 -99 981
498 -1812 -1904 465
1113 1257 1613 693
1969 -140 -902 949
1311 957 -1635 248
1690 -1710 -1365 1815
766 -1740 74 258
1578 -208 -749 922
1378 739 1560 312
1885 -291 413 501
311 1506 -627 1616
577 -997 1652 1899
556 -316 272 830
1714 -1706 1265 211
381 -860 1835 584
1470 -1177 247 272
39 976 -1706 1922
209 -355 1245 1977
551 505 -1480 1554
1577 -1868 229 1249
586 -872 1254 1308
1075 -606 -1550 1918
1966 -397 661 1574
1195 1087 -1076 101
350 1014 -1343 1204
1151 -1593 -1665 1883
457 -1098 1185 1467
827 -278 -1648 1798
346 535 426 1809
1261 791 533 201
1120 -1332 -1290 1387
1682 1232 -814 1850
550 -99 1521 156
1734 -1764 -382 206
555 -188 1018 1228
38 1759 1264 649
747 269 -1765 669
304 268 -59 1490
147 -649 -22 1751
1489 -639 -1671 669
240 1031 -690 1596
1510 649 -944 479
223 -1352 1040 756
1787 -1509 -517 1613
701 -238 1976 129
333 1150 1271 331
1655 1069 -1327 170
1018 1465 513 320
1626 317 -726 868
255 367 278 1264
1444 1141 1519 915
1032 1144 1342 1983
1312 1352 -389 732
467 -1315 1313 1668
109 1607 1841 1653
1469 647 38 130
422 1896 -1596 194
162 1595 1280 655
1146 991 -1032 1897
831 -232 -636 465
325 -408 1730 254
466 -412 1444 1515
660 834 1635 71
488 661 -1751 19
1508 -1419 1021 616
1389 -1340 1228 671
178 -1616 -225 710
1615 682 -1992 690
1019 1586 -95 551
219 -2 190 1138
28 149 -1252 48
509 1279 816 84
610 681 1372 821
1043 -1824 -362 861
714 -1314 1826 971
1945 -768 -1261 1730
34 -1920 960 840
765 1641 -1762 504
117 360 -1368 992
123 -203 -402 1028
626 -1410 -993 617
1633 -1842 1207 1115
1348 -585 1908 647
1755 -968 431 545
1802 1803 626 800
168 -615 -232 989
224 -73 846 88
1538 1122 244 1763
1603 -1352 13 916
104 -1603 -1338 1623
784 766 -1542 218
551 -634 1457 1856
116 -875 -1165 223
620 443 -106 1746
1292 1833 1271 1335
483 -1417 1664 993
1573 1196 -137 1447
985 1744 186 1443
1100 -390 -1485 341
300 386 616 1502
1646 578 1451 1205
1609 -613 1550 1765
233 -1603 -175 269
253 -1686 208 671
136 208 -642 1905
51 -1683 -110 911
202 1775 642 999
891 -1517 -1383 1307
1610 1128 -1293 1395
1968 -895 -1410 616
375 1374 -1860 1162
1872 72 1385 1211
1869 1580 -1421 1794
1383 112 -1087 457
1913 -1599 511 1488
1635 -1586 -1771 216
1256 183 -1172 1656
288 741 613 1226
279 1075 -792 1871
316 -1179 456 1511
947 -1748 -766 1067
1715 -349 926 1539
281 1148 -1090 1424
1139 -1256 -320 3
1014 1730 -1815 1508
505 548 1273 460
280 292 1047 1659
1777 -591 -185 963
1610 -577 -182 1386
665 1686 -514 1276
363 -1451 35 1959
1934 506 997 174
390 847 593 1463
1788 398 -718 109
1578 -1367 1285 1870
1984 -339 434 1533
738 -856 -726 881
296 -1832 934 661
1421 -1739 973 1782
1841 -570 -1746 56
1799 621 1391 1730
167 -257 1836 1485
1661 915 -1927 744
1416 -304 -1763 663
1244 -1617 -401 1824
1809 -1283 808 348
369 -836 -922 1756
1838 1605 26 1266
169 1330 -1290 483
444 -1448 -6 508
1778 956 605 1018
1513 -1526 449 1040
1639 234 -1617 437
450 -1240 1760 291
359 105 -415 378
1108 -1187 489 1466
445 -1983 -907 540
330 1913 227 1466
808 -1279 589 867
100 -52 -723 1704
419 -1131 -1797 626
349 302 -1538 1417
1949 -670 585 1438
1187 802 -1553 1154
370 -1004 -534 1453
1042 -1920 1541 664
1423 1154 -84 1091
360 -1250 341 1264
1841 1387 1844 646
1409 1530 -525 591
1813 -920 -698 874
779 -135 -706 1513
696 872 -1918 324
595 259 1276 1013
951 1712 -716 538
1925 -1241 1824 359
127 -1301 799 1857
1758 -149 -1615 1411
1806 163 275 253
1805 683 -1434 1792
335 -1727 1393 515
1245 -893 1513 1537
113 1627 -1225 1449
1083 -1478 -685 1565
1791 -974 854 1267
1701 839 -1542 1367
920 1555 292 887
312 -1052 554 550
232 483 -442 1353
16 632 -447 749
716 -1884 -613 1887
1179 -47 -1101 1058
896 -1549 1645 1837
1909 1062 -1098 10
659 -706 -1457 1769
60 -1662 1643 1371
1426 -1512 272 775
892 1802 864 1832
1880 651 -1602 1740
1683 -1247 -1322 1479
627 1846 -37 126
238 1522 -393 685
1184 -1143 -334 1505
1737 1691 -1151 63
413 -859 -1844 1851
722 -421 13 1314
965 374 -971 881
1845 936 1328 859
119 1042 -785 230
1984 -1578 21 1982
110 -1432 -1147 641
1776 1178 1691 722
1849 -643 1316 327
321 -923 -1052 411
1012 -1671 -222 1724
177 1745 -713 942
940 -610 -106 326
316 390 -990 975
509 1571 803 521
1488 -909 701 1269
1654 1958 904 1706
1769 480 -719 1027
260 -568 -1801 1343
1125 -429 -1178 256
1634 -277 1504 1628
1201 1596 -712 1103
110 1242 -1546 1383
777 124 -1747 1095
1061 -212 1238 1860
1643 -1630 1891 1355
149 5 -1205 665
1651 -450 -996 753
1465 -1952 1645 58
1887 -879 1714 175
1968 96 -1369 1341
699 -1480 935 1112
581 1961 1095 838
1429 880 1163 1202
1943 -1291 1119 43
42 983 -592 1666
1666 1630 1439 512
1654 -1030 -1779 1181
1427 1617 1024 1466
967 -1223 -339 1656
887 1077 47 943
889 -1742 1177 584
1995 1135 1637 899
1194 1743 -293 690
1180 1711 -784 1148
1879 1805 -640 43
7 -8 -1179 1790
1820 -884 -1851 1224
665 1865 334 191
1351 699 -1405 1886
1264 1607 511 1859
852 -1749 -1964 1282
1623 -1017 -167 176
929 -563 1700 824
460 49 -257 314
730 -1920 1719 167
413 -1782 975 406
205 1235 -856 803
262 1888 383 218
1303 976 1421 1712
403 359 1217 347
1780 1258 -1637 1157
611 599 -1440 637
1729 361 358 325
1730 448 1254 1301
1757 -1369 -226 1111
1565 847 1765 953
1939 14 1788 94
209 714 651 269
1440 -1133 -954 336
571 86 89 263
882 118 1048 1747
408 -289 -277 843
1574 -1063 -1538 618
1414 1584 77 1358
728 -1682 -1591 1371
1184 700 -998 1942
406 1037 -505 43
1156 1139 -257 1560
1340 256 492 1695
1472 1433 229 1208
696 1037 -1066 1484
1536 -431 -860 619
358 -1591 1500 1735
896 -1120 850 215
1701 -1401 89 1397
383 -702 1826 160
1519 1396 -674 891
153 -1499 372 1340
195 1357 1435 686
443 1190 -1063 1087
1694 1712 306 1763
690 -1246 -1707 1807
829 181 912 1599
107 -100 215 1056
1308 -1529 579 982
131 -250 1672 8
936 -50 1526 1471
967 -1787 452 1579
1503 -1265 -810 910
1908 -747 693 1278
1662 675 1394 343
856 1993 1839 343
1889 1958 1947 1633
702 -1885 -1601 1035
902 669 -1935 239
1221 -1097 -1958 893
618 -198 -982 808
