2000
56 -676 1426 287
1084 -1285 1672 419
1153 -1519 -1721 569
1575 -558 1167 273
802 85 -20 1886
1530 1701 820 1990
731 -1609 -903 102
1014 -595 -1726 76
1182 1636 -681 459
492 -1046 937 1930
1900 1023 1721 1669
1710 1017 -1180 507
1909 -1345 1327 414
43 1230 656 566
1387 -25 -285 1214
1990 1320 -835 1318
1471 -331 179 63
191 1513 -875 706
97 -771 548 153
7 -1259 -1693 933
1379 -1557 1392 1078
1007 -778 764 1894
1430 -1149 918 1823
1704 348 -27 1776
842 441 -189 1836
388 1376 404 1242
113 308 -1395 214
914 1354 -1137 1999
1548 256 238 1127
69 1034 432 1462
1931 -1758 739 119
477 674 1489 202
448 491 -957 1904
1979 -27 -899 1506
1579 -1030 179 779
848 897 -46 137
1998 -364 -671 48
861 1664 1807 1991
1146 1765 378 1512
500 1387 55 1172
1503 -103 -455 13
228 -835 1662 763
1311 1710 -1565 552
192 1843 1942 1716
1723 -1160 995 769
440 -757 1635 1079
1971 -699 81 1490
141 -1964 224 1407
457 329 1475 435
1808 1495 -966 1252
1757 815 -1086 1901
98 1071 326 175
1282 -1156 1159 555
1076 1482 1025 680
918 -1204 1284 1043
1128 -369 957 618
685 -468 1998 1840
1742 -403 -1101 1773
1638 903 1539 843
486 -658 -1325 1258
867 208 1484 1772
419 1508 1287 1834
1332 491 1516 669
1125 1433 392 1925
507 950 258 934
750 316 -293 1126
1945 -1858 1027 1953
1869 -1497 -526 1093
1230 1481 265 1014
1173 1996 -1308 427
380 421 17 543
1669 1178 -1631 209
276 -1116 579 1700
1232 -641 -1238 1328
86 -1206 96 511
1078 -615 -1812 241
852 -1973 434 840
152 -1525 392 1117
142 735 -1323 1513
759 -1381 -800 461
103 -16 1974 363
549 -624 1330 1722
717 -1537 -990 181
1185 -778 -251 1085
1188 931 1183 1107
862 1346 1240 1455
283 872 1255 668
1004 -896 -1028 1545
308 820 262 745
1771 -988 901 36
767 -1404 1026 388
1983 1260 -1648 1273
1598 1574 -693 1093
1782 -133 1473 33
1282 652 -1857 806
1698 1721 -503 1845
427 -472 195 1488
901 -1517 -1702 1246
1995 -68 -1910 1451
94 784 -1890 261
691 -1358 195 1104
1392 -47 1595 1395
355 -35 -1843 1481
1371 -113 1227 1922
1565 415 935 607
1280 -1873 -55 457
433 -943 -602 218
1744 -731 1311 82
1345 -672 -81 692
1820 1709 842 1302
894 -748 -1092 1333
278 -375 -372 846
840 -1934 -1615 1990
942 1450 -1395 1956
1361 1960 1019 721
1844 -1772 973 1135
618 601 762 1103
779 -995 -1206 1657
1731 15 1270 200
595 474 -1434 1275
894 -620 -575 1046
989 1703 1659 1935
764 957 -1206 1793
171 1566 1594 460
1165 414 595 1523
652 -1094 40 588
1491 -703 -1711 1124
1827 -504 -473 1113
1167 1213 -1048 1790
607 1904 773 1274
1361 -1907 91 377
3 -1745 -786 265
811 -764 685 1327
879 708 -957 704
1517 1727 -1281 808
69 879 513 1606
1961 1338 -778 1726
1748 -1302 668 806
176 1967 -1702 665
862 987 839 1959
1586 -213 1896 867
629 1479 -229 51
65 1359 940 836
777 1745 828 276
1294 1704 1359 1494
346 974 1690 1697
1065 -769 -1422 561
1131 1292 -353 1637
1460 1066 427 1263
701 -870 -611 1351
1824 148 -1093 809
1439 -1790 -1917 1170
1389 355 623 791
995 -1475 -1713 1741
173 1528 -841 994
1979 -1444 1487 131
737 -1014 -983 388
327 346 809 204
729 459 431 245
743 1269 -1728 160
1479 1040 1566 175
1150 -88 300 746
907 -1075 1891 1787
1980 543 -924 1265
1719 -739 -1897 689
1091 -1124 -1043 1984
1724 -946 1142 1690
418 1882 -1233 1327
538 -890 793 32
508 185 -1929 1926
707 -622 -1485 1996
288 829 -1176 656
88 -154 -797 1174
113 -1539 224 597
1289 488 793 312
1135 1619 -1456 462
1544 -1457 -1668 922
1723 978 1503 1059
1669 958 650 149
343 -459 1005 127
1875 -1689 -416 355
1954 -1127 1892 1194
880 1413 1859 397
1502 -1360 1676 1069
496 -789 -486 443
125 796 544 1968
1442 1986 443 1671
783 -141 -1647 1022
216 -1874 1354 249
1685 -911 926 1295
178 -445 425 811
1744 -1889 1381 1212
866 -1930 -1135 565
33 -1869 -1470 830
1241 368 1063 289
1866 -1915 -1760 334
1271 1170 660 1879
1114 -1511 109 180
1230 -842 1392 513
1700 1808 -520 715
1087 1222 -1188 951
1032 231 -1843 1595
1546 -474 -608 1443
375 -71 305 701
337 180 1470 397
354 194 254 1946
596 -582 -108 1375
314 1415 -1232 699
374 -36 80 81
16 640 -52 249
1285 -27 1401 1437
1190 -538 1530 1533
1685 419 -1596 380
347 299 64 1104
869 -1959 1896 1030
1826 -1044 1897 1547
759 1554 1928 516
155 323 -1457 887
1803 1388 -1872 1840
1591 -1090 -959 1741
451 -1472 -693 1394
519 -497 373 934
1376 -572 614 388
1917 661 1634 555
1234 -1912 -311 623
888 -1011 32 38
363 -201 1641 939
1755 1215 -741 1774
844 1482 44 305
933 -1549 -63 1565
1301 947 696 1707
1193 -319 151 540
280 1165 -1386 1538
1175 -351 -218 1460
181 446 -1432 1918
865 -535 -401 686
1310 -1006 -1146 8
6 1680 -1535 291
388 573 623 939
1752 1537 -1831 797
1911 1466 1454 141
1817 -1817 -1051 1219
89 -144 -293 377
1001 -1643 -430 559
1275 1001 1794 216
1721 -184 -1383 762
829 -653 1643 1170
1610 -39 -397 286
1761 -1867 971 33
221 300 -167 450
888 309 710 733
1155 1297 -1008 512
1730 -1561 1338 1936
1550 637 533 1842
865 487 -1136 322
413 73 -183 703
1750 9 1883 1196
563 -1652 782 289
593 99 970 1257
1824 722 1657 914
100 1700 -926 447
1253 -1313 -1693 1913
703 -271 1964 1146
1779 -1287 224 81
724 1394 -1190 1697
1723 -508 -193 1697
612 917 411 1117
1695 -1115 -886 435
1983 943 -908 1320
558 351 -1420 353
551 471 1424 1754
667 -1983 -1049 1890
1501 1926 1027 813
1014 -1694 -192 1553
241 911 -1092 217
1312 -1332 -1730 197
1109 -847 -147 952
1306 100 -632 1433
458 692 -1259 466
1685 -1960 -1756 1684
592 -302 -117 177
1299 -1482 1034 129
729 1781 -1517 702
563 947 -826 1047
790 1075 898 81
952 787 -1981 961
743 1492 1706 1827
114 1526 212 1719
1182 440 1056 1854
834 -1344 -1473 561
395 1682 -817 123
825 1468 1174 1722
1648 1357 1509 18
1272 1359 -1819 1225
1534 1045 643 332
1633 1047 845 1225
597 -961 642 1235
947 1527 1058 994
23 -1055 -1522 1776
801 -462 677 732
821 1609 -1301 1931
1243 -1360 -1350 1410
655 -1121 -1785 269
1842 1489 -655 1692
23 304 -723 785
1143 1075 1307 883
61 -26 192 13
811 -1951 63 575
484 -1212 -264 140
879 -1402 -1304 843
1498 948 -533 871
69 -1813 -581 1535
1923 -790 -963 54
1725 1980 1983 980
1166 -870 217 1363
1671 -1809 5 675
1085 620 480 1494
326 1651 -1979 404
1040 -876 693 1769
1899 -96 -1760 1186
425 1002 249 564
709 866 -1855 725
233 761 -492 433
758 418 1775 150
592 299 734 1304
32 499 -199 1838
288 657 -348 131
1954 -61 1449 1750
1802 -481 169 842
1295 1184 685 1431
206 -1218 -49 1783
1303 1405 -1359 1610
1150 1587 232 1522
203 1700 -1370 440
763 -118 951 1461
668 -288 -769 1897
469 1946 -1100 504
444 -1897 896 1336
749 -1039 458 1621
346 -385 -1645 445
86 989 -813 389
1673 -977 614 881
863 -1101 -1857 1215
809 -1132 750 1966
1722 203 907 303
1275 1854 -1483 1195
199 1184 481 716
48 1670 -925 514
1432 -121 1791 639
521 -1652 -1185 524
1710 29 -1499 194
311 -1312 -1252 946
617 -731 655 1630
716 1622 65 621
1211 -1743 1140 875
599 1285 755 726
1477 -1464 -880 674
347 1057 -29 582
1959 -193 -1590 1517
744 405 -865 806
931 -1393 -1349 293
159 -1360 1448 303
345 -1913 -1264 1714
1617 899 -1973 747
1435 835 -260 1629
1055 -643 1526 1345
698 1342 -1834 16
1707 1936 -1520 1995
1190 559 1646 164
421 -1023 1111 1602
161 -1778 639 1713
637 -772 -1409 496
1068 -392 -355 1633
1606 182 -259 508
616 728 -333 1628
224 1696 -208 2000
900 -1042 -1477 1996
1676 947 621 837
1060 209 4 1225
924 -1618 1853 165
1559 -441 1748 1100
1711 -423 -1028 1687
1039 1878 -731 1808
1112 56 -811 1253
109 398 1555 923
1702 -278 -191 1801
129 -1074 -950 873
1900 -85 695 954
317 -1748 1446 608
1578 677 1172 819
1761 537 -834 1932
1010 998 1416 779
1471 253 56 435
275 1529 1216 12
120 -1815 1183 1905
1455 -1473 -804 576
492 -893 1460 1677
920 1980 995 574
1294 1402 -428 832
990 -70 1818 1265
1020 -479 -1273 1332
1537 -348 -1200 1184
553 2000 -450 1249
596 -396 1513 1814
134 -112 -1827 481
424 -1173 -1637 1658
1988 -151 -564 1116
876 -777 -371 791
1715 148 1666 1852
1122 414 -1362 820
661 -1538 1629 1850
972 1103 1758 1468
475 -526 -1337 1214
218 1753 -1604 1334
69 1840 -1745 1793
780 -1180 -1986 1933
981 -1113 -1238 253
37 225 1562 457
539 -1908 -974 811
1077 772 -1742 914
777 1084 -423 803
670 -474 1734 323
608 221 -1543 958
943 1134 596 1636
848 1767 -195 1206
1339 762 1966 1757
699 -2 1793 804
17 -1514 185 1369
34 1450 -131 736
772 -170 -117 1904
1141 21 -252 131
628 1246 -848 1242
870 38 371 1527
1346 1735 -68 1826
309 1362 1863 1109
64 207 1005 1040
1365 1948 -822 1957
1069 1304 153 429
1477 43 896 689
1003 216 1139 1281
86 89 -692 17
412 -1414 -1159 1223
1818 -135 931 511
1200 1047 1273 1239
1986 1743 -469 691
1272 176 -1249 762
1342 1075 -1686 1175
549 -935 96 505
1952 -963 -1392 1139
728 1949 -1149 1596
1881 1727 1676 113
1395 729 78 1662
1129 -917 -1669 825
213 -1214 1261 1095
1826 -1221 1433 1893
369 27 -535 192
133 -907 -1046 1741
295 1276 1105 738
1858 855 1482 1691
1304 -758 -1597 374
1387 -1511 -547 1079
1909 527 761 709
1649 -343 -1908 1243
943 1738 -1725 1416
1428 269 167 31
1879 -977 357 392
37 -1796 -1468 653
879 1531 1894 222
1591 -812 -1637 1453
518 -26 1239 1395
1097 -144 596 1849
559 1057 1536 752
973 241 -1361 458
746 -650 219 1246
1923 -287 674 1720
1960 584 -1882 486
1565 -693 -1127 1996
986 1161 1321 1169
1372 -436 718 1168
1378 -1063 811 1272
560 1058 1106 1805
303 -1707 1757 1876
1739 -1907 -1648 1771
228 -1222 1829 318
1566 -1953 -214 1043
1665 -1445 1355 1552
1561 -1959 -80 1007
102 1319 1969 49
1246 -921 1979 1736
710 -744 223 1195
1165 -496 -653 1590
786 -265 824 1559
728 -818 -1455 338
297 -1559 573 126
1072 -1315 623 1318
605 -1930 945 1289
741 -861 109 571
16 112 -737 2
665 -1290 1573 1161
1026 -1360 -704 1936
1021 -1539 -901 298
628 -1457 1785 381
1074 594 916 1270
807 992 -520 1171
1095 1310 -1917 1990
940 -1657 -1843 1497
704 -203 318 1461
1956 1641 1933 425
316 -1530 -819 1609
865 1979 -29 924
61 -862 -566 1038
1330 31 -1330 828
1764 -36 -720 1466
1690 -578 -1512 1984
1809 637 -1171 1529
1065 1969 1907 1683
566 1479 -920 1329
1040 -1124 -537 1020
1651 -902 -1277 1182
1568 -1699 -1858 1349
1802 -794 1918 1190
250 1303 -1482 1640
1580 -928 -1244 1013
864 1852 -1409 956
1658 1742 1168 1105
1681 554 1730 812
1076 1659 -1079 118
1760 -1066 1270 1119
1787 1160 -623 459
1245 1673 -1889 1168
1809 1640 1323 905
681 -294 -1917 294
439 1933 -1446 778
1717 -1267 -988 604
958 -1959 1272 1142
914 1413 -1604 1737
1926 -1033 773 679
1666 1438 1007 1000
625 169 -274 1302
1508 -526 -1696 192
496 -1267 -342 43
1275 -420 -174 1532
483 372 1424 111
135 1328 -1311 851
1468 924 -512 1676
1769 -1998 -1798 1120
27 -410 1448 778
210 1248 -1428 1147
66 1473 -1315 1843
1027 1564 -894 556
1842 -484 -819 752
14 -1474 -789 1998
1195 1564 -812 681
770 -164 -1059 793
959 -578 1340 632
2 670 1155 853
47 1676 1547 1861
718 -833 981 1693
491 1765 1769 729
967 -1530 -1353 377
853 -317 -197 1838
1310 -784 1311 177
589 252 -1708 669
1460 1928 -46 416
150 -1886 -903 814
234 -103 1816 1934
783 498 445 1723
1938 -420 1691 756
1689 -1260 -312 76
348 148 -630 1354
806 -1485 1882 75
1320 -1320 -1005 1195
567 1671 476 1200
1321 -253 60 847
1628 -1842 1163 788
432 -1351 623 1215
1575 704 -1839 1682
1036 1289 112 1028
905 1300 -1346 448
1215 -1411 839 855
882 1651 1023 858
347 1522 -1497 1425
804 -1338 -1973 1206
543 543 -1153 1979
1344 816 -1939 560
1534 -1274 658 605
1574 -669 1988 1455
872 1535 -832 770
1368 432 631 540
1630 1014 1372 1026
343 901 216 241
945 -1796 -998 1286
1747 -1280 -1843 438
1619 -316 -1571 1895
1054 -1004 1090 341
979 -33 -239 654
1176 -846 1610 1782
1732 1082 587 20
803 -194 827 1187
1670 -1424 -1076 1538
1456 1406 475 21
970 -1631 -1363 513
431 -670 -1864 4
1809 1582 -326 842
1266 503 1011 1529
428 256 1678 1254
922 -1261 1833 254
1980 1915 1660 671
743 -457 1778 1435
419 190 771 1388
1627 218 923 1354
96 1574 1626 1431
647 452 709 1220
726 -576 1872 1225
603 -16 689 1057
325 -1582 -1548 1419
457 -1311 -1737 186
1710 1128 764 902
1057 -657 -999 378
1826 19 918 803
69 1781 -1960 1479
627 -386 1708 1724
342 -503 -1124 1772
1088 -1859 81 824
1940 -1951 1110 626
1372 355 -1975 177
930 745 -1676 401
998 1912 -1106 784
1774 -566 1247 99
513 104 -868 863
780 -1104 -1403 672
1085 -401 34 1525
1051 880 774 849
1531 134 -1549 284
780 304 -853 1089
141 -1943 1474 1566
1761 1111 293 406
466 1528 -266 914
1819 -897 -1507 619
109 886 -55 1954
651 -1188 -316 1705
638 -917 -104 600
465 1379 1510 1736
229 -1256 -900 379
751 514 -192 1794
1605 -1891 1704 565
1317 804 -812 47
1983 394 -344 1120
1461 491 1079 985
738 -456 -1996 947
1648 425 1366 1977
720 532 -540 1769
1911 -531 1116 358
619 1453 1947 1513
474 1512 -1907 844
1779 -1966 -728 1981
586 -1393 1268 1442
440 -1590 -758 1567
1434 1382 -1615 353
1741 597 1001 518
1960 1439 786 435
1315 -1844 -1527 1645
584 -1184 1261 16
169 1245 -673 1147
1961 -167 35 450
417 862 1993 123
1245 82 1612 98
29 779 -420 1685
1957 -13 -225 215
461 1847 -1001 81
529 1806 -63 285
1937 -291 -665 1594
1091 -1000 1805 1179
1484 -1676 -704 103
827 1957 -259 1114
287 211 -1699 979
443 -677 -423 1732
1337 320 414 1574
1332 -83 747 898
988 -1458 -466 1640
662 1090 1109 1964
1290 -1642 -1881 276
1315 1344 1124 1003
1090 1391 1561 546
316 -529 -846 938
1191 -1302 379 714
705 -30 490 1087
1481 1299 1389 87
1908 -1795 1819 181
457 -1923 570 1377
1830 -390 -954 373
329 -1716 -1154 1761
951 -1001 -230 1799
1464 -1941 -95 1119
1977 -654 331 1557
1497 1652 557 470
1804 612 -1939 151
955 67 -1736 1150
498 -32 426 390
33 513 -1367 1904
1484 -695 1944 1357
1723 -1542 -90 901
1866 74 -730 1522
1226 -1626 14 229
702 -1992 -1679 529
1535 -1326 940 1867
633 1029 611 1424
1788 1723 -1445 1887
315 -1389 -778 1579
1888 433 -1119 186
1238 -1297 684 120
1582 1800 -324 117
1883 1752 -740 627
1222 453 -930 1065
186 1214 -819 978
1897 -859 -1282 975
213 -170 1962 1345
1512 -1341 1561 928
1405 250 1170 1479
948 1873 -12 1125
514 1320 212 893
46 1628 229 1783
774 -1573 -1382 365
424 -1661 516 1199
1289 1972 -776 1551
849 -131 -677 1494
1773 89 72 13
1404 -1036 206 549
483 -1369 -1359 1792
601 -452 988 1349
411 832 1354 799
1241 -1612 -58 1951
135 1687 -1321 1766
765 1358 588 636
792 -1441 -1813 1244
1591 1146 1655 437
30 970 -678 1370
1318 1260 -465 1987
331 632 1006 986
1037 -758 -162 1423
1872 -1515 39 1589
1820 844 -1104 1474
445 -658 -1023 1907
835 1002 1190 1413
948 29 1366 653
486 1021 -1393 866
1493 -1941 -1218 1037
947 1310 1249 528
1426 -1181 -1272 92
1548 183 -1054 1273
1116 365 403 978
1682 682 454 1702
1699 544 -563 1993
599 953 -1717 1984
1594 371 1938 633
459 -1772 1038 1377
1695 -725 -1946 1403
1007 -1307 1047 672
54 -1969 1396 1978
1556 -1527 -1267 1671
126 -1945 1163 1964
971 450 -543 1744
1672 1409 -1507 124
597 -1155 -1731 338
134 932 1870 1507
1396 -415 1587 791
1801 -521 911 857
135 773 -1609 825
66 1640 1008 1688
465 1037 1555 799
1681 779 559 1464
1970 1943 210 1491
1832 -276 -1949 995
827 -856 964 415
1863 63 -1006 593
317 558 943 1290
880 111 -1465 812
1545 927 1514 1055
1268 1933 -313 1420
1681 292 1304 149
1652 1007 1614 1051
548 1976 -1642 1030
336 1933 -1447 482
1701 896 -1662 1964
1993 530 744 1944
980 -226 1780 1726
1058 901 801 73
242 -1260 1335 1911
265 -1683 -504 716
1440 697 -434 1102
1826 -1623 -1210 1290
479 15 -1599 526
1116 230 292 989
337 1158 37 14
1817 757 -1401 957
1989 -1922 -1604 1785
634 276 -1149 1348
1054 1106 -517 1639
1919 1225 1356 1115
1820 -1325 -460 1872
1018 -1526 122 810
336 224 -1148 1247
75 -1015 -822 1978
1931 -1186 1512 267
228 1174 769 437
702 121 -1064 511
422 173 -1537 708
1595 -1469 -1499 963
513 1010 865 159
833 -1543 -351 1823
1031 1403 -409 1935
1603 1253 -433 1102
89 211 -259 1582
1553 1530 -328 1896
999 1062 1222 85
876 -1978 -1195 1189
1059 -58 -359 796
1317 -853 -715 352
1438 1315 -1959 1389
157 1373 519 1329
1144 -215 -724 1776
1814 1631 293 1393
387 -1831 1604 911
79 428 -652 1912
799 -469 -567 322
331 -1338 -367 929
238 910 1867 674
330 -840 -1365 212
1153 -1745 -60 778
1148 -1010 -1288 1066
1816 1931 -1175 1744
1541 1155 1271 428
1525 -1095 989 943
323 -1449 -60 643
1529 478 631 1696
104 -262 -1832 1207
1092 -1767 -1140 763
1462 943 -1951 1491
1832 179 -1697 1066
748 -445 -873 1391
470 96 906 1622
525 -933 660 1540
622 308 1457 294
233 295 1244 619
514 -93 -1022 582
865 910 -1629 157
1283 -316 1317 221
694 1097 -1668 915
97 -1431 -1353 724
442 957 -899 86
1566 -523 -1734 389
236 693 1381 479
650 351 -403 728
1759 -1478 1383 1655
1191 -1685 -93 1831
1187 -583 1295 1655
1462 1301 -619 1850
1593 -1916 1296 264
1079 -219 1542 603
1890 -1821 -1358 1635
1116 627 -700 819
95 -504 1835 417
182 584 1997 426
1201 923 1744 1371
1653 -225 -912 345
138 1900 -681 1898
1867 1533 1997 1226
1977 1699 -527 232
9 1903 1728 294
17 -1956 -1605 92
943 -479 1320 1717
962 -1722 -124 1120
79 -1049 1134 416
1469 -1648 1125 1997
1849 -20 -1812 1041
963 1328 -8 92
1423 -1419 1738 1969
1014 -1527 748 790
562 1076 625 1608
373 1677 1505 597
306 -1457 646 1488
723 1564 1194 224
1346 1902 1474 497
95 1445 -885 545
1168 -1747 929 1380
364 128 305 1841
1920 1063 161 1235
1498 264 -22 1082
1457 1847 -1269 807
250 -1924 1899 1987
100 523 -1510 72
894 -550 1630 1270
1723 363 -546 1920
1957 -480 845 1389
1447 384 1640 231
1362 44 1700 1727
793 -695 371 535
1221 -1265 1221 982
1329 1740 -469 968
750 358 -782 940
945 -1360 750 564
1008 -1015 -551 1560
601 -840 -273 1923
1628 1456 -208 1844
187 837 582 655
1313 -1284 -1950 1994
728 231 -1906 352
97 270 212 929
1057 401 -1471 384
1182 -1392 -14 1364
1094 -238 -830 519
1256 1632 -813 1930
1256 653 1384 1791
1023 340 866 750
442 860 -661 1409
614 -1849 -433 119
842 861 -593 1877
1582 -239 -16 880
860 -227 1587 372
86 -1820 936 128
671 1078 -956 344
768 675 -1042 706
437 -407 1877 1177
1582 -1949 305 1837
287 632 -1538 833
352 -394 -785 1500
861 -196 1871 1465
1990 352 -884 1335
657 13 1546 777
531 1890 -1495 1862
395 -1369 1664 1226
136 335 -1293 1124
93 1391 -1455 406
180 1995 -1967 1784
1352 1489 1805 214
1529 -757 -1894 1117
108 -631 240 226
409 -836 1056 443
171 968 606 915
1123 1523 -1963 1834
1782 -210 -1809 83
250 -1367 -1816 1349
525 405 749 1403
542 -1936 -611 1444
1282 1812 -415 1699
384 -1264 -307 1824
710 -597 1026 1653
226 -1914 -596 833
89 1070 1002 1977
515 -1855 1557 1874
1421 397 87 200
1542 1068 1726 555
578 -308 -739 749
1450 50 -1291 1893
1354 -207 1557 302
962 1759 -1856 1544
1062 -144 -1616 1750
398 335 392 1327
134 140 -1208 1630
399 -1152 -25 194
1708 725 684 1326
1750 -547 -445 1562
361 1810 -684 800
1205 -1640 -860 1216
1549 411 1816 1628
75 -1798 -104 1757
666 276 804 156
1675 1159 747 170
1105 378 -1625 1592
1797 1272 -1957 1232
1074 152 1916 74
810 -1357 1698 216
239 1584 -1621 1755
491 -1627 764 1802
473 -375 -927 1938
9 -607 -1740 17
1216 -1372 1695 1547
1509 896 1094 1701
1558 1595 521 349
65 1948 -872 831
971 -1197 810 449
1356 1954 -1459 1688
785 395 -6 1873
1833 -703 590 1929
745 -543 1957 1061
264 1371 1210 1868
387 87 -279 903
762 1467 -636 1816
961 -1036 382 1360
1072 -1249 157 1303
388 930 1063 1464
1436 58 -1176 322
1004 -1292 -986 1656
1085 992 -163 130
331 -1584 697 1610
598 -1346 438 256
1250 -732 -1683 471
679 -445 1850 885
1409 -840 -1051 855
768 -1667 -1058 1594
298 1158 -1111 227
245 1310 1065 1000
557 -1943 -449 1285
1556 170 1417 265
1260 1649 -1680 1190
255 -1850 -1587 1668
1848 -1248 1732 30
1240 -1196 -1092 1763
465 -128 737 1222
894 -1886 -1570 303
1866 -216 -196 1209
1684 -463 -111 98
945 903 -1307 1949
1018 -156 -976 1155
1978 -1795 1579 413
1585 673 -203 316
1252 -1040 586 1730
1930 2 662 902
1872 -1787 -33 100
870 -1807 -1364 1563
320 -783 943 813
1287 -1529 298 674
1781 -1439 -851 1285
348 -39 1784 1109
1760 -429 -1550 1542
376 -1309 -1547 942
849 -1719 1504 552
891 832 -113 340
1514 -1440 290 533
1958 440 1339 401
267 1396 -716 741
826 1301 -240 1519
1750 -393 1457 354
1592 1408 564 949
1212 295 232 324
1394 -1274 -1527 814
782 1830 1423 1333
1783 74 -1026 1505
140 -1352 -984 301
1866 -1023 -202 329
1591 -1922 425 662
1275 375 -1481 429
1506 1824 957 1881
1659 -1596 -343 232
1596 1554 1468 1117
107 -1189 -1633 977
822 815 -248 1262
172 1217 -911 419
802 -1068 1709 1059
96 276 -1516 1957
1441 433 -668 1221
118 -278 1548 1314
324 -1758 1557 1246
993 -1522 1547 849
123 1242 -957 983
545 1987 -1501 1629
1000 476 1056 680
1879 -788 -624 1918
1867 1798 -1566 1466
996 714 1493 1740
214 -1276 635 1543
1705 659 1772 1266
426 220 1469 8
456 -1834 1281 55
1079 -1482 140 501
480 -461 -191 918
335 -1605 -1203 7
212 841 1529 1927
1203 163 985 504
116 -1600 976 147
131 -941 562 1153
1121 -995 1679 690
753 1086 -590 282
1308 1137 975 1567
990 -1175 -1910 1373
1686 -1122 418 1554
1914 -599 -1546 226
289 -234 -395 1139
647 -1637 1365 722
28 -74 723 1037
1141 1602 941 679
74 -738 1920 1912
742 -658 -1917 1450
1371 -1865 1604 573
987 -543 -758 323
272 1390 -1677 1189
1124 -150 1182 1804
1962 -343 -696 553
1075 -794 1980 1261
1658 505 -1468 785
361 1875 787 240
609 90 54 1016
1990 879 1481 1101
1825 1496 -137 246
380 1876 1343 286
1177 -1063 -1079 1092
460 1292 -332 91
764 -181 428 827
1110 907 1210 286
1546 -1044 -978 52
924 -1566 946 1503
1748 814 1922 1032
1871 87 -1051 1256
1211 184 1761 1872
95 1286 778 1138
481 616 1192 597
1134 251 1032 1733
1269 -209 -1553 1424
524 398 1645 1002
170 -186 697 1770
1083 -1707 591 1307
1728 -1056 -1812 988
1788 -1339 468 144
120 347 -1824 1711
1167 1923 -679 147
531 282 580 1164
870 433 -1013 653
1138 1222 1699 956
466 -96 136 1366
646 882 -1265 728
1379 -650 587 295
1745 -498 -1425 1433
1019 -192 -1932 1834
1170 -1263 -1768 184
427 -1702 120 919
124 -1712 -1279 1119
1939 1447 1071 521
31 -1088 975 1957
1221 1287 621 1302
780 1566 585 532
737 -668 1512 1113
1748 -1765 589 1253
1945 441 1466 1995
585 -464 938 1185
206 -1532 1898 660
522 -1668 -1967 1233
209 1018 1874 269
1482 -773 -1067 1471
1698 1400 1810 496
952 1072 -1653 210
1426 -296 1545 406
1047 -168 1091 1284
1396 -1122 1745 1415
1431 1063 1024 1294
1111 54 -151 1565
1849 478 -463 474
780 110 1409 176
463 1310 -1541 1295
581 -571 -82 42
648 707 1974 1431
227 1628 1284 643
199 -1161 328 1500
1607 -704 1578 1493
1644 -356 1759 949
177 -379 389 1032
1431 -807 -337 252
1635 -493 -1601 598
427 652 229 1099
1213 -871 -887 1431
633 1824 -1185 1337
1329 1940 65 725
1280 658 -1408 1777
1584 47 832 1096
1858 -312 750 1866
1147 1742 1230 1226
129 1936 -233 1519
354 722 1499 739
1117 -23 634 983
1990 1921 -1268 237
1255 454 -550 909
26 -436 -190 1088
256 48 -1023 1016
893 -958 -713 1158
1849 -1713 -877 1155
1712 1084 1945 24
1827 1045 1678 1509
1813 1864 856 1566
319 -48 73 1945
1069 1564 -205 1041
767 -868 -503 598
745 1956 -1796 1723
1507 1613 -1901 1351
745 -1469 -1335 580
331 1522 -1171 787
1311 -1546 836 790
1626 737 -1867 981
1659 -1202 -1895 1594
849 -987 1231 1301
111 872 -499 1848
991 -1611 -1236 715
1228 1391 -1288 57
1430 1734 1086 1698
530 -750 1456 1416
1912 -1527 -564 898
739 1809 422 1355
708 -1134 -1091 467
208 -1530 649 93
1533 -1443 -450 960
233 -1570 1584 1783
451 980 1908 241
1808 -385 -1356 305
839 335 831 1134
1334 1833 -442 1956
459 -1894 -1474 1970
235 1695 696 11
494 741 86 741
1425 -1864 404 1932
355 -1269 -1639 576
776 1315 500 1314
1321 276 710 651
1666 1475 -1415 1750
1171 -37 -810 1873
1456 -1389 -1032 656
337 1320 217 1674
1682 -923 740 394
100 -1454 919 223
746 -1214 1436 1212
461 457 1707 185
1129 399 1107 1024
318 -777 477 561
575 783 591 654
1142 -1172 -520 208
606 130 1981 1296
552 1527 -1515 270
1879 294 1448 318
308 1666 291 1270
1578 -245 615 1154
315 1197 -1437 880
281 -408 519 1076
1070 161 1161 613
229 -147 -783 94
254 -1551 1983 1086
1390 1490 -1159 1961
1532 1346 156 436
294 -1918 -1324 844
842 -541 -1531 1616
1757 -1747 1117 179
647 123 -162 1643
389 1709 821 997
342 -713 -838 1054
1007 -1795 -181 1515
1223 1590 -1619 770
155 -90 397 1487
1355 -1397 272 1344
1035 -750 91 921
1795 1348 -1590 1041
32 -451 -443 755
1985 -1335 1086 799
218 587 -1720 214
1156 453 1962 1857
1771 313 519 378
735 1739 590 481
1076 879 214 1816
1650 1208 529 744
1397 91 204 362
1662 -1187 -352 927
640 -319 585 1865
724 1593 650 1055
1861 -1564 -1420 1357
501 -1557 93 1297
1318 796 -1471 1040
1490 299 -1663 367
628 -1366 -118 202
829 -1450 -1194 1120
368 -1691 -479 1268
1509 -1530 339 1582
1162 261 1824 1512
1405 -1118 330 434
627 126 -52 1327
1525 -1363 -1735 758
398 -342 -1545 673
942 566 1969 1329
1290 -346 -945 408
233 1990 -1303 1821
776 1493 503 1404
359 -1094 -432 1923
1530 -1591 -656 1223
602 1756 -230 1181
737 -1100 548 209
705 -24 1 194
30 -110 820 132
831 -1221 -448 1244
1089 714 -168 1176
628 -428 -93 37
268 68 675 727
481 -1787 -1664 292
1439 1627 -1643 329
1111 347 1726 612
1468 -1268 255 776
887 -1786 -919 812
68 1709 -1430 684
67 -1974 -1814 247
664 -1689 1550 1103
522 -693 -1278 732
1176 -1445 -1741 537
1471 1329 324 1493
629 1995 -1172 1556
1522 669 1461 1644
1282 1361 -1244 1592
356 1725 -1184 728
1550 -506 1320 543
1734 -1383 1822 436
330 -319 -1562 322
1977 -324 -107 199
1832 -1832 -1562 1049
1487 -4 -1084 1196
1513 1189 1119 445
647 517 -1745 1531
942 781 1711 1880
788 -1324 44 140
1351 -1202 304 754
1382 386 1476 906
134 1242 -1745 1941
1246 -680 -1712 1276
299 1247 -1332 1770
1421 -1006 949 1629
1000 1931 1265 1481
420 303 -606 965
206 467 1241 1803
53 1430 1428 44
429 -1409 1984 1242
335 -1979 -1703 1229
1751 -47 998 575
1829 -904 378 1488
1453 128 -122 1762
183 -1476 1362 797
927 148 -303 1853
1638 -790 1048 1695
1855 1737 730 1496
1587 -1374 86 446
430 805 -340 652
1647 -1637 -1611 1315
428 -1898 -1157 387
1612 732 -911 998
987 1769 -1779 1574
1321 552 -465 1250
827 581 -660 1053
1401 1511 -490 1439
1870 -1836 1116 610
636 930 1783 182
1205 -577 496 1645
1731 -1152 1808 1119
768 -1960 -1018 472
511 -893 851 789
609 1921 -194 1611
1553 -280 -317 768
153 1025 -536 1888
1594 939 1783 1193
376 -323 -1421 1151
268 -301 -1202 1881
1840 709 -1415 930
358 363 -1960 489
482 -1885 -1180 1057
1323 -1723 -271 1986
1982 -429 -1291 390
667 -183 907 461
1798 -468 -1191 777
391 -926 -1547 1139
1995 -568 -186 228
496 1397 1815 141
685 1706 203 1535
1320 -104 404 228
174 1199 1320 340
14 247 -1051 753
606 1364 -1101 1548
85 -400 972 1741
1375 -824 -311 1263
1997 847 -1961 401
1490 1292 -1352 1958
1015 932 -153 342
631 -210 1845 203
164 1749 -20 1589
512 -283 -1241 278
1957 1087 1045 1959
1822 1141 291 1601
683 -1118 -1853 501
1857 579 1444 533
776 -436 1839 1432
1307 -1196 194 1002
603 1134 -1524 1657
989 1406 1800 1625
23 -459 1594 1473
1431 1069 1020 108
588 -398 -447 1481
907 662 982 1276
779 -545 1700 1867
201 55 -284 1617
1285 227 1750 1950
723 -1724 142 500
28 1298 2000 1148
602 -1362 500 928
63 794 -869 894
1951 -1052 1057 763
385 1325 1627 1757
1970 1435 -164 1920
1041 -394 1436 1411
1604 -1962 -117 968
1810 1682 472 1607
1912 1783 343 923
500 1512 -894 499
621 1665 -103 1027
1049 362 -383 1969
804 -227 1773 1496
240 -1539 -1404 1976
1967 454 -1591 660
283 599 1680 946
479 1784 -146 847
332 796 -224 377
1093 -1649 867 579
1715 -910 553 628
161 384 -251 1224
1648 1261 1537 317
1141 842 1735 1576
1015 -1838 1792 590
657 670 466 59
422 -862 -1645 814
1271 -668 -1106 1067
543 1199 107 1975
1272 -975 -677 192
259 805 1802 1971
1909 876 -1791 548
84 -1856 110 169
334 -1898 -972 1167
1362 1145 1650 1940
1156 26 -460 1339
126 -409 -625 331
10 -1554 1200 144
9 1668 687 489
207 -1946 -1182 440
436 777 832 1445
1012 -1066 -856 348
1264 -254 557 154
331 -937 708 979
1534 -1604 -1523 1423
949 309 1419 425
1504 -263 -346 943
1843 -1359 183 325
326 667 963 1714
1637 -425 -212 672
1121 -12 1534 1248
1389 283 744 1556
1729 1117 -25 1524
811 1102 914 42
330 253 -842 357
577 1813 -1469 1994
154 1170 888 222
1504 -995 986 1853
1939 224 1290 455
328 -1731 -814 1453
359 1684 1564 1304
1035 -1083 -7 1155
758 654 -1059 1708
58 -789 806 1991
1920 -147 -123 1387
373 294 -1418 1746
1672 1262 -1952 925
1486 17 -1917 1791
558 1033 -846 1421
1078 387 -887 996
1028 -310 1764 515
1053 -597 -1506 1996
1961 1062 -1921 1736
629 -1963 850 656
384 725 -1918 836
1518 -1433 1982 648
72 -1948 482 1170
282 -98 -1150 1726
1428 450 1555 1418
1914 1760 -1758 1578
196 -1218 -625 1829
1022 118 -1920 614
41 -905 1687 1420
1816 1936 362 74
580 -242 331 648
1289 1836 -570 1584
1991 499 1535 1329
1921 1101 1998 1232
1409 1403 -1263 1858
370 -1420 -349 308
1829 -1955 -294 1011
1677 360 945 1764
1843 -715 1936 1773
322 999 1380 474
1452 69 651 1385
1955 1384 -1881 190
1489 1624 -920 448
1073 1465 -452 1914
467 617 1871 203
1292 1059 1487 182
787 -1259 1444 1459
1622 -1375 -1125 1436
1907 3 -1873 337
1759 851 719 1029
1842 -1874 -522 654
281 217 864 1224
1315 1519 -999 211
1317 -965 969 1313
1622 -1840 1256 841
1651 -1781 -1496 295
860 1515 443 409
1541 194 1607 291
550 521 -1557 716
1308 759 -1184 671
422 -85 -151 1115
1496 209 -1808 1060
1979 -322 -298 143
443 1000 1821 1930
968 -2000 -1628 1538
438 1581 -758 266
1309 -714 147 603
569 -1732 -177 1662
1083 -495 401 676
1478 -684 -1970 399
51 -1088 -1658 70
1693 -1791 1435 981
102 1220 -1463 1786
256 359 1202 969
133 -1054 1403 1305
784 -1424 -879 1797
898 -862 -211 605
622 1653 -17 946
1580 -250 252 1277
1882 -1427 501 936
918 -1960 -720 1731
901 549 -721 1057
1312 -1028 -746 1320
226 -888 1021 853
1163 -1902 -1391 1846
720 80 -1803 990
472 -1350 1463 804
1856 -1906 511 324
1240 -631 -1053 540
1092 656 -1209 1328
1997 949 1420 1928
1773 841 -110 1309
1318 -730 994 1391
956 -766 -498 1025
934 1548 1037 187
641 727 1785 1608
429 925 703 198
302 -161 860 1768
1628 1772 1381 1287
1203 279 -705 317
1588 409 1654 296
723 633 -1028 1949
1606 -1928 1868 243
76 -492 -945 1188
1460 -1643 1488 239
130 865 -1409 1241
285 -1937 1181 311
228 1547 1123 965
1108 -1047 -266 66
579 -1282 679 994
1881 422 1280 1275
530 1889 711 664
1293 -1342 -128 1097
128 1423 -1801 561
33 1690 692 951
622 1020 376 1909
86 -1272 1288 428
1358 671 1791 206
1870 -730 1768 707
145 -87 188 261
904 1960 -1062 819
1880 1865 1643 1202
55 675 207 1271
1075 -195 -249 1870
811 -1709 1269 1655
964 1622 748 1827
885 -844 666 1899
379 -1092 -631 122
1942 1660 -223 782
1290 -1162 -1968 1995
1343 -962 341 1975
818 1762 -1815 607
1154 1781 -1783 673
771 1663 864 192
1742 50 1203 1716
1295 -1841 112 1559
1366 -748 1731 312
1527 204 1195 60
1146 -750 -1271 1784
715 -1817 -1386 1704
299 -1428 -1979 764
1069 476 540 1765
1594 -1938 -606 1533
1838 -331 1757 1916
936 1571 1490 851
334 -111 -1021 357
263 1533 257 1913
1535 -1039 1166 1562
6 354 -1672 1479
145 -263 935 243
712 -1285 -1198 1126
198 303 -948 1850
797 -249 62 1166
1167 -57 426 1223
1910 -1120 438 986
1260 1236 86 1636
324 1565 -362 162
815 1898 1499 585
600 446 1722 1999
169 1542 1084 912
1027 1045 -571 1546
506 35 -1186 401
1735 -1318 1706 316
1732 -798 -1386 1894
691 722 -705 1582
728 288 -1961 1479
1994 1482 1939 1993
678 1274 1204 1182
268 -1634 -730 1141
1072 1261 -1049 67
1338 542 976 1789
55 1968 1106 1184
165 -1969 -967 1817
1739 -1450 -99 77
1631 -408 -306 1234
942 -20 -577 452
919 -337 -1881 1857
1296 -612 1358 525
304 -545 579 1343
1827 438 -1227 562
1786 535 322 693
216 -468 -1693 1324
1334 -137 845 1420
175 802 -765 211
117 1578 -660 1694
42 1163 945 1520
1848 1748 825 1778
1834 888 -397 381
1792 -1730 -1002 754
1119 1420 -164 1379
1375 -1880 -67 471
1243 -620 -1565 666
692 892 1922 1194
1071 -337 1782 1051
18 639 1652 308
91 -1441 -284 1904
201 -52 1853 846
369 -602 647 1762
1898 742 -371 241
1249 1087 -162 281
486 713 1168 1911
13 1289 -1026 1598
1823 107 1863 919
598 195 1095 635
1572 -472 46 91
1645 736 -861 809
248 -237 1551 812
1042 -901 382 1968
1274 -1927 538 979
1046 1964 1406 378
621 501 -1147 1754
1612 1424 -876 751
1457 837 1093 408
1971 -1695 185 1400
1544 -210 816 695
236 936 -1118 1536
1105 936 323 513
1642 -1624 -781 1277
1518 888 -1160 1677
1019 760 -1323 1627
193 -68 -1549 1973
435 -1753 201 1360
522 215 8 307
1249 -717 1637 1032
1370 -502 600 750
311 373 884 985
1986 1896 -979 1648
533 773 293 1279
1411 -608 121 275
670 -555 70 1152
974 1242 509 894
736 1077 854 1112
1956 1212 -626 1628
255 -1638 -546 1421
183 1195 -1977 1412
1434 1944 -1545 1467
695 609 1262 1185
1314 -415 -536 873
1093 -1731 1816 1514
26 1313 1979 1648
514 -534 -1183 1418
193 -502 1 986
351 -343 1379 1224
648 -1021 -888 479
509 545 -1167 351
1665 -1656 -1380 729
173 425 33 1606
1421 39 -632 1089
1633 1760 -1878 1544
1053 694 -519 1567
1913 454 327 1052
705 881 -869 1372
1942 1992 -1115 861
331 -188 444 114
73 -226 -394 1251
1371 -487 1182 1018
211 1526 -1436 278
1875 1091 -594 76
1781 895 -1954 961
36 1006 -870 625
1840 -1290 -1656 1323
1950 103 -1561 275
1862 1159 1172 1599
1939 1055 963 827
1287 371 1216 1685
612 1715 863 1297
483 -767 706 1973
1281 -1928 801 1022
845 -404 -977 122
1836 1640 700 588
1957 775 1081 332
1238 1658 -1303 1588
509 1331 -538 996
1087 -1450 254 750
788 1184 693 1994
153 -1000 1344 660
1277 1490 1575 1289
1492 1613 -1241 846
1719 -129 -1366 457
1506 534 -1243 1926
1445 -498 -1235 195
980 1270 177 1508
39 558 -1041 640
266 -1188 851 1074
1358 56 -1099 312
102 346 -975 1912
1003 105 -416 1270
1801 586 885 1263
1296 198 173 1218
1411 1664 -1308 850
220 -413 1591 901
1558 1724 1652 1064
1922 1029 967 504
579 1183 -1986 1018
1682 1566 1643 20
1578 503 -505 1634
1197 -220 685 306
477 -1879 -1683 248
564 755 -1261 1211
589 1502 944 1062
456 974 -1903 488
1594 1880 -1966 1284
1754 -1007 -1873 274
1494 -1252 -1518 1964
1004 110 1340 866
1665 275 1613 1430
573 1505 939 577
1229 1179 -203 524
1056 1754 -886 72
923 1716 -432 1703
1029 -1249 1872 240
1003 -772 1593 783
1197 94 122 786
191 -627 -1856 1213
441 -792 -256 599
744 324 -728 843
1627 546 -1547 1736
390 -1221 1204 1553
1298 -229 -1540 1054
459 -1627 767 1689
417 -942 -1286 898
712 -1038 -77 1052
1256 -367 1947 1117
1165 1792 748 1586
1688 1156 551 1497
1052 -220 -558 1765
466 -187 -1872 1117
661 -2 -1847 1373
375 1552 -1557 371
42 -1818 1290 1299
472 1015 -352 532
1868 833 -1674 1441
807 179 -1749 761
1340 -194 -187 1776
227 1184 -841 12
1786 -189 -799 1192
719 1646 -1314 1812
327 -1044 -26 1427
27 62 -574 763
1398 218 -984 1561
888 -1360 191 1690
1846 298 1466 1763
1879 442 28 1979
88 372 1503 748
201 1302 1234 1237
1663 1569 -1418 1930
1024 -797 -160 34
409 -429 325 1896
731 -493 -1545 124
1834 -1694 -970 735
1069 1745 -616 1818
1681 -640 59 1655
1558 -745 131 1926
1552 1779 475 1130
151 1490 -1569 698
1159 165 -1357 896
1169 -842 -1399 61
1273 -582 609 1667
838 -1764 -736 1946
1380 847 542 1388
1829 -1230 -643 1992
188 -95 1503 706
209 835 -287 418
96 228 -1694 1057
585 -1825 69 815
1809 -1739 -1937 240
320 -599 -1249 393
1074 -357 -891 360
406 -1268 1737 1002
834 -91 -1146 899
1020 494 -1504 1497
1378 -444 201 1993
1188 -42 850 209
1140 780 -1393 564
813 -1806 -606 1354
1673 -1434 806 829
426 1589 -84 252
242 -896 433 843
794 1985 814 706
447 -291 -1473 1562
1712 120 -1319 1747
1826 1752 -1365 865
1948 -891 306 1930
1627 0 -1835 969
271 7 -1808 1775
140 -967 -975 508
1258 530 -719 1930
1414 -547 -476 355
1919 1393 464 1990
937 -950 283 1590
29 -186 152 1210
551 -402 1784 1279
839 -1960 349 561
273 1162 -465 22
1885 -101 1582 1267
663 -1693 -1987 1604
336 -1120 204 1817
1403 -1224 -892 691
849 1247 -466 363
1598 -916 -1294 172
1745 1919 1488 500
192 -280 -1459 39
1298 -397 -1592 1708
1523 1238 619 1294
1107 702 -784 1756
1703 -1303 1929 1753
23 -455 -1060 1596
1518 -1572 1051 1265
1454 -753 1219 343
1497 -119 -677 1649
1337 -826 1525 1013
712 1740 744 783
329 -1090 1364 175
781 -192 -1554 183
991 1752 128 1086
73 785 -1262 991
876 241 -41 1179
700 1504 669 1827
482 -1355 586 543
1640 -1333 515 1049
592 1652 1070 562
1454 1916 334 253
1673 1262 -1532 1663
846 -1365 1047 1541
1389 -167 1048 1998
554 -1925 -567 253
509 282 -1117 344
1827 -1558 -1008 1708
1003 -1130 163 1990
713 -1025 -1222 427
1190 -1205 1735 1121
750 -309 -1475 36
816 -434 -1522 514
1698 898 -980 287
1755 -508 -1684 1570
39 1870 1152 1046
1271 1696 1115 730
910 -991 1212 514
437 1594 -577 1027
1927 -331 1545 714
118 1629 1830 342
148 -154 1699 650
1131 -1142 -975 1388
646 -411 -816 1641
853 890 -1554 350
1821 1654 -1461 1488
1398 1777 554 502
923 856 244 57
557 -1265 -1037 1675
161 -1696 1263 621
493 926 1606 471
1647 872 -691 36
38 -1840 295 1603
711 783 -844 679
969 721 -1324 1912
281 376 1695 832
1559 -1077 499 991
583 -677 1631 1992
1442 -435 -1929 546
1442 -1901 737 1191
793 324 -332 1496
1611 1358 310 199
1599 -8 412 587
402 1739 -83 864
1635 1538 -177 548
1016 940 1718 347
1560 578 -428 1357
816 -1797 -1989 1123
1838 1087 24 1053
1177 -933 -268 974
1159 466 1602 78
1652 347 -1317 183
530 -1514 492 841
1444 736 1967 487
225 15 766 424
871 716 858 1574
1414 -226 -451 1410
817 52 1860 1054
657 -411 -116 1521
401 -1966 -105 327
1267 1739 1996 655
1161 -1205 1180 619
109 1196 -1583 1955
1449 1532 -819 578
512 -525 1776 616
1124 1855 385 262
669 1646 1388 533
1224 601 -401 815
1813 1067 1165 948
105 -417 530 103
858 -29 335 1631
134 -579 -1199 1607
812 -1880 1511 1517
720 -995 731 102
1932 1680 -1130 825
922 -1031 258 1952
1323 118 -428 1690
1859 -1842 -1667 1148
122 1217 988 1083
1388 1403 85 179
442 -1900 -94 579
1671 -490 -745 79
508 1816 -727 1165
1781 892 446 1768
1986 1985 -1850 673
1479 1336 -1573 616
76 -48 -1426 935
509 1144 1807 1528
1867 1732 1937 90
1769 1141 1359 1504
720 -1789 -29 1441
747 680 -1244 1433
12 702 -295 1799
485 -101 391 925
448 -992 -947 788
984 -1658 767 501
893 475 -400 1152
1204 188 -1249 1801
1173 1621 -686 534
1659 -446 1292 290
1400 101 1959 1662
1726 221 1994 522
806 -1169 -781 1664
717 1581 -1276 618
1138 -1157 -1313 1799
1370 -1333 -566 1898
1660 219 -1505 1003
998 -512 282 1124
310 -304 -930 1460
1105 671 511 1968
239 -1855 -1843 1149
1533 318 1379 168
1162 -851 -1442 1246
1114 1760 1536 116
1574 1219 59 1552
1482 -632 573 557
1078 621 -1435 1132
798 6 712 1230
714 1796 -1365 202
230 1000 -1627 1661
275 1632 -1351 1301
1492 -242 460 1398
1730 994 -1098 1557
1225 226 -720 255
1209 758 822 1443
1493 -1978 408 676
919 477 -1782 552
266 1797 -978 1163
143 -955 -1526 1725
953 1944 1125 1552
513 -18 -70 827
482 -1112 -1792 1385
990 -618 1213 539
1975 -134 1351 450
839 -487 -605 1094
1177 -932 -1579 1394
925 343 -764 197
