2000
695 -891 1887 885
1139 1094 679 466
1890 263 1474 353
1271 -307 -48 1964
1866 -1997 -239 1969
1381 -360 189 227
376 -249 985 1287
293 560 -1491 1496
1892 1576 1837 596
1921 1615 714 1245
153 -626 -161 473
1233 -328 -54 979
1855 -1349 1714 1703
238 -507 -829 505
127 -295 1083 607
1715 -1831 1513 83
961 -1589 721 1410
982 1890 -756 271
1792 -823 -1081 817
1747 -1422 -586 912
756 267 -1516 1484
1184 -1070 413 662
1798 884 -1036 1717
249 -531 -282 1075
1087 -1908 896 158
1124 1095 -922 55
1800 1448 -683 1958
941 1404 760 1844
1130 -1297 -184 751
618 -1677 539 378
878 282 891 1162
935 -1884 -678 1306
1373 1768 442 232
1659 1014 238 710
960 1813 -511 793
271 619 625 1150
752 -1245 1232 704
1869 149 804 67
934 1215 -81 669
605 1358 -71 919
155 -1845 -1942 752
1577 -297 -1908 1018
1704 -128 -282 859
1337 836 -491 62
1782 1855 -1898 559
935 63 -1700 1795
1406 110 1448 590
76 -248 625 1466
505 -671 189 422
208 601 659 213
192 -267 1463 1691
604 290 1953 324
172 1687 1495 1821
1482 -1881 -1614 601
550 1823 -521 1261
483 898 1475 1716
1655 -244 1576 699
1343 1850 277 198
280 -1047 -212 746
631 -820 -1902 865
51 -1659 649 1817
1669 -291 1011 469
1119 -1581 -594 1610
1074 -271 319 531
1510 845 -310 462
758 -643 -1692 1261
625 87 587 1350
1579 163 757 1316
633 -412 -1245 531
1161 -1471 909 151
472 -740 -471 1750
1513 450 1766 1081
1797 1939 543 384
1478 1580 -334 171
1722 472 -787 1473
774 -1969 461 1517
1489 -946 -1201 1036
884 -239 -59 112
641 -1878 -9 1296
1465 1873 662 1990
1076 1543 334 47
445 -115 -1169 351
4 -974 -1841 1498
1066 -570 -1881 1228
1208 280 1686 322
344 -590 -139 159
1194 1398 1751 120
1249 -825 -332 40
1732 1568 35 141
1821 931 847 1065
1645 -1884 1392 1953
646 -1065 -1181 1490
159 1087 1517 391
996 616 215 1540
164 537 760 719
257 766 1651 193
307 1737 -733 601
1254 -365 486 1113
71 -1832 758 1783
554 -1489 1250 269
87 1235 1856 250
697 -1250 870 463
1950 -719 -329 195
362 -1167 -1672 1664
1587 906 1271 1171
1958 -871 448 847
1633 1182 -1139 235
1239 1232 -1630 1232
1679 -1071 1871 60
1989 727 1762 1905
1816 -1032 1793 1926
730 -1854 271 1461
228 -1186 815 428
1487 1335 1929 1052
843 836 -1979 1565
716 460 1922 1896
104 -1835 1554 363
122 373 1397 1897
1650 221 958 1127
1283 552 -1483 736
116 -1729 931 1714
1072 1633 -866 703
1542 684 -201 861
1817 -868 -899 231
1136 -1238 1721 1065
1415 757 -364 487
1149 759 -809 1143
836 1141 1991 274
485 1376 -1232 247
281 1792 -1043 1561
752 802 -1030 1500
1502 907 1803 971
1545 -1680 -1835 869
109 -1062 -499 1548
152 193 -1916 405
1438 -393 17 554
1158 -1240 -1059 1803
250 823 1567 1752
1611 -1917 -292 1977
668 -1196 590 567
802 1862 553 960
1546 1946 940 1830
291 -199 971 1376
48 -1946 -42 120
1975 -1281 -1819 972
500 1618 1361 1470
151 527 1606 1748
1873 -1537 -1734 1080
1068 -827 1460 376
16 -1900 -977 311
334 925 1351 923
601 455 -1061 1229
136 1655 -1574 972
1318 -1056 1960 1962
1010 582 -636 413
1936 -615 -168 1087
565 140 1339 607
1182 1981 -295 750
250 325 13 211
492 -289 -415 1480
906 67 1747 218
496 -157 -202 1356
1758 -1690 932 1557
6 1300 484 509
1343 -1996 1 1444
1541 1087 449 1436
182 1042 -1216 90
854 -1918 0 681
1708 -34 488 422
1763 1188 833 581
522 1066 -173 1931
1236 377 -1551 1153
1257 919 1636 584
547 1576 350 431
50 -1865 447 879
825 1742 -806 64
366 -1429 -1095 97
1598 1866 -1550 500
1238 -737 1457 1167
539 -484 -321 140
931 -1654 1476 1609
1690 144 152 953
1935 1339 53 1666
836 1670 1838 253
1745 -626 1591 1690
1729 663 -1643 825
435 331 1692 1825
42 1135 -37 956
1646 1432 1148 905
1369 21 576 234
219 224 -1560 291
1911 -1043 464 1377
1571 -1030 -283 689
1356 165 -755 1284
784 -717 1144 18
786 52 1332 99
473 -518 215 151
1937 907 -725 736
1080 -1252 745 707
1490 1850 -1609 1563
1110 -404 1814 966
1391 1842 1852 1878
1165 -266 -1564 544
1553 1650 608 1968
1716 -630 -1674 1780
128 765 989 1885
1669 -1185 506 817
582 -1746 734 1227
1786 780 -942 1497
1867 1928 -59 1837
1898 -426 131 1437
1257 40 237 788
1151 -1383 -1100 1454
936 -600 -661 256
1395 -1147 -389 1261
1058 -1316 -1837 674
1101 -1488 688 539
1519 -1041 -553 1771
1783 -582 -1228 361
1897 3 -1991 861
1499 153 -1701 1431
72 390 -1505 377
1232 -1227 -939 1096
1030 -519 812 335
1857 -1663 1974 1979
251 -410 1636 1088
1909 -251 1886 722
1649 764 612 701
247 981 -1404 1822
945 -1907 654 1128
1694 -207 -1006 912
1379 211 -1883 1393
885 58 485 1481
1744 -364 1197 954
1731 432 1643 794
146 686 -1327 1731
1699 -1287 1460 500
1537 -1237 -1028 542
1612 -318 1434 1911
1767 1515 -520 507
89 -1040 -793 1286
1453 1397 1062 1467
1314 1394 -1257 464
1339 190 -945 448
1231 -401 886 615
1418 1518 -1076 522
1275 -1980 1670 1325
1012 954 435 1770
1293 349 1992 1953
546 1310 -366 738
1360 1889 -471 661
572 -1416 1516 1250
1420 -1232 -601 1913
939 233 -1099 92
233 -1567 -1863 112
777 1179 267 1744
834 -336 268 634
1983 429 321 1823
1007 -539 405 1927
1333 -1047 -1970 1323
825 -1667 185 570
1509 -1620 854 1076
616 1209 666 1698
1191 -961 1437 428
951 512 -247 1569
1300 -1565 199 179
1326 467 -728 40
615 -1693 1069 570
1174 -643 -1572 616
566 1132 -887 1779
1159 48 927 978
236 -1651 478 334
348 -1999 -262 1046
898 57 -507 1693
461 1710 1957 1735
1040 1326 -772 1104
1091 1545 -1624 869
1264 1655 -1510 1960
1159 375 1969 192
1690 -181 287 759
1826 449 894 634
1800 1814 -666 1117
141 1824 741 1620
226 -1592 444 1851
625 254 -212 335
1426 -1814 1461 1427
1606 343 -590 60
241 -459 -1311 965
967 931 -1259 76
566 -1660 -278 915
1804 1615 1047 1024
1357 -805 -983 1069
62 -1697 1632 505
781 120 150 821
1654 200 -1624 1095
1231 -1657 633 890
1981 988 1316 109
1053 -1189 1835 1008
1580 -650 76 1898
943 265 1069 629
972 581 -1071 1088
1007 136 1344 1468
1479 726 -781 1632
86 100 -1295 598
788 -500 -721 475
1756 -1496 371 450
301 18 -1656 834
1114 543 1791 868
1675 -80 536 1254
26 1661 729 26
343 -1775 -227 1959
901 -202 305 1079
106 1285 1625 264
1523 57 1926 1179
381 -279 1542 600
301 1006 717 920
233 1286 -1207 618
1213 1955 1175 1102
680 120 990 909
1068 -1612 -844 383
417 290 313 1843
322 1346 -862 1115
782 1527 922 1645
1976 1627 -1849 931
392 1294 1663 620
1721 1602 986 1193
536 -1663 -619 1040
1067 -1657 -675 1789
1112 -339 1234 1548
1449 -297 1520 64
927 1730 -1410 1360
1276 1962 758 1524
1287 -388 1652 812
1148 682 -1066 1881
250 -504 1946 66
323 1194 -1362 1233
1583 -500 -1867 852
1001 -1764 1460 636
880 751 1180 929
312 -1252 -717 1276
1575 -97 1707 539
1528 1288 1930 1680
75 1654 -1762 1587
931 1477 -1369 1468
1878 -1779 1853 153
1473 -1356 -628 270
82 650 1674 1520
716 -798 -1644 1017
1078 478 437 664
1628 -1486 1527 1870
1453 -770 381 385
603 1915 -1616 956
846 -1403 1008 733
1393 1394 -291 1734
740 -1766 228 270
1832 117 1957 477
614 1955 -1060 67
1289 700 1094 289
1823 1011 -256 318
411 1331 1013 1811
1062 -423 1625 592
1658 -1928 1779 5
406 1360 -1116 1337
1613 876 1649 39
1862 85 -1881 556
1597 -230 1811 491
1345 1540 1721 905
676 -1999 -1029 112
1134 1723 -796 1360
939 1960 1406 778
1640 789 1068 1172
106 -1668 -347 311
1223 103 741 212
938 -705 -1793 235
1203 -1170 -1071 434
1589 1151 637 804
407 -1861 -1063 447
292 -1341 -1787 1653
1402 1172 662 1868
1583 -1784 196 718
695 -709 -1015 826
815 338 -92 1681
358 470 704 1673
350 1186 953 1854
879 -266 1165 1276
1749 -888 -1755 1478
1421 1865 -1497 210
812 1170 -1071 683
648 -994 -1128 206
845 1331 -409 1885
1497 517 628 1807
1920 -342 -498 1294
1400 -968 1181 823
1918 -138 -320 686
1296 413 1032 1271
1745 -654 -1977 814
1497 -739 1171 1008
1298 73 -190 1008
1036 286 837 1859
1497 944 684 868
1714 -1453 105 1969
848 131 -1622 1259
596 -1695 960 1306
1087 -681 -464 279
346 -306 -1301 401
288 -759 -1796 121
1823 1053 -307 1109
1659 1324 1184 896
267 -151 148 1112
1210 1318 -1009 1440
1383 1339 1210 1004
1381 1531 -793 1495
924 374 -1887 304
246 -1613 257 72
179 -1185 1988 982
1781 -45 -629 1939
277 141 -420 1967
1564 -1222 -1813 250
299 1194 873 27
948 -1404 -819 861
1246 1567 -1870 1661
1044 -1399 1413 445
775 533 795 1748
792 184 -778 172
191 -268 -1493 1715
1687 -749 -1988 1018
47 1846 1135 1113
26 -26 -1551 953
1440 92 -1625 472
651 -639 -650 1881
811 1560 564 49
371 170 -1779 1979
505 -1682 -1021 645
1273 -212 214 769
1363 1669 1533 165
633 -355 -1173 1035
1330 388 -309 1074
1850 1511 1637 1787
15 -106 -709 1725
1141 -1891 -602 257
451 1601 1080 1494
1636 -1938 -1279 1310
200 -1869 -1799 31
1200 1662 -504 1652
709 825 -265 666
321 -667 1245 83
52 1033 1116 1206
849 929 -926 877
1070 752 156 325
24 591 -1748 962
1692 15 1655 392
863 -1626 -20 371
488 530 486 48
864 1378 -72 1602
169 -639 -1686 990
1684 1930 -629 431
233 -978 1864 1346
675 828 -75 1275
1857 959 -739 895
1239 -1714 1842 8
1019 -1984 719 1364
1416 -779 -1595 934
1918 658 606 388
480 -552 284 663
1956 -1177 -1214 1054
439 1498 1132 1771
839 -1962 1551 1972
1351 672 1825 1267
1390 -215 1362 1399
1160 -1388 30 737
451 -1874 -1734 856
308 -1460 -145 1829
1776 1616 -722 424
115 322 1460 1121
716 -1015 -237 1223
1999 632 1481 1685
1202 1149 -899 632
672 299 -304 98
953 -1575 -122 1754
1472 535 1717 1818
1084 1880 -571 816
1543 1753 -1003 1389
1154 -261 763 1033
223 6 210 205
293 -601 1725 1255
1872 250 1454 970
63 -242 710 395
1588 -542 -1436 437
1431 -1305 90 1462
324 -50 471 704
1432 -1014 697 713
88 1642 1678 299
90 1126 496 1076
569 -1843 281 247
1845 804 358 986
1745 602 1069 1686
1364 -1436 1233 42
408 506 -416 1465
798 1878 -947 1927
1432 204 -984 1791
366 167 -72 432
1402 -869 1098 1083
956 -1607 -105 1239
54 294 1969 286
1360 443 294 1581
1013 -1062 -305 184
1061 583 1243 131
1105 -1669 -283 810
1266 656 -6 1578
547 -1132 242 261
1138 -52 1328 1427
435 1787 -1295 1531
333 -278 1895 1662
635 220 -102 1309
380 825 372 430
1635 263 1876 1979
1095 1680 -1480 1474
1844 209 -1395 1254
1721 -183 1896 268
1161 -350 1714 1343
122 614 1149 877
1416 -152 -260 424
1971 754 -600 1543
1132 866 -1857 210
1676 -575 -1839 344
334 1776 1696 29
864 -558 609 1652
310 -1394 1026 170
1159 -799 -1378 763
622 -1184 803 1178
1130 -841 1411 1230
1118 -1323 -527 655
834 -296 -559 605
112 411 -784 569
1832 1796 -582 714
1548 -35 71 10
773 -360 -127 727
1452 340 -1146 962
1185 -1975 269 259
72 469 647 1139
1671 -832 -1970 544
1642 1686 274 429
1183 1623 1373 1231
1914 357 1304 753
1650 -1857 1832 1233
850 411 1992 785
1897 1597 604 375
1099 -91 -121 861
189 1547 -1552 1441
1260 1118 229 1718
1751 1374 90 1442
1777 840 -1778 846
1440 1941 -1667 457
1377 -400 1044 597
1185 -450 -100 472
1349 -996 -120 381
1267 1436 -1267 1889
423 -1652 665 1062
1455 -195 1770 723
143 1026 -1855 577
702 -1179 -526 672
1703 282 362 1488
1785 905 -1165 1480
1016 339 953 355
794 -220 -1485 14
1082 739 1734 972
1672 -475 1306 370
1286 868 -279 1323
1181 -48 -1405 388
390 1261 1548 1537
1650 838 -1639 1559
195 446 -1763 1424
576 -1472 1281 1722
261 818 1987 1288
1024 -1094 -279 1871
1334 1757 1311 1146
220 1644 49 1015
1726 -540 -1340 1192
267 255 -472 1107
854 765 245 1331
1959 1717 -161 1124
88 -122 1825 410
1097 -579 576 651
1773 188 1332 1744
1563 1376 -1686 1081
1085 -1847 -1837 566
740 -807 266 430
562 1861 1059 1404
94 1122 1566 1741
1428 1896 -174 1971
274 -659 1724 101
1517 688 -1942 525
26 137 -741 1400
613 265 253 426
813 -1175 374 1431
566 66 -1313 411
1877 637 957 1075
760 -521 1202 1106
524 -245 918 93
1221 1559 964 751
1961 129 1767 1270
629 -1899 1351 388
1255 187 -563 1871
674 -1837 -835 481
861 -1763 374 1160
356 -1071 -1809 1783
741 -1313 -444 452
1509 -1284 -39 1768
1561 1672 -582 1970
1245 1325 1128 1972
1392 1936 16 1716
1206 1244 1148 141
1269 -1277 983 923
1224 -1700 -1943 1282
607 1011 -1908 1096
1149 -907 1516 87
1673 -869 -1912 1532
1630 -1632 -1646 747
1754 -1147 -1514 424
1523 563 -765 1647
253 -211 -320 1837
1813 1426 1763 1460
506 1255 -1433 811
142 -1138 -817 1468
985 -285 1343 1381
1702 -343 -904 1239
1749 965 -226 954
1223 151 -399 1383
1061 904 1214 444
234 1577 -1611 284
724 1076 -4 428
823 17 -1241 1448
330 -1926 -1261 1019
7 343 -1005 522
1263 -1950 1049 682
692 1637 525 1782
814 -1617 779 362
391 104 -705 1610
271 -1034 1954 364
1800 1065 1160 1353
1674 101 -1156 576
81 1249 -1461 1172
1818 679 1812 1017
218 -1751 1025 1130
967 563 1148 358
1548 -13 705 1023
665 -103 -884 762
625 353 -127 1409
1179 -1610 348 1028
1874 1090 -733 1411
1093 -1199 -406 502
7 -1256 -1007 1622
1392 1293 1197 1025
634 -1098 891 1945
1525 1108 -725 1766
547 -1808 -308 1423
1676 -857 759 1237
364 1354 1111 233
1008 -760 1622 1185
925 -661 -1051 775
137 -1147 381 1385
1264 -973 -1121 1882
80 -1937 -1978 912
77 -1386 -1455 484
222 339 1527 1893
1806 -1290 -1105 757
1804 545 -893 1258
315 -399 -1735 1487
1331 -1178 1130 1488
1358 814 -1003 1441
908 1207 1325 1848
687 -1045 1541 1135
1440 1789 11 195
648 -1633 346 423
1928 1935 -1432 754
1393 -756 -1179 220
1565 1445 -1224 197
932 1910 463 1823
1480 1853 -1816 1791
474 -1820 315 304
994 162 -1777 1599
299 -963 -766 1504
148 85 543 1800
1248 -812 303 1521
119 1075 -574 73
403 -572 644 1139
4 680 -1713 996
876 -451 -1923 935
564 -75 -1463 602
1573 -1853 1322 1951
1200 -565 1621 188
1143 862 1100 203
1633 -63 384 138
42 1651 897 988
976 -723 503 647
1031 1613 1395 1988
1558 592 1362 1891
1352 259 860 36
860 -1545 -1474 206
1094 -1060 -103 1259
1196 31 -739 1754
1193 92 -555 957
77 -1727 198 1177
1466 -403 51 376
1737 -1268 -436 1786
1652 -536 -1370 47
233 376 1532 335
237 -1575 -1611 1826
1478 -1315 1322 24
1296 1297 -362 1363
778 -1832 117 728
1334 612 -878 466
1468 897 -1460 1007
343 -1692 -1973 1937
1974 896 932 493
1693 1290 -1553 175
1794 1598 706 21
1824 -870 4 480
807 1326 -808 406
1402 384 -809 114
1039 -726 -866 178
963 1972 783 1368
435 235 -1570 858
948 1867 652 835
605 390 1712 1439
328 892 -873 1619
68 -1703 116 1906
1749 -1556 282 361
1619 -1103 -968 580
599 1927 851 1910
1905 -179 753 918
469 1934 1922 492
408 -1350 -396 552
1240 572 -1491 1644
770 -1149 175 877
554 1143 1710 1110
150 50 -144 1892
19 356 -1749 475
783 901 -1574 991
861 -554 947 636
708 1242 -230 1680
128 1819 1955 75
528 306 645 854
1670 966 -225 521
1754 1370 -1547 1922
1351 -1376 -254 1573
189 1986 1429 759
1837 1306 -227 1378
1120 515 -891 1941
1089 -230 -312 561
1710 -1381 94 1436
219 -1291 1997 1314
1230 -1680 -182 1599
836 1862 -721 326
1483 -1766 1860 237
1830 422 -612 863
1661 -306 1049 1865
26 1699 -282 525
1580 -414 387 546
792 -1741 -861 1761
883 -1808 1154 1802
1241 -1833 -703 1341
634 1273 1944 1426
647 1370 -1773 1473
601 -488 -681 1402
491 1627 1799 1295
219 -1973 835 549
989 576 582 1671
56 -1208 270 979
1206 38 1875 1002
568 639 673 1284
401 406 -210 1834
1894 427 -65 219
612 -168 -462 295
1306 -293 1779 1975
1402 448 1021 1107
1437 972 1993 1130
1772 -26 -1867 862
695 -971 -1260 277
994 818 194 1705
803 323 1265 1625
534 1569 597 150
1385 459 -1328 1383
928 -495 -1654 821
1618 1037 961 448
1066 1652 481 1288
1223 -317 -937 308
764 -1032 679 1647
705 866 -1285 1926
512 426 1707 1883
1032 834 1363 1205
718 804 1804 558
247 -1338 292 291
640 920 -1397 136
1334 1116 -1491 1057
734 -1926 803 1802
62 752 591 401
34 482 1143 1894
504 -296 85 1217
836 721 -1846 1292
1805 1881 -1245 1749
878 -1344 1692 1038
1414 82 246 1629
1784 114 123 1980
1116 -21 280 10
364 635 -1003 424
1512 692 200 1724
1891 -917 -261 801
99 319 -483 342
308 -24 837 299
214 1592 1247 55
1227 1989 397 564
746 -936 -1996 33
1007 -1016 -1488 543
1608 919 -1925 293
393 1132 456 1485
633 -217 1573 644
579 -1617 -808 445
1222 -88 853 1167
1862 -202 -529 1827
1992 -1504 1008 1671
586 -1102 698 1405
793 -635 -1307 284
1064 789 98 430
1136 758 -163 817
74 -1792 1996 375
247 -631 -1285 565
825 -1297 -1014 87
1415 -369 592 795
29 -575 -1679 449
1769 720 19 1874
687 -13 -1617 6
758 19 1863 1580
297 -155 1879 1062
1000 -1976 1527 1370
436 539 -1411 1426
390 -1325 231 797
1080 -1437 -1764 1148
586 -362 -887 661
943 1143 -282 788
1885 1101 187 485
1697 -162 472 1771
681 -343 1649 1709
1624 1773 494 643
1237 -55 1427 557
1036 -1956 -26 812
155 263 1040 871
1446 566 -854 504
37 -1842 442 1965
1873 1885 -1624 1959
1306 1837 93 990
35 865 903 123
1812 1278 80 652
1528 -509 1508 1315
1437 -330 -483 472
1286 1779 -1455 1507
684 1181 768 1826
761 620 1208 1689
667 541 38 1997
183 882 999 1272
900 1173 480 1385
1244 -1052 -520 1361
1198 -1113 1773 1446
1727 400 -1131 1843
1780 861 -1648 870
665 -711 -1289 674
13 666 -1119 203
1236 317 -1768 716
532 503 259 1828
1960 972 -138 420
1184 -804 -360 1363
735 965 979 1994
700 -1482 -1861 217
1633 -1647 84 1008
239 -1185 42 1366
216 873 301 582
36 1117 -163 701
1885 1227 -922 670
1186 -213 1590 158
1976 403 1312 824
644 -322 1248 1209
1010 -1048 -1654 21
817 -401 1955 449
597 -818 1050 71
1492 1436 193 821
1050 1335 -262 1486
869 608 279 1623
329 440 151 1819
444 -924 1897 152
859 -1606 -1771 1008
868 31 636 1849
1770 -654 -692 1965
1541 -973 -1889 635
1551 252 -717 532
1719 -1381 -255 1422
514 -706 786 229
597 -588 -1981 261
1196 -1657 -977 129
1207 144 -882 831
1127 -142 71 1946
1638 -304 -1489 271
1228 -1281 1732 384
1578 -1573 -1389 1140
355 1850 1493 933
414 -1543 414 912
1318 1556 1305 425
1658 -1425 1558 964
1661 1720 1594 1981
823 673 -1624 961
1954 -1423 754 1379
1581 1978 222 760
1981 1260 -254 1419
1207 994 1591 362
1128 1166 -1455 359
893 -1864 -809 1799
171 1398 -1821 1350
56 -1550 261 1666
1728 -1390 1233 1100
1217 1031 -789 1162
31 474 1403 1335
897 -767 658 1186
594 -632 -12 1083
1985 -1953 -1585 1977
1713 -1020 1193 1430
378 825 -316 1457
1990 -1257 -305 1771
1924 1301 481 635
1065 794 1875 1290
762 1055 717 1064
1012 1332 -546 1493
340 -355 -1718 1432
495 1667 -864 444
1771 457 1465 1166
788 -1037 629 1360
888 1988 595 729
59 486 1891 1987
84 206 1249 44
1838 -1118 1301 85
88 -1917 108 1078
662 1849 785 1592
557 48 605 1353
1563 -868 1767 572
1517 1921 -378 614
294 -92 666 626
623 455 672 1086
913 1790 -1379 1948
221 976 1898 1074
805 -1110 -1039 858
192 -705 1803 1587
394 74 478 590
65 -725 1277 1314
633 -211 1594 120
537 -905 -1505 879
1788 1857 -1802 585
81 191 1352 1405
556 -1397 -648 1699
1362 1677 -899 1339
801 -1110 -1556 1590
1334 461 -1287 683
980 -741 1924 148
1108 1131 906 398
543 -1351 -1113 1533
1750 296 1930 501
1995 593 1218 482
5 -984 170 1153
560 -1381 -528 1541
938 768 1080 387
856 -1120 110 1110
1823 1771 1243 939
875 -667 105 1222
331 517 142 556
34 -621 -943 1143
456 298 -1718 789
1048 1634 -818 121
1152 926 -86 1449
1555 521 970 1838
842 -1736 406 679
1727 690 -1224 1110
1904 -888 -206 1313
1538 -1468 -534 1954
812 -21 313 1976
1623 1213 1888 100
1749 -946 -1392 1357
1063 -1458 41 892
165 -1138 -1278 369
1739 340 -1811 796
1030 -84 -579 1924
1290 1326 590 548
639 -931 -1039 1705
864 1191 561 1797
1451 385 -885 1903
531 1387 -502 1425
257 -1284 -174 57
1855 -773 299 600
1564 1523 -185 470
747 1510 689 1452
1075 -1643 -533 1400
464 -1884 1186 317
481 -109 759 1200
1576 -1071 -1106 1036
1117 383 513 703
1691 1245 -1247 459
82 -1418 1110 1286
643 -138 308 1514
1383 1424 -1812 1685
25 -470 156 362
471 1772 438 671
1717 -1240 169 1981
1529 -353 233 883
688 1559 -903 388
24 -406 -384 932
436 1039 1278 414
955 -631 1104 1377
1945 409 -847 1198
1917 -1864 -416 444
265 -789 1036 373
326 -1403 705 550
1277 -972 -1561 1827
142 -765 277 384
813 -879 1017 1353
256 -1320 -8 347
883 1777 265 233
500 395 6 1176
151 -1085 389 531
322 -333 -1290 263
1810 1393 1510 1016
901 1441 1357 1419
1822 1668 -320 10
277 -1395 1522 1939
820 -44 -1104 841
411 -99 -1078 1473
1228 560 -1033 1159
15 1065 -242 1399
1056 -137 1899 852
1740 -445 -507 1460
296 -1793 1603 641
1162 911 -660 1274
862 -1598 -1754 768
1330 -1908 -1667 425
490 1256 -1514 1537
45 -1432 1985 180
501 1624 -840 181
1459 -1197 1798 651
58 1503 1632 846
1999 973 529 1742
847 -1223 1792 1613
1161 -686 1606 928
256 -488 -1246 1505
58 1946 -507 896
1955 1977 576 973
187 -1052 -964 1600
1812 964 1815 1890
501 1314 483 1905
394 1165 -1202 1712
65 -7 1287 1844
1262 1787 -369 488
232 -1315 -533 1482
314 -1991 -673 316
1363 -609 -1306 164
950 1130 -1986 1884
235 -1513 1858 706
1548 -1410 556 425
1817 -1180 -403 1367
1732 -1803 -1673 965
646 -613 -451 786
600 1204 1019 1248
1227 1986 955 789
1313 -701 -213 1836
865 1293 -1618 2
727 -956 -329 89
417 -1188 -859 1640
467 -1410 -1962 24
932 -1623 1021 1113
1423 1581 -1260 923
963 347 -144 1941
179 187 1381 1010
231 1258 1234 879
1577 -351 1274 575
1977 -208 -298 1607
362 632 1422 1490
1330 -1121 -1093 1549
1406 -1786 1875 684
124 1842 1922 356
638 305 1901 255
1822 647 811 683
757 -1278 696 1755
882 -778 1583 804
937 592 -954 1009
1777 1854 715 32
549 -1813 -665 1731
628 -1201 1496 960
322 -1517 809 930
117 1306 -1530 581
88 -353 -357 317
1547 1337 -1372 112
1585 -1842 -908 983
1792 1886 1394 450
85 -1873 -1904 1745
1085 -617 -1953 1595
1069 -832 -1019 1147
140 -1379 -945 1806
756 1949 702 118
1396 826 -416 234
1296 -1183 -1837 1828
1231 1301 1590 833
1164 798 1102 309
1783 1628 1726 1204
1377 -377 1033 1386
99 -20 -993 1204
215 1370 537 1541
1213 1797 -238 1074
1512 -1397 -1926 1382
1151 -1409 595 911
444 1695 -919 1807
32 1170 1586 780
333 1847 1511 848
1707 1518 -51 345
1764 -1017 -309 298
535 1632 1487 297
536 1225 -358 895
1870 1282 1707 587
1237 507 -858 1071
1994 748 296 193
290 1264 582 1148
194 -1609 -1999 764
760 311 -289 582
1841 -1269 561 1021
625 1858 -1556 142
1006 1358 139 101
1525 719 -948 1910
1556 -1923 1895 421
558 -509 -128 1006
971 -536 1258 30
1060 604 -1025 1591
1739 -42 -1065 1440
913 -672 -1092 1859
1983 1208 -1709 286
1326 -490 -74 1554
1742 1064 -1006 215
1459 -379 1854 1990
851 -1072 -1498 509
217 -849 834 1407
405 1610 -1918 97
1018 528 477 927
1999 1073 509 565
1679 843 -803 1397
281 172 1713 887
432 1975 1268 485
1323 921 -1362 603
934 1730 1958 1485
352 -1517 675 1905
1388 -1727 -216 64
1504 -1718 904 1930
104 -489 1843 31
996 -923 -1528 390
1765 1708 1442 330
1204 1938 56 1399
300 -1268 17 1506
1291 1666 -102 1295
821 -650 216 536
33 501 1071 61
154 -1336 -85 878
895 -3 -1094 195
1315 348 -1896 1781
797 658 -1478 146
841 -437 1153 1420
326 -1073 -674 1995
1303 1639 -1464 791
1698 231 -386 1614
243 232 705 1412
570 1370 160 1726
1817 -1775 -1807 1686
1607 -145 1875 1450
975 214 381 893
1250 -180 633 1109
705 473 1954 155
1203 -1899 -1072 942
1237 -142 -411 1856
1813 875 493 1527
1751 -1809 1244 1694
880 1906 971 1937
1613 -1665 -778 740
1725 148 -309 1885
387 -1697 -1313 118
1461 517 -625 316
512 -898 1484 114
1025 929 -1620 1615
1517 -386 999 779
1370 917 -1999 1062
1556 -422 -1282 1634
793 -574 -1585 980
1005 -1558 -623 1319
1751 1306 166 1672
1874 1800 -1846 763
269 -1580 1027 693
1516 -182 -9 16
1732 408 1692 714
1570 -847 257 150
1813 -1400 364 1417
768 -902 -1609 1438
1337 -175 -1426 243
1549 -1587 1559 1498
777 -1693 -77 1977
1362 145 767 554
1375 -1421 137 1883
1945 325 783 560
1730 1218 625 28
1371 -1253 1879 1435
1020 718 -1918 1884
288 388 1699 1359
1798 -1384 176 1147
1393 -3 1157 1995
1961 -1 1515 379
760 -471 -1454 1024
1790 861 330 910
1310 533 -813 959
1231 528 1643 355
1323 1042 -1009 1610
1779 811 1430 588
1977 -1589 1161 561
1396 1587 -1088 650
1152 -1375 -1757 1686
1083 1392 1988 1133
1641 613 -661 633
1841 338 -160 808
687 952 561 124
1072 439 -195 1482
152 599 -1162 1823
447 1012 1406 1398
1695 1449 1619 995
376 -1582 1633 1643
1021 -1399 1561 1065
373 247 1080 715
922 -215 1490 643
253 -1849 887 24
1520 793 -1483 930
1626 -1505 1776 1345
327 331 -894 1686
710 1116 1970 343
1929 1158 1115 448
1096 111 1954 1149
238 -1694 -1635 1538
203 -166 1520 931
336 -525 -1258 235
1766 1213 1042 905
1399 -6 -206 367
915 -1746 937 946
93 277 1793 477
684 -1367 -1879 61
1419 1122 1965 1382
1912 1354 -1381 540
1032 -805 705 1515
1570 1886 -1482 1105
336 345 -1117 1486
913 1357 1301 747
1162 1763 69 496
128 501 -474 539
799 -426 507 704
1286 -924 -459 852
73 1570 1914 657
1438 1105 -272 1974
944 -1958 -777 1108
1295 290 -1750 1202
1806 -718 1063 985
452 1786 -686 1640
108 -1455 -1653 1441
181 902 -968 1082
18 -679 1468 974
938 -1756 -188 1946
1673 -873 -515 672
110 446 898 1623
1691 1258 -677 1592
1225 -237 -244 1827
545 -947 1510 120
227 1038 -43 639
1843 1144 1879 1984
599 -1391 -42 268
1850 621 -730 1730
45 -790 1435 1274
48 -1076 1728 782
589 -322 180 1628
1582 1002 1625 1621
1426 -1591 -1893 1953
124 115 777 409
564 -861 1872 1900
1668 1465 1672 1402
571 496 -895 1548
1134 -136 558 170
802 1055 -1188 1779
1284 -903 1084 1593
1233 1126 927 2
942 -1495 1254 1528
1489 1551 1489 1242
117 -1006 -1107 105
1931 375 1781 1036
372 1495 -1614 1260
343 -427 -1252 1529
1137 1862 -1854 1827
240 1824 -644 1457
999 -1740 -1815 1662
1438 -73 -1404 775
1199 1762 1516 670
538 850 371 1210
1761 -795 -521 821
397 486 -386 604
679 1149 -516 1043
960 1118 1707 687
1562 -1445 -135 1785
780 -18 505 1762
1873 -284 -1922 1961
1866 -64 -641 1143
72 1494 -1812 772
419 637 293 1982
1525 441 -597 169
1328 1814 1678 954
1668 -1472 -1577 1547
26 -1933 -938 1323
284 83 1392 219
954 -1077 -1115 577
758 -257 1061 1625
1161 594 794 1039
1308 473 1280 1766
1520 383 1081 1556
1366 547 1754 1235
216 1374 -672 1490
110 -1188 929 66
1050 -1196 794 1770
829 680 -1733 980
575 -373 1232 301
779 1646 172 553
880 1906 -804 1468
1009 950 894 1650
1670 1649 15 424
1673 -393 578 1536
1674 593 63 513
924 -27 1928 1861
1429 -329 -1917 202
2 1706 788 674
1520 -71 844 1666
1044 -1547 -1800 230
1221 -1614 -551 156
1148 1085 -12 436
299 355 -637 1543
1411 619 -349 525
1116 -272 1748 693
193 -119 1894 577
689 -1846 -1588 1895
1328 -1690 988 849
83 1638 -1743 14
632 1481 -964 863
796 -1606 1729 1595
1602 1291 -217 1275
1123 1394 480 558
744 -502 1557 662
578 845 1802 1818
1891 1696 1510 1106
1026 -1812 979 606
1787 -426 -636 1808
333 31 -530 1036
1658 -347 1157 1919
218 -441 -919 278
584 1670 -1833 1042
1939 -1925 -954 891
1311 396 -1031 890
1634 1759 -826 1149
711 -232 975 470
1982 676 -578 1741
1386 -1965 107 506
258 1180 812 475
272 -1357 -1211 500
133 1491 653 1610
995 1725 887 887
1665 1725 75 1658
91 518 1918 788
944 326 -1067 331
114 -1977 -834 954
1433 -1383 -1241 1167
304 88 393 1405
1319 470 168 1768
15 -419 -1820 1003
737 245 662 1637
1080 311 -83 1063
354 -1179 -1787 392
1875 -354 -1660 929
97 1849 1776 914
553 122 451 875
1673 1438 1671 1844
180 -1576 901 853
833 1586 -596 606
780 558 -1760 705
1652 1262 1288 467
907 -1439 -1844 1375
1673 972 -1541 1730
1962 -1469 1325 640
1259 1417 1525 702
1761 1233 -1598 886
1330 -1430 -1532 294
1369 -3 -456 993
1670 -808 -725 748
444 642 -1705 642
1746 668 1206 449
1891 -280 430 1819
654 -1137 -1431 1638
1318 -129 -127 556
1314 1981 -410 844
846 1089 804 103
1017 1210 1162 803
853 518 650 1020
827 1293 1783 478
1828 -1814 -1744 876
256 -373 1705 413
1139 582 -1810 697
691 -1468 20 576
284 -517 628 1923
1916 1353 1154 505
1031 -1090 727 1260
772 1468 -1358 569
77 1466 1543 1860
643 -1744 55 1889
1961 67 1117 828
1252 -609 -900 210
1313 -249 -237 182
1071 -332 1627 1213
912 -857 -389 1090
893 1028 1351 371
1791 1361 -1997 338
1159 1889 -978 372
950 1407 -480 470
709 -280 -237 1075
687 669 156 1759
1666 1328 766 95
1378 260 754 799
1254 -1166 -1924 1147
329 1498 1480 326
106 -587 -233 1606
1516 -1027 72 1045
327 476 -215 1634
1589 -319 -400 1854
1014 -1918 -1558 208
829 -434 -1314 1025
416 -852 -872 1025
1131 -1921 -1812 16
1166 149 1980 997
427 1335 1996 1195
425 -180 1371 575
1988 1850 -417 1619
1754 657 -1607 1054
1855 464 -258 1610
282 514 -1988 837
246 1373 22 1376
1954 105 -1180 707
353 -146 553 1255
1931 158 1432 522
1674 1244 506 47
1566 1895 -1876 491
250 719 -342 666
276 -1618 -663 1383
1705 -1709 374 1879
1446 239 -918 1455
1856 1495 1480 1417
45 446 -184 196
633 -660 355 657
1842 933 -615 183
1885 275 444 1215
1887 -1220 1251 1816
1572 1311 32 1268
75 -1567 1642 170
1143 -748 885 1858
1840 -1625 -1810 924
1504 458 -941 1001
1063 309 392 1232
568 1538 -1987 459
1641 1935 1886 151
807 1503 -1123 1048
864 -648 1150 546
1190 -1834 -1875 945
787 -857 1570 1586
784 1052 -1951 120
140 -895 -808 136
1915 -135 -1083 1389
1236 1942 1981 324
1090 214 1161 1809
1909 1675 1726 489
1950 276 -824 614
1478 -1756 250 774
1143 -1356 -438 108
1601 13 -1505 1358
1111 1334 -1065 133
1167 -394 1890 960
1734 1315 -267 1233
1210 1947 -1300 1294
1166 1413 -1982 737
345 1343 -1219 265
327 545 1866 1687
951 129 -748 322
539 -1960 -1371 451
1243 -1248 -1577 1306
354 468 1945 279
15 1532 1834 929
1078 1766 1637 227
1005 1711 -66 954
1935 1039 -698 1832
1148 -1418 -655 1236
1095 469 -1489 1784
1735 597 -290 866
758 366 -568 1475
1701 1645 -224 1587
278 751 728 795
1905 392 375 1097
1520 1569 -101 1648
1490 -843 -1911 325
1995 809 840 291
435 -1900 -1747 184
1219 -1553 1841 422
587 1330 172 627
863 435 -1888 553
1157 60 259 503
1480 383 -1217 669
152 -1936 253 628
1608 -1123 759 516
351 -1846 -1669 365
136 -831 731 415
1633 -1785 -507 1521
1104 -215 1420 157
153 1864 -1928 434
1161 1364 1756 401
927 -1303 -1054 577
1917 9 -511 316
555 -1666 -876 943
1557 -1727 1180 1022
1336 -1367 1452 1021
1545 285 501 1080
1374 -286 -22 924
18 534 -1601 1724
1397 -261 823 221
794 470 -157 90
1304 1939 360 1184
1418 1010 1479 307
1871 977 46 824
122 -1646 527 41
898 -1191 1723 932
868 -935 177 428
12 -1703 -1284 1366
1344 1167 1329 1182
21 -685 -1194 64
1655 1621 -764 751
1094 -318 131 1521
227 -1139 -1761 64
1800 -1792 1135 1755
1805 485 1718 787
1091 -587 1305 1262
1293 -681 486 216
1346 -1995 -92 269
1053 457 175 1680
1389 1693 -1016 648
965 471 -1089 1773
125 -1578 -1292 655
1567 -42 -39 1152
1755 412 1285 805
1811 739 -1249 1992
880 966 574 1481
1387 505 1676 1784
1925 550 1025 1197
1071 -1592 212 673
706 1346 527 290
1945 -1275 -818 1155
1490 -884 1862 233
929 -1184 216 47
461 -971 302 899
289 1061 -111 1511
988 1276 -1906 1569
306 1268 762 315
872 -394 450 355
1115 -1823 1606 1164
1802 957 775 1484
1128 1165 729 1388
411 1026 230 1531
80 -1307 -475 1579
948 -1634 1395 1090
1932 489 -1251 715
62 -1973 -843 467
726 -1387 -497 1740
770 821 966 685
407 -250 -316 943
1834 -510 -173 1762
1095 1924 581 534
733 -1252 -1315 883
1391 104 616 1169
1781 503 -1749 576
425 -612 1191 1554
1947 169 969 1420
173 1351 530 937
472 1280 -712 198
1206 -1110 1660 1143
901 477 -1197 1121
170 -222 1004 446
683 -524 910 1468
228 1959 -1965 1230
772 1739 -2 1065
1837 686 1619 1032
119 1862 -1537 1737
1341 217 -337 1790
830 -1769 681 397
461 -623 -927 1089
402 -1405 1433 1254
423 -875 -1094 16
1788 1481 769 661
900 -1583 -498 1422
102 -896 1096 203
1500 679 1649 700
1495 1731 -927 1672
1593 -1851 -1109 730
1609 1186 -1952 799
1235 1564 -538 505
86 122 -407 1135
36 -362 1462 331
421 -402 1573 570
724 380 -798 912
304 88 -1096 225
1197 -161 710 1225
1345 17 119 1701
695 193 190 120
527 351 580 1111
588 -1281 1237 1389
324 -447 -841 584
1908 -1039 -529 1722
186 -820 -1327 1865
1833 1504 -1796 1167
376 -150 -1375 1322
995 -111 -967 1229
921 1844 -1650 1694
1612 -371 1579 518
68 -1620 -771 1572
44 -318 1464 922
1188 332 -959 1598
1293 -1555 -850 955
1952 -661 1118 829
1479 1320 -1243 1337
1923 -1691 -1802 1602
852 -860 457 1669
1636 1078 -1550 94
1581 1077 1080 529
366 -1918 1745 1506
1050 1536 1306 781
408 1806 1739 15
996 -1556 -1984 570
1789 301 798 453
293 1777 -143 1354
1668 1461 803 1879
277 -1712 -1758 1501
1752 -751 651 852
1438 963 -519 1589
1072 841 -869 126
953 1956 593 514
1047 -1349 767 1479
1822 -1861 1231 630
1445 -743 87 1550
1622 -192 852 944
1330 -1369 1453 1940
1643 -335 563 212
153 -1024 977 1292
1222 1776 875 256
1362 105 -522 1302
127 823 -1016 567
1909 -1516 -1882 19
1568 1620 1303 154
1805 -1171 540 723
465 944 -1028 1657
1154 -278 -504 1256
1163 429 553 869
781 868 -840 532
1785 -1094 -1793 1071
150 1158 -1398 22
993 -1742 -1160 953
216 -1675 1662 160
1694 -868 371 820
299 -588 815 483
1257 1859 482 1503
856 1734 -511 784
586 1233 1731 654
1592 -129 1316 1223
363 432 -606 319
1171 -826 -623 939
948 819 -1946 293
1972 -189 358 1643
1647 -1802 -1753 1312
595 -1332 -839 154
1540 -1166 1254 674
745 790 520 1047
1341 -1645 -311 955
1647 1476 -936 308
562 -936 361 1965
1918 -1012 748 354
1309 -1989 -154 1704
287 1978 -59 1042
246 -1835 937 1645
123 -829 1654 725
1623 944 -783 45
1147 304 1737 1148
1081 1254 -1035 555
440 -124 95 904
1859 -1800 1180 517
1979 1561 -1475 1993
1489 70 1631 1454
1133 -1008 1590 865
1306 -1133 -1332 758
1031 -1137 1614 994
1335 714 392 1839
210 1623 -789 1771
1122 935 -624 121
855 1122 1052 78
1859 -1379 1622 389
1711 -1383 155 1948
1444 1519 -1233 133
1283 214 -93 1046
1006 1634 1132 793
460 -1166 -1588 605
985 1381 -7 1235
1059 -1396 572 1873
702 -1445 525 1235
769 -1684 1602 1189
775 -1522 877 1498
256 -1469 39 1928
637 145 1477 1722
647 -281 1576 1244
56 372 -1183 1283
416 -1001 1175 1939
1778 -358 -1997 1126
1796 68 200 1004
211 -998 -21 757
1132 -901 1494 777
1428 -74 811 1968
610 788 -1660 1883
63 1752 705 569
1837 -1286 -1095 1666
877 -236 -1974 624
1063 -943 1459 1777
70 -1155 -368 1351
873 -627 817 1896
932 1349 1413 1214
1677 713 -436 167
1407 1365 193 86
458 -757 -1167 848
97 211 -1891 1296
234 -1383 1316 901
562 -1736 -1540 847
1767 1979 -592 725
476 -1130 -750 865
1688 1891 370 1650
7 -994 1279 521
1191 458 -173 829
957 661 1858 1255
686 1073 1519 198
1574 1570 745 1373
580 -605 1762 1696
92 -208 1852 587
1444 797 290 667
1431 -410 711 1794
341 1382 1825 1319
1905 -133 7 164
497 -1171 1195 710
370 -1038 -1759 417
1218 -422 580 1178
1348 1353 -195 1130
639 620 519 1554
1151 709 -1134 401
1715 -936 47 1952
125 -592 -1222 1543
1349 1518 1951 1861
7 1307 -1911 43
1440 1465 -1905 1969
1365 1393 1004 1153
123 -62 1025 263
1984 1013 1444 1831
1425 1521 -1766 871
1586 -1032 58 656
1098 -756 335 1905
403 -550 -980 1612
1630 304 1132 999
925 -1771 814 333
1960 528 -41 1419
537 -266 1692 1827
511 1470 -1037 1404
1263 1649 -702 1503
1662 1093 367 1820
760 1792 56 851
237 1839 833 1676
750 676 1886 175
1220 1338 1242 877
410 1358 961 1461
894 -1900 -661 1711
500 1351 514 805
499 1958 1891 21
134 -1470 683 161
76 -750 -1497 830
824 1204 1336 728
113 -532 1846 1389
1043 -934 510 158
1677 726 -1098 1777
1249 -1156 858 1649
408 397 -612 732
1675 -589 -94 1092
1851 517 -15 1423
457 -5 -909 135
1614 1069 -1369 651
1109 841 1865 1516
1340 -406 197 65
1927 1083 -418 467
61 571 1843 1890
1033 -1564 1879 814
714 -1713 600 1102
659 -1313 -1050 1053
1484 -1817 1513 1704
415 -1803 -1186 577
1644 -1281 969 847
677 -492 21 684
402 -192 787 501
1247 -460 1187 1150
601 662 -975 1612
405 -987 1936 808
1481 -1570 846 195
993 -1074 1558 988
747 -1020 1032 1852
603 1517 1099 1131
1256 -236 1247 295
861 -1410 -888 1108
745 -1682 -1969 87
1023 169 -1778 1946
1767 -652 45 1004
1307 826 1333 1646
1547 -987 13 294
1002 -1800 1084 1168
1694 698 540 424
676 304 -1586 1825
105 -338 271 1377
1170 1562 -1127 818
1893 -1712 1684 1731
606 -1269 855 1989
1963 -393 558 1791
1344 -1597 233 811
468 846 -176 1990
594 -64 -687 580
1689 -1388 958 1337
957 -408 582 1425
516 -1346 371 1097
169 -1498 1658 1475
940 -1296 5 1990
943 -1127 1569 588
1819 -87 1902 835
633 1800 1199 1901
1018 -841 -1558 1775
448 -1372 -1722 1717
146 331 -1576 477
428 -603 -857 1096
44 -1969 1719 364
918 339 1622 180
1025 159 -1068 894
1529 -1869 613 268
1883 1855 -49 788
1051 -1895 -598 368
833 -1614 -1089 1135
471 -1464 -1899 802
237 548 -220 288
1702 -406 -1818 1186
760 -1217 -1463 183
1936 863 1172 241
1948 1982 -1405 375
975 -2000 -993 497
928 -776 1941 1823
1387 -690 -1607 1923
1262 1527 995 386
1422 13 1125 102
960 -1734 -1527 1103
1664 1915 88 1181
1005 1010 -562 1016
538 861 -425 265
1935 -230 346 382
1847 513 -1667 202
1680 114 -818 242
1501 1552 1624 977
647 -1470 983 1109
1032 -1461 1266 1423
383 905 1679 743
1039 1175 148 54
543 1234 1648 1259
459 -1741 309 615
657 -1086 1443 1504
1206 1769 1587 209
655 -818 -1029 953
1528 543 -390 1944
1584 -1699 -1397 1365
1979 -73 -69 1242
1615 -1542 -1822 758
823 1829 1439 490
915 1507 -1093 1965
1398 1109 -1311 1048
1511 1955 -1971 587
1152 1524 1059 1702
418 93 -257 961
607 -418 -1033 1332
1151 -1552 751 1839
60 -306 945 1956
117 -1210 -530 1896
511 1679 93 6
1455 -979 1838 1851
609 -1124 -1654 1147
1765 1471 -242 1227
1020 3 1125 933
143 751 1671 599
1881 1643 1133 1620
1576 1952 -1752 1873
1296 310 -1588 1785
1143 -1450 1608 1162
602 1889 -1006 1894
1863 -175 -98 1827
945 1884 1485 1371
400 -394 -1441 1613
686 -1761 332 1962
1322 715 -1425 73
937 -515 1355 1059
400 -1883 1271 935
1563 1498 1094 1543
1690 -854 1881 42
351 1755 -1337 1112
513 1899 1827 977
971 1307 1569 70
749 -410 -301 1246
794 -33 943 1411
713 484 -1931 1618
421 -85 1502 927
669 1217 -610 1214
20 -269 -249 747
978 -1095 1446 1699
1665 1955 -802 585
881 -1773 849 962
1428 -279 -308 1417
706 1610 -1617 332
1463 289 1114 1405
1216 1821 74 834
914 367 542 837
1203 1532 -1834 788
639 1955 267 1458
628 1312 -237 1444
870 -1085 -670 1718
1980 1538 -676 708
849 104 -1249 1377
868 -1480 493 1811
1384 1705 119 436
1141 250 -627 291
1029 -835 -913 481
1928 -939 746 933
1920 6 -602 1384
774 -836 -1871 970
1459 -478 645 1435
871 -1035 1445 1122
1846 370 30 1610
886 -493 983 1648
1331 1976 -36 199
939 -446 129 196
1939 -1650 -987 369
1615 1794 -1313 894
1725 -1278 1107 1612
764 -1224 -1289 592
1901 -667 -1898 822
1945 273 -757 939
266 -21 1612 850
32 529 -171 1345
1869 -271 8 417
1210 -1301 1899 1952
400 -1633 -345 1154
752 -959 -398 1308
1276 402 -242 297
1275 -1026 1898 165
233 168 -1047 644
532 236 1023 1788
656 -1375 715 470
1140 -1497 1412 529
1211 -399 1692 1167
1892 1116 -1666 839
579 -122 -1100 1313
525 -197 858 685
928 -177 1450 1292
489 1051 -1696 1893
1755 -1608 -1598 1330
719 260 1018 512
350 402 1870 419
345 1839 -30 719
530 -1706 -1774 640
704 1083 -894 1315
1503 -610 628 779
126 315 -1769 1085
1327 -1635 -828 292
330 -1900 -253 46
938 469 -155 28
1598 15 -759 806
1194 -180 -1497 405
67 -1044 1125 1800
1479 969 1190 847
1939 892 473 1779
1994 -1308 -300 1788
