2000
801 1928 928 1357
1621 -251 -1967 354
317 -870 1986 537
132 795 -665 1955
647 -1439 415 1716
390 -75 706 212
583 -604 -774 1423
323 -163 917 102
1447 -1047 -913 556
1365 -1236 -636 1770
656 1815 -1528 1804
739 -327 -1611 1474
123 -943 -263 864
1928 1578 1736 862
465 -1958 -1055 232
1453 -1563 -1731 1567
1162 1274 633 1382
121 256 -1064 678
640 1049 -41 522
615 1315 -274 1764
1516 1557 1113 1398
831 340 -1345 1338
198 -406 -1176 1243
410 -1629 -187 57
1432 -130 -1798 281
722 -492 -729 467
987 -1276 883 1298
575 1640 1632 984
1624 -1095 -1609 1783
1402 1748 156 360
440 -199 905 856
28 82 380 710
563 1055 -541 1911
799 1785 1835 963
1555 -995 156 725
1547 470 -1502 366
929 1401 -1553 866
1081 -1449 -1586 1129
166 1021 -71 944
482 -924 -1380 38
106 1972 1640 79
96 -1447 -1399 1236
264 -511 1780 401
27 -937 -1009 502
519 -1391 446 343
556 -483 -344 1948
1488 692 1592 1569
877 420 -1223 1367
174 1142 947 770
501 -848 -840 808
920 -1218 -1653 1448
1487 -1920 740 785
520 1137 -1150 1735
596 -968 -581 817
55 266 -1894 941
1195 1081 1537 1019
541 -1259 1271 1390
111 -1032 1706 671
949 -235 -1658 1961
152 759 -1207 1918
1414 993 -98 1520
863 -1534 -1873 857
1818 1964 100 1076
558 -868 -1088 273
1001 1936 824 1733
317 1676 -637 1175
350 -204 1537 1637
1045 -153 198 1149
864 -1823 -548 1204
47 -1533 1920 1619
1897 1088 789 1956
1525 -997 1172 889
513 663 482 1446
1039 1460 -1540 130
1427 488 643 266
1638 -861 -860 414
1686 -597 1334 1762
596 -217 -530 111
564 -229 -699 591
1952 -41 -1900 1652
1814 -828 -371 433
1509 -1717 114 687
1060 197 -1320 1354
1260 1579 1912 850
681 -532 -1987 955
316 -1695 -961 541
204 1587 -152 1540
1536 -1607 972 1137
1414 -583 1315 135
416 -566 1847 815
1314 1480 970 900
1461 588 -343 1416
103 -989 -1787 157
1465 -1256 1901 157
1520 751 -1699 3
1844 51 1141 288
1763 -1791 1069 839
223 -719 -1365 656
540 -1749 699 1913
1075 -477 454 1200
1634 -1614 737 874
1050 1976 169 1648
624 -1296 -64 1453
268 1391 -464 129
77 103 1810 417
994 1990 -1816 964
1874 933 627 1447
1766 -458 -1016 1738
1674 -1327 -145 578
1023 1621 -1158 741
1740 -542 -1316 1920
568 997 1971 436
1186 726 1583 677
586 -1711 1465 842
805 492 919 1824
508 343 754 1575
685 1793 1795 1715
617 1228 1131 1580
1924 1494 -1372 990
249 1796 -501 1850
1588 -542 1400 852
629 -1769 702 147
1107 -1946 726 979
407 1037 -1444 198
1741 -731 -1259 127
1895 1859 1528 1510
601 -933 -779 1703
1710 -720 -818 18
561 654 1978 1116
885 1789 1418 1053
142 1396 694 577
1718 1664 759 535
697 -753 -1138 117
9 1857 1500 1265
1242 -1486 -442 1609
231 806 -82 1069
1644 -1477 -1031 1327
1721 -1867 1525 682
1237 -480 -1 1096
1689 -1178 -656 1131
1905 -1360 1228 389
1007 -903 1986 1391
1176 -1238 894 518
1268 139 -1481 249
1298 -199 -1186 557
1250 -1794 -1063 1497
169 1238 1294 698
273 937 1222 704
1750 428 355 783
90 1247 -1302 511
881 -475 1944 1933
326 1882 -1413 1528
1813 -1959 -433 116
622 1684 -1220 10
281 254 1391 1670
1932 -834 -1329 760
1174 562 -36 1460
808 -1245 -1029 1330
87 1078 182 1806
1500 358 -305 1657
1603 -922 1579 1142
783 106 -192 894
1381 -488 622 1917
1036 -1397 1151 898
83 -909 69 307
1579 -942 -149 455
1561 -1781 49 1930
22 -1605 108 76
1519 714 1466 738
1093 1413 267 596
1069 -1088 635 557
1152 -1961 -580 799
45 -702 -1405 28
1571 1853 -1695 1822
807 -124 448 383
964 440 877 1666
342 -1747 -643 137
974 -1451 -146 1148
865 -1112 -1165 1816
633 -1870 1133 781
306 -765 245 832
334 1859 1061 1623
210 -1211 852 1936
567 396 657 826
442 1043 -1021 1081
1564 -150 240 726
226 -1489 383 1613
1078 983 992 1982
1556 70 -1483 781
1438 -862 -1047 1410
1113 66 1275 1642
1982 -1835 -1918 132
1097 -995 1541 1556
126 -1029 -1528 1475
511 -228 -648 509
807 1639 -1647 913
1506 -103 672 485
386 -1528 -843 96
1196 628 1863 910
1337 -770 -1049 1472
598 1976 172 585
916 -1804 -897 642
520 -832 -1697 182
620 -1088 908 903
492 -793 -1782 1767
1242 -1226 -1674 1152
75 974 1692 1549
632 -233 -225 478
798 76 923 1816
590 301 -1910 867
1374 1341 480 1018
725 1871 -1042 478
1907 835 -1617 756
1047 -1600 1538 722
87 269 792 774
1052 656 852 1007
147 388 -1904 626
1485 428 1780 1142
127 -1941 -1808 1576
35 -493 187 360
1030 815 527 282
8 778 -108 551
95 -748 1192 1513
628 33 -1070 274
324 1709 -1265 1686
384 -1043 -1338 1356
1325 -893 1305 481
213 -721 390 1173
53 832 -582 283
973 -783 -900 381
1603 -463 1906 1079
576 -643 -759 1351
1329 158 -1496 436
359 -12 -1918 4
647 -1833 1487 1091
1867 -903 -43 1235
224 -1017 1885 1335
678 822 -1161 630
1715 846 -1273 463
336 -66 -1441 1631
1130 85 1960 220
1682 453 -378 494
270 -304 1470 1312
54 529 179 996
343 -1721 10 268
1428 227 -379 418
96 -1978 1942 1617
245 -694 378 841
336 -237 1527 1999
1330 27 892 90
304 1341 271 1591
1124 -1554 -22 871
955 -1978 741 1564
1061 1236 861 527
472 585 209 525
125 1026 607 997
1570 883 -1717 731
502 -1217 -374 777
1055 121 -657 841
1431 -1837 2 444
475 1463 772 870
155 -278 -785 1535
1742 704 1073 19
315 -1178 1502 1843
912 741 -1352 1426
302 -681 -136 1658
811 1758 1195 36
1423 -1517 -507 419
1447 297 -853 1466
54 383 -1854 1425
863 401 1276 1220
380 -1722 -998 1572
1018 -159 413 1908
1738 584 -522 1453
706 -1645 -512 1786
554 -1712 -1146 1533
1632 -1018 -1138 1384
1364 1677 1655 1349
1868 1525 -676 959
642 -288 1635 518
497 -905 -1283 79
315 -601 -1506 1794
1254 1875 -1611 1418
1402 -154 940 985
389 1588 -569 1521
791 -364 768 603
1526 -156 -459 1620
1403 1415 1592 1883
1092 1541 1650 69
576 -1606 -661 778
1350 -1929 281 1269
958 1830 1907 1543
1526 -106 1091 1780
590 -1177 -863 1044
1596 1199 -1463 1412
233 1324 -335 947
1523 1210 -1780 133
1369 -1116 1115 883
802 1931 1867 1721
1846 -1709 -1241 247
1843 426 84 1073
1577 -46 -328 1375
1935 843 413 62
1260 446 1592 1996
1182 -1989 473 144
647 -48 1036 1936
1018 -1295 1275 1672
243 -1095 -978 1706
1308 -1380 -1417 649
1161 137 477 1948
925 -326 528 98
770 -762 -173 1400
854 -471 1663 132
648 208 -480 398
1199 -105 178 1185
627 -627 -216 1567
1586 1537 783 26
1805 -1533 -501 236
408 1355 117 1392
1981 -621 -1779 1702
1850 166 -310 1955
1374 -45 -1445 1630
1904 -9 1510 1701
584 1768 -454 982
1012 134 989 1142
581 -1734 -961 286
879 298 779 1944
1404 1453 -1773 390
794 -250 -145 1100
920 -53 -1815 129
397 502 -1767 402
1698 111 -588 1247
418 1343 40 1276
161 171 784 1922
1058 -363 338 235
112 712 526 25
886 -780 -1932 1647
1799 291 833 310
327 -486 652 1114
175 -193 -1991 667
1645 1049 -88 221
1602 -1984 1678 856
834 -177 -52 728
1303 542 1996 894
1135 -877 -1991 1933
409 651 -1745 1534
1244 -257 724 1324
1617 -653 -1685 1273
1492 343 -69 55
1606 -1070 97 1152
190 -1720 525 1151
1603 1951 -1206 805
1492 872 -102 133
1104 -1497 -699 1703
638 611 -1270 569
1911 856 905 1417
727 1517 933 1212
271 1675 331 1659
918 1668 1234 1601
979 -1087 1906 302
1637 1136 518 1319
1355 -1743 -820 1987
1484 -1497 583 1775
897 406 819 971
1046 -1240 1813 1452
1981 1959 -782 760
1242 -309 1503 1149
1672 -558 1511 714
1138 -974 -551 947
1627 703 1221 801
343 1921 1637 480
655 92 548 880
1825 -1617 1174 1061
1070 776 -483 1655
1547 1895 1256 1763
1072 1751 703 1287
380 -1332 -587 1370
1583 -588 1246 722
1758 -591 -708 683
402 -1396 -1525 343
889 -1449 -1510 1049
660 1973 406 281
1000 1285 172 1043
349 -1256 -282 1815
50 632 649 202
566 327 -1663 1748
1217 143 -1666 1057
1033 -169 -912 1376
1645 -1367 -457 1047
286 1044 211 1260
849 -1573 1399 1709
910 1451 157 826
500 -100 291 1510
1107 1239 -1864 297
560 1685 -77 1872
868 -421 1552 732
1453 1062 -35 527
1180 -12 797 434
406 1634 1831 818
1508 -508 -1895 1630
466 -628 106 1211
1043 115 -1611 1552
1435 52 1947 762
1460 1324 -407 1913
1786 -1395 -1417 1953
1567 324 -893 1195
184 -991 1466 1537
925 -1401 709 1477
669 -1964 154 698
936 1237 1218 601
1347 349 793 574
456 -940 -1016 1641
19 1435 1710 558
1830 -1528 1424 1733
405 88 1551 954
987 -93 1082 942
836 -976 -1577 660
1985 -486 -1158 1669
1719 1468 1623 1933
464 -1262 -1581 1067
1112 -1812 1437 1733
1553 781 -1020 1618
1343 -985 650 254
1757 -1440 -903 281
1431 1921 -835 1480
1630 -1593 -617 1555
439 472 794 597
1212 -1632 -1759 1392
1913 1009 -913 38
1376 1255 1214 897
454 536 -1892 1212
1571 1418 -1060 1799
1158 1734 1772 23
1983 1434 -905 115
884 -804 270 1464
1804 1594 -1211 1078
1047 -1019 -675 1298
564 369 -942 1570
424 -494 14 1668
574 546 -783 1159
562 -130 1414 511
405 1544 -165 597
1180 1873 128 1029
865 -885 -1663 1679
1344 -1885 1389 23
619 526 1806 901
1431 559 -1130 502
1709 743 40 1689
1274 1195 1624 562
1375 1481 -1700 1258
1569 -522 1344 221
1914 -481 664 1754
438 680 593 1639
1975 597 1362 1147
290 -1251 571 482
1840 -932 -1429 1133
1118 975 -1649 63
1837 1170 -1353 1505
1330 -1595 1520 862
791 -331 -1269 1128
1241 -81 604 785
1080 -1142 -822 1347
986 -1307 1957 1321
695 -812 -1604 1155
30 -803 177 198
895 -967 1358 794
240 -1622 1465 1914
377 -1442 -1320 1576
711 1753 1191 1206
460 -931 800 1181
541 -1573 1646 1194
1763 -307 844 364
1739 -750 -1046 392
614 -872 190 1445
1897 1049 1845 672
654 927 130 1993
738 -366 -149 965
837 -31 -208 1770
1837 -1920 744 1045
947 -811 397 1607
564 -714 1497 1348
1 1831 1401 1171
415 808 -600 1825
296 141 1808 766
137 -926 -1398 701
98 221 680 696
809 1734 979 1995
487 195 -122 1413
809 6 1150 1754
768 846 444 627
1154 -728 -331 971
1047 1244 923 1588
828 -1178 323 1201
35 1509 -1878 1033
401 1626 -469 1483
559 -1348 -607 980
442 -767 219 1578
244 1013 333 1685
1728 -1756 -1389 1968
1001 -89 -1072 1645
1148 -1190 -848 302
329 -1258 1039 1933
70 1912 1920 1973
972 -1819 -205 390
616 -1900 -874 517
811 1825 561 1065
1275 -1022 -905 1503
288 1776 483 1816
663 -660 438 502
835 77 -1110 1922
1223 -1673 -141 1433
1517 -1617 -189 458
194 763 -565 249
375 -2 1676 160
1458 1571 -356 1321
443 1567 -721 21
1071 884 -1020 120
17 503 581 698
1108 -1335 -1530 871
834 -156 579 592
136 824 -597 313
983 785 1794 1577
741 -669 1247 636
634 801 66 644
596 1554 -681 564
1603 -1802 -1361 1332
989 936 -1609 752
1019 861 -1795 1465
90 1993 -742 242
188 -232 -52 36
660 -605 -51 794
1357 -988 812 1526
308 -1661 619 1434
57 -1314 -1769 1440
499 1023 -1586 147
41 909 973 355
697 -1178 288 1285
84 -661 -1947 1889
1568 -87 -1081 1138
1141 -1368 1723 1738
1185 1679 -737 539
1860 189 -383 895
548 -509 1843 624
475 -229 -453 1376
1028 513 1141 547
1601 496 -182 1921
1000 -1670 117 1157
961 -314 -98 480
410 1657 -1282 950
979 887 -617 1151
1139 -188 631 312
1281 1031 -280 1808
379 -207 467 235
914 685 -524 1522
28 -946 960 129
641 377 -667 1320
319 1007 -1560 475
1975 -9 -737 146
1037 168 964 1722
891 -472 752 561
510 -1989 327 1486
1624 627 -1740 1399
1853 1199 -1550 1688
1990 -1028 1049 195
1921 1742 1423 1451
1822 -889 682 1943
1891 1641 1308 86
1434 -1580 -1520 1797
1614 327 -1731 1370
1618 443 991 1229
1177 922 -426 1401
719 -730 1562 96
1758 -1557 -1039 164
826 183 181 1247
902 -870 1469 44
1789 140 626 1659
954 1816 -904 1137
607 -82 1767 1637
210 -295 -585 341
700 -1510 372 1183
1544 669 -663 216
378 -237 -420 297
1877 291 1642 1612
1140 1385 1293 259
1282 -525 -504 1762
1394 1662 127 1424
1863 -335 1124 282
973 1996 1423 400
1231 530 874 1894
1278 918 722 1637
433 -839 -1291 1831
1055 -1930 -1052 1214
1366 -1457 -448 1821
808 -644 274 269
969 364 748 362
898 -1677 1967 36
785 -1286 -1417 927
999 1211 589 1779
1912 277 -805 1852
271 -736 -1464 1947
1223 1446 246 1475
1811 724 1593 333
1863 -349 -1652 1876
588 934 -1475 666
1872 1948 687 1474
1428 400 881 1203
1436 -406 269 187
242 -380 1168 1018
420 -1375 709 51
18 -1344 617 1678
65 -842 225 1465
1578 1963 247 1042
1515 -1018 1262 1230
1845 1319 -589 1942
1004 -1579 1850 1013
299 959 1667 1883
557 -1597 -452 13
1413 72 390 1954
1895 -144 1197 439
1804 9 -117 1069
1426 -861 187 1414
426 -816 895 987
1448 -1629 -1966 233
1079 -146 -424 1839
1778 1232 -224 321
1564 1525 -1299 1144
1177 -739 -1515 64
723 -441 1769 1657
1990 -1579 84 1751
1363 -595 -1426 914
545 1761 1983 647
296 -971 1353 724
1460 371 -1181 1088
904 936 1476 1505
744 1855 742 1379
1901 -1791 1413 648
789 -1183 1542 131
1105 -1247 -726 380
1142 1573 250 159
1132 333 408 1500
162 -1960 -199 216
200 -395 -541 875
387 309 -937 1297
444 1443 207 329
882 353 1767 825
1171 -341 -1928 1367
1543 -1586 631 1089
357 -1857 -704 1687
1788 1988 -920 44
92 -414 -1551 56
986 -1789 -77 1624
1072 -755 -1358 381
922 1516 287 57
890 -1146 1041 821
356 1874 452 1134
83 -1304 1230 1427
1010 -3 1082 1545
1908 -1695 -728 167
29 -105 -1814 1322
1287 -1549 -162 1970
1182 823 -1304 723
1892 30 -103 790
94 1593 -1615 1237
916 1949 1366 1394
613 564 -1674 112
753 -498 -1804 1273
1501 -355 76 886
1859 -1487 163 26
975 -189 827 8
707 -919 1223 680
1636 402 -1510 1222
74 97 -1640 1779
324 -1813 -1803 1458
1570 -1474 113 1132
313 376 1717 1245
1043 372 1651 1988
1020 461 1031 727
1590 1939 -1130 701
1302 1184 -1155 322
1188 -1102 -1197 822
1423 441 -1679 254
71 -527 -938 1906
497 1713 2 893
7 119 1947 241
213 -1060 1209 1904
749 1316 1316 388
628 -1280 1738 1960
1747 1399 -597 172
1831 -1841 330 613
752 -1363 -1294 778
854 1816 -331 1336
928 92 -178 831
1403 241 -696 756
1161 1975 -1477 1901
1695 230 -1568 440
773 1836 -1999 580
1754 -458 1256 533
1502 -306 488 468
358 963 1453 1613
1612 1382 129 80
221 1281 -1418 1153
1545 299 -976 1192
1509 1008 1974 146
412 74 1656 1678
1738 -199 1247 1136
640 1483 -145 129
851 1305 1669 1517
1725 -1851 95 1923
1339 -1251 -1624 1721
1085 -1671 1244 1350
1240 108 -1868 518
775 -1385 0 410
1750 -440 -926 1413
246 -1761 -753 1840
1821 1307 -937 1638
226 -546 496 889
37 749 -455 59
517 -1516 -1283 294
616 -242 1563 1669
1831 -1639 1513 536
1087 1102 -1087 1156
1233 -1391 -792 1473
1154 -1261 -193 394
1868 -1115 414 273
1643 -31 -780 984
1041 713 -327 440
1971 1943 -1112 1646
42 719 -591 649
1907 -669 318 750
655 -437 -802 1204
116 386 406 1720
314 -383 480 874
478 -1039 -1246 1119
1186 1030 1174 1197
683 -1823 -1741 769
898 -979 201 1804
996 -1350 437 1826
834 -392 232 1930
594 816 879 497
332 -1329 -900 823
765 -621 1696 1967
695 -299 808 1652
1023 -595 -559 1247
1870 1875 -957 1202
945 1125 122 1232
1145 1669 -1123 1554
924 621 -118 19
1810 -239 -234 1285
1976 -1552 803 1979
1217 750 863 268
496 -1728 1356 967
959 -1250 -1554 841
1339 989 -1678 1432
293 784 1829 556
738 980 1561 320
572 1559 1525 1190
512 -800 1976 1248
1198 -796 1665 1304
1724 1428 1902 777
947 -1367 1232 755
1552 -58 -117 1291
1028 539 -1 1400
1925 -428 -1179 1815
443 1105 -1943 1193
1748 397 -825 1920
96 1867 823 853
725 -1105 -1371 821
284 1609 -1555 1967
706 -358 -468 1367
184 869 -1830 151
1796 1005 -1176 313
1534 1116 -652 1134
580 -693 -434 74
1110 265 244 1141
1850 -1382 -223 1531
1337 -1749 -358 733
1440 1496 -635 1071
1329 969 1694 1672
1103 -1109 797 1716
1829 -791 1510 69
272 -109 1146 1854
1696 957 -263 1879
1419 -1971 1129 1980
26 -1742 -1589 1726
699 -581 190 1232
1293 -1520 1175 955
1975 184 870 1162
465 -1028 -1741 1967
760 205 1743 412
1903 962 -582 699
1113 -273 360 55
1456 -1633 -414 560
1633 -210 1830 1323
414 261 536 80
90 -1786 -562 1370
832 1065 544 667
1085 121 -597 1493
290 610 28 818
51 -34 1839 604
1370 -862 -1558 38
1364 -965 473 961
1747 -77 -380 104
1242 -1802 608 277
84 367 -764 1561
1150 280 -1041 1720
1641 -292 1306 202
617 -512 250 1580
1528 1445 1844 285
1331 -1193 2 1569
1996 84 187 65
1558 1930 -854 985
1341 -803 1941 601
715 58 -1234 1413
340 -1825 -1262 1429
219 155 430 566
1274 -260 -1459 1478
719 375 65 1580
1081 -1616 -1978 1710
431 -1227 -1308 56
1433 1160 692 220
725 1866 1882 1757
419 -94 -1899 1250
1066 -1909 -611 1514
881 1033 146 1138
1094 666 1874 384
1483 496 491 1852
580 435 572 1153
730 728 -1629 1457
1387 -239 -1334 1150
567 1353 429 418
613 1326 -214 328
764 -640 1108 1760
1546 -942 369 1407
177 -922 1913 1869
1749 1215 1880 1493
1855 1558 1212 1096
605 1518 1277 1946
1167 -118 1129 964
1356 -921 808 1632
587 -1141 -1286 1184
890 -49 -759 1672
1275 1842 1930 479
1890 1262 -554 1906
456 667 1897 897
955 1636 -23 816
1340 353 -193 1464
1151 1757 962 835
1950 1219 -885 1507
471 -1701 -1651 1995
1449 -1272 -338 1716
1931 -207 -784 1210
86 262 -840 669
917 -1427 -36 1649
508 -1452 628 206
575 908 -1430 992
70 -1464 1104 456
1583 -1915 449 1673
1004 -1883 623 1452
1905 1111 -473 844
311 60 529 1915
1020 -383 -933 1292
1313 -1496 1719 1894
1018 -1764 993 1143
674 1798 1959 1967
1620 -568 1322 977
947 1435 1148 293
1155 707 -836 89
1917 -1079 1554 1483
79 1881 -1576 1472
730 942 -1509 1041
226 -448 500 1897
1746 -1660 376 1320
1621 -159 1804 915
1246 313 30 689
1825 415 -1683 1615
1799 936 1793 1502
1775 -1953 1833 1392
1223 1664 -493 1566
167 913 -355 197
1318 -407 1734 36
1091 -1859 -1525 1775
1181 -928 -1081 767
123 -9 1393 112
1030 592 -1316 178
842 -917 961 1817
1241 -401 -1021 1997
631 738 -527 1931
111 -359 -1404 1393
1372 1124 1721 198
129 -1480 839 1584
1858 1834 400 1499
185 -1648 1969 1961
1986 -635 -1700 717
367 1512 138 735
1124 -1208 908 1835
1036 -862 -162 689
834 1408 -1459 1415
1129 -365 -1585 402
1845 1601 -1819 97
1536 259 1226 242
38 -753 -440 1963
1993 -1369 -1475 498
1197 843 1934 933
621 1596 181 1636
1124 1650 1316 1570
597 -1693 32 1127
1172 -1793 -1160 80
1243 -132 58 702
630 -1576 -990 979
743 206 -1511 1144
179 -1067 -408 42
162 1822 -537 840
531 339 -27 295
1478 -727 989 894
1104 -13 -1345 794
1402 -546 440 587
451 -1773 771 373
569 -220 -1047 705
772 -1656 656 1193
1740 -491 140 143
541 -1279 -1812 166
1690 -731 304 968
1879 -408 172 1406
398 951 -1947 235
1947 989 -1167 1986
448 -1894 265 347
514 670 -40 834
1722 1987 553 808
1252 -901 1650 1344
739 -805 720 803
1627 -1698 -1475 1533
614 654 -1332 957
1376 210 -12 761
379 1495 999 1160
748 -1720 -470 870
1644 -1423 -248 1939
551 -1179 -1445 372
1680 1165 734 1265
1372 -794 -1613 725
658 1199 -955 546
1922 -1301 -183 666
1659 -888 -404 1063
818 -1513 1626 356
882 -1936 -168 1217
1511 -1669 1443 1299
450 1191 1951 545
168 -788 -370 1096
995 545 755 1096
1615 878 120 1142
270 1551 1879 72
1605 1238 914 1052
845 -1725 -1092 993
1394 1765 -856 107
7 1347 -1606 515
561 -129 1507 101
1320 1962 -501 1953
9 -601 1579 795
1958 522 -814 1611
1236 -156 1897 862
75 324 -1734 1203
1098 469 -84 1854
833 1955 -303 1464
1350 -1219 -1516 845
817 -1461 -816 189
1519 -1986 -1845 1867
1554 -832 69 417
703 -499 -1447 1290
1919 508 -419 775
1022 776 1387 1691
176 1070 -61 31
1159 1017 -1751 126
494 -40 -1504 1210
1777 1621 292 581
162 302 362 1097
1030 -1058 -1770 1169
1094 572 1050 1501
863 -698 473 130
802 1203 -953 1480
1380 -1565 1964 1082
1151 -513 -1785 602
1216 -581 912 1274
1783 -151 440 99
618 1529 1823 1474
1826 -1325 451 1222
635 1370 393 1236
1689 -1304 1392 1443
542 1450 989 944
245 1222 1479 27
938 1558 -99 297
464 738 -244 1696
73 16 1946 845
913 1690 -1144 1825
1188 552 1023 1744
1972 1907 -818 833
1684 -1302 -675 81
543 1488 1198 48
1697 1517 1838 850
1261 986 -1967 1215
1286 -896 1115 1939
1845 1742 546 959
1609 -1977 -1709 262
883 1555 241 1905
1366 -1608 1182 107
269 -515 -1577 1526
1621 891 -395 901
1278 1373 -1704 80
318 1350 -1467 1939
142 442 1610 1438
1675 1978 -850 566
1782 261 1870 1811
1717 -1735 -472 736
80 -681 -1761 1215
1588 592 -1446 1042
1475 1168 -80 1171
770 568 -272 1037
554 -574 -1411 1952
793 1884 -1386 273
1230 -113 937 567
159 -1 -865 1791
86 -1387 1084 1258
240 60 1577 1034
1789 -1158 -408 264
51 -71 -163 865
731 -1923 201 1332
850 -1269 -851 454
250 732 -1933 1038
662 -1870 582 1449
289 353 1675 935
312 -706 -1659 1244
843 1402 -136 368
240 -1035 -826 1295
512 360 1534 762
57 337 1189 165
1754 215 1488 1511
665 511 -1990 1020
1489 193 1587 1638
92 -1911 17 1432
942 -1686 -608 1466
1498 -1619 -7 1080
266 685 1690 1427
1851 -1967 -1771 1614
1534 1397 -688 1362
1993 1799 1072 986
852 1621 1254 488
973 -958 1602 1022
196 -161 -1648 1110
1871 -440 1753 347
1735 1883 -1237 1982
106 598 -1262 833
999 -1549 1281 1903
661 1837 -152 290
524 -360 1646 364
297 -720 -1918 1263
655 1998 -1960 1957
1553 -480 1555 1704
137 892 -424 1419
1476 1862 791 1023
612 1299 -1585 767
797 137 445 1733
1448 1770 1160 594
930 1039 1449 954
1726 -1464 -545 1957
1647 -1190 1500 640
623 -1590 -1085 1002
1980 3 405 39
1685 -540 -1467 1313
305 237 -1582 273
1144 -1559 -1626 1482
1288 1719 272 1215
513 -1598 938 1160
889 1504 -1390 114
1450 -1988 530 987
63 -1601 1103 906
1290 -1885 615 869
1649 -385 -1144 1144
1772 458 -1914 1157
153 1242 573 1391
697 -500 659 1917
1520 1379 -1492 1982
712 693 -954 927
1023 -1436 357 150
1780 409 -1676 1547
94 1851 -1504 793
37 -573 1527 1330
1399 791 1595 904
1461 717 1175 1093
1699 -1945 1315 932
891 1918 1823 789
762 1184 1865 1965
594 -767 -479 1204
983 1299 88 277
530 -1097 -824 65
17 1948 1866 828
277 665 627 1919
1506 -1963 1919 580
546 -200 -1164 445
1747 -850 1029 78
84 151 1913 862
1756 -1994 1545 1018
1603 -755 -295 386
1079 -1273 386 1738
1081 -1014 -761 699
1693 -376 -289 607
1150 729 557 1464
503 435 1161 505
827 506 -922 11
685 -1081 -340 1258
201 1825 -674 902
1834 -620 -1651 1683
337 -1880 -674 1417
485 -321 -1298 1172
1853 -168 809 693
1608 -1464 -569 847
501 338 -1989 427
1723 1576 -235 1220
531 1971 -890 1228
441 -1706 1305 1574
1262 -160 -1349 105
1545 -969 -387 675
1841 391 -463 420
580 -1426 1424 1855
1876 1956 -903 876
325 73 846 1305
737 -1942 1755 932
1476 513 808 707
703 1975 1947 1436
1305 1465 -1211 1997
649 408 60 341
302 -1903 -1844 1417
7 607 -1973 1696
491 434 1855 1767
1891 -1797 -1295 1663
667 1843 1250 1146
452 -1558 1145 1857
1909 1879 -1867 961
1701 1054 1519 841
1907 -1585 -1969 1709
319 -1051 1096 774
1486 973 280 208
1081 1034 -611 1707
430 -341 1922 795
1166 158 -451 1272
1902 -146 -39 1919
1318 -974 1585 1902
357 -614 1432 252
618 1314 1462 1647
604 1336 -942 611
868 492 -1971 554
510 -548 -69 295
780 1063 -748 1074
914 485 1820 1271
1259 1786 1311 1766
1315 -728 -1483 1957
1786 1217 -981 1321
1559 1149 1847 1521
1187 -1609 682 459
938 -1055 -1444 669
1566 -398 -1919 1981
595 -913 951 9
1796 187 978 1761
1229 -1393 -136 552
254 -76 529 1974
1103 -1934 311 1448
54 -1928 -1549 1935
898 1565 1424 1389
1860 945 167 827
1937 619 1006 502
97 -1270 -1412 1325
1459 -1735 -480 309
151 -705 -382 1589
514 1450 384 1882
62 889 206 1588
1095 -573 887 871
815 1122 1810 108
74 1403 -565 1453
163 1151 -178 700
1254 -1647 1229 1500
324 -1032 -15 711
130 -1046 268 1014
713 333 -205 476
120 1197 459 364
733 1077 696 510
1264 -1213 1451 1934
41 -1765 -1295 1981
101 -456 -1711 1326
1044 1673 -1845 1114
1166 954 637 877
1689 839 1652 1574
1861 1284 1938 1675
1185 880 -480 1267
1426 492 -797 1626
851 -261 -71 1360
1504 997 -513 1930
1642 1079 5 1136
1974 1132 477 669
1582 550 945 1187
1486 742 -1162 372
264 -1771 793 1578
1265 -1282 -605 1808
1505 738 691 1862
1863 -1845 -1436 81
1811 483 -381 392
634 689 654 792
1702 1192 -574 753
1027 -819 -1615 472
547 1506 -1131 1507
267 1063 1763 208
996 -520 -912 1502
507 919 1107 529
1665 396 1108 530
1963 -205 -1492 1245
1475 1208 874 546
357 1946 824 1861
1795 1829 294 1486
386 -1173 1956 1450
1595 866 1851 264
1899 443 384 1276
707 -1447 -1967 335
1448 683 594 1325
1876 -94 114 870
211 1788 135 61
7 8 -900 1276
565 -304 724 990
342 95 -1945 532
551 59 -1054 433
1337 1650 1974 814
1809 466 1169 1670
1449 1416 -717 251
1101 278 1129 1151
47 -1678 240 668
980 376 -1491 461
245 1935 -138 1427
687 -644 630 864
515 1237 -119 47
775 -1132 578 74
1282 -581 1142 579
228 1031 -552 1564
300 -185 987 1246
1040 1678 932 326
1177 1573 1688 1859
132 -1503 1106 1162
1714 -290 1040 914
312 -173 1672 424
1088 1128 1515 1933
1111 -1457 -375 1379
29 -1559 256 355
1528 1171 401 505
737 -1249 1308 1222
245 -518 -1458 1998
997 243 99 424
1942 517 1185 1153
866 -1480 1351 121
422 1687 1906 1700
1650 -287 336 1850
1100 -191 -749 7
1629 -1387 1266 428
866 -1680 -688 940
444 1380 -1682 784
1904 -665 -1730 1811
1032 1577 -53 679
1537 -1036 1806 719
699 460 -517 931
1868 -51 290 319
1021 -732 -404 1203
1899 248 792 164
983 -98 -1824 346
663 1507 977 480
35 -567 -659 1096
424 132 -1782 212
521 1686 125 1198
1193 -1814 1346 1057
1810 1819 265 701
1681 -227 -833 1255
247 -1482 1748 166
1562 -404 -1710 1575
322 1508 -190 91
1788 -1940 -1984 676
554 -358 -547 1675
1090 -1488 -532 1565
1627 309 -1795 41
1955 781 -1928 468
107 -1866 1180 597
729 -776 -894 1961
1093 1070 -1028 656
204 1184 -489 238
1249 -264 1414 1499
1767 -776 1376 1843
328 17 1172 1255
1601 1853 -401 1323
291 -741 643 1750
596 -1632 447 1652
476 336 1380 487
1976 503 77 1186
1755 -1973 -1197 413
504 1480 747 116
793 -1998 1823 1448
955 -1328 1 1916
928 -634 1292 809
683 -1247 -1344 186
1255 269 1029 289
1873 -1323 -443 320
1849 -161 961 1969
822 -1874 682 1055
1327 -891 -1915 1291
98 1268 -1320 1831
1440 1813 -373 1598
1631 864 1437 1914
1063 -1108 167 141
1190 1922 -683 1913
172 -1373 947 680
1311 -305 -584 468
504 -1555 965 672
1253 -1583 -1545 141
1269 61 -521 1238
1103 1491 -856 773
395 -349 -1003 267
839 1163 391 1100
627 1014 -14 1600
1269 -1065 -1976 724
1975 244 965 1895
980 391 -130 1357
654 -1416 -131 688
187 -702 1437 649
1491 -1802 1114 731
1124 267 -721 729
62 687 -1077 315
264 -1548 1048 878
297 775 1035 1504
1103 -1392 819 1464
908 -1901 1228 364
131 -1943 1936 1192
112 1568 -540 462
574 -1915 -67 1313
1230 1446 601 969
582 -893 538 1506
1408 1233 -743 1372
1047 52 147 140
1245 1756 -1311 1706
1816 1967 317 353
432 43 -1301 643
531 -1389 295 338
354 -1091 -255 984
257 -925 -814 640
666 297 -68 1258
1835 1437 1233 939
1203 -1356 -95 507
1609 -1412 -1509 1029
709 643 1553 1130
501 -1337 561 62
1626 1535 1516 1258
1576 -467 980 648
1770 -1157 -529 938
1275 1903 -1880 1732
1533 -1995 972 1421
1414 1614 1906 1730
1871 -1969 249 1299
948 -1347 23 356
198 -499 -1961 958
204 -1209 -1425 923
413 -435 -1478 1373
1271 -466 1902 1191
1756 -813 102 1795
576 1322 1971 1322
492 -428 -1305 1935
734 -40 -1111 1893
1591 48 -4 820
891 -1491 572 1064
788 -873 1909 610
304 644 -203 229
1679 1816 -1156 1690
1557 -870 1499 1500
590 1381 -62 1517
309 -1116 -909 896
555 1185 -601 908
1175 -1194 1840 1007
1680 459 1026 313
293 -696 -448 1069
1573 1163 -1940 1251
1719 1851 -1464 1113
580 203 -78 1581
216 -1669 -1066 773
452 -620 -821 887
1359 964 186 1441
224 548 -221 1186
1654 -640 -1562 1423
881 -1771 1990 399
806 1911 1803 367
814 1290 558 432
359 408 -530 708
354 385 -1133 708
595 1644 -564 525
1029 95 498 974
1107 -608 577 795
1632 -602 -1759 1165
560 895 -1853 1696
765 -196 1831 1620
1699 261 -421 1613
67 1388 529 355
660 1964 249 323
813 -1912 1718 267
1869 -680 -1449 1250
388 -790 -1177 974
1463 -1019 -707 155
527 -1623 196 1083
714 953 -1734 1105
585 143 1549 533
1425 -345 1940 147
378 -1029 841 1451
211 204 659 419
1708 1830 405 384
826 876 288 1985
166 1205 40 324
1006 -210 742 943
1539 1719 -888 1320
714 -485 -137 1613
1147 1667 -1573 558
1717 -1487 -368 1534
1368 -1080 -1740 1653
1433 -1426 -1896 1968
177 -770 1442 1600
31 -423 700 1063
1553 -242 -298 1166
1103 -1937 1352 1586
561 387 -1470 466
691 -1738 -1331 1219
1432 1266 740 1996
116 -1568 368 1594
1729 1890 -1309 685
1819 678 -483 1625
404 -209 -181 1415
1841 -23 -329 369
714 -1151 1741 121
142 -1190 1376 1539
973 -393 544 342
1500 -1891 -1954 1022
37 -1697 1630 445
180 -1592 -30 102
1947 1838 453 561
430 -22 1347 1258
184 1900 -415 1746
949 1378 -636 1132
790 -1777 1873 81
1072 607 599 1677
813 -1528 -826 31
553 878 -1130 541
1094 -623 -88 78
249 -128 -812 222
1226 -1773 934 941
40 -739 1450 1424
1107 842 1909 1535
624 811 972 597
489 80 1582 1044
890 456 -265 1358
133 1566 1893 973
1567 -921 -164 1932
609 1278 693 1435
1847 -671 -790 1119
212 -1173 1080 831
1965 1681 -87 792
1577 -1943 358 1291
712 -849 -1605 298
1033 715 -1507 62
177 775 -1539 516
523 1286 -1738 843
339 1246 1605 759
26 -584 1932 97
69 502 -572 1190
270 -1274 -41 1027
593 -1957 513 271
1296 -1041 -289 1250
1552 1850 1782 694
442 -1778 -253 861
75 296 -1525 1962
1588 -317 -575 1414
522 -1639 1402 1293
1975 10 -723 1631
1047 906 -947 1311
1468 347 -1471 1431
891 917 -1926 786
1037 1440 -983 769
1359 58 620 1911
354 319 421 269
139 45 -1296 863
276 -1340 -1600 1612
1306 1038 -1448 362
1165 301 301 815
739 -416 837 41
548 -484 1875 488
239 -118 1333 686
1284 1991 -1816 326
1385 1511 1001 282
918 1816 -753 428
1576 -12 1804 318
481 -1442 1022 969
1670 353 -264 1962
944 1028 -624 512
1996 -868 696 64
1627 1039 375 433
1267 -1284 -1330 465
699 -489 -993 1822
1475 1356 -913 1725
1290 -1836 -1608 1654
406 -1961 1082 1397
1504 367 -217 1035
133 -1983 -1891 316
694 1735 -1024 15
1081 -1486 1148 1217
117 1172 -618 1746
1210 17 464 566
935 242 -1381 1525
1618 -611 -1611 1979
356 805 1731 745
1690 -268 555 66
1893 276 362 1503
667 -331 -723 1308
1540 619 526 728
1997 1125 40 1065
1432 163 1087 374
362 -834 -583 299
1900 1587 -1706 1064
1083 -646 -445 1922
633 1667 1938 161
777 712 189 1088
1126 -1402 1673 593
1965 786 -1236 1286
782 989 -1872 409
1103 1885 238 341
1097 1251 -518 1610
873 1101 -1817 1405
848 -1352 -943 1269
1524 -1115 -1099 816
1725 1114 -1703 220
1832 1976 764 1742
1432 825 1338 414
640 1077 1590 105
1162 75 1543 1902
1763 1609 -154 1778
1484 1485 -1359 284
1483 710 1665 777
120 1345 -1 345
1376 889 1063 1552
1862 -1985 1053 1462
1085 1087 -940 1639
559 -817 1045 1924
793 1050 575 1409
844 1695 728 1957
766 -1320 1200 237
951 -96 -243 1640
1541 1550 1071 1020
552 603 -434 1120
486 1669 1508 160
1176 1177 1985 653
11 1030 -1254 986
193 -1864 -335 1744
493 -1698 1194 1770
251 1297 -361 1514
949 -1314 48 306
863 298 58 668
1420 318 1419 659
1078 914 1021 440
26 1150 1726 238
329 -297 736 701
1225 1822 -1718 1635
578 69 -1473 318
482 1306 -88 403
1801 704 -285 571
1950 1319 -1127 1824
408 1209 1055 1749
277 -1479 -317 235
102 -1741 1411 1613
1393 325 1577 309
846 -768 -927 1684
1547 70 1203 318
120 -826 -1802 187
396 1699 -530 360
1998 1012 -630 612
1500 -1841 1977 1107
168 -1589 -122 1695
1925 -1063 -303 1394
1071 -1125 -581 636
1968 914 -1355 1411
764 248 607 1934
342 -333 968 74
1832 -1578 1986 357
608 -1346 -1230 1542
477 -97 -918 707
182 430 36 1976
67 551 -1949 727
1330 1585 254 1619
243 977 1851 660
941 -1156 858 470
1287 -1908 146 697
623 1011 1879 434
1223 -139 1139 905
1330 -873 1006 506
1020 356 -581 1780
944 879 466 1372
79 493 -1500 523
1583 -825 -427 1852
1258 -1696 165 463
1499 1817 905 1321
629 -1209 1803 258
1003 -670 350 197
1273 888 307 147
586 1827 -255 864
543 1994 -1870 421
462 190 -620 492
433 -1734 212 1160
899 713 -970 282
1655 1568 -1147 1724
145 -1735 -907 1867
442 -1674 220 261
752 -89 179 1551
723 -1197 -338 833
1242 -937 -722 247
412 -1161 940 1010
296 -668 -804 885
829 872 -1188 810
1570 1190 604 1898
1807 -1939 -603 696
434 -1650 1662 1367
1452 -1756 -505 799
1649 509 806 1612
700 1896 1769 287
664 -1392 148 1947
648 -1514 -38 1993
1744 -1919 1660 1893
937 606 -745 1182
1921 -565 -1018 1114
281 -1760 -73 287
1733 -543 1340 1579
432 -1695 -632 1406
133 -168 102 651
1431 1819 1035 746
58 501 -644 889
279 398 -118 838
252 -1250 1903 1447
1834 764 419 962
1413 -85 116 949
1400 -641 58 1199
1470 -77 -1409 1733
426 -1589 274 494
1600 -7 822 1096
1881 1212 -1245 1281
323 -1800 -1004 622
1007 216 -1591 183
1634 -157 -1794 1513
1716 -1606 1386 1971
1140 -446 -1623 1241
97 1702 -1747 1028
1170 -767 916 1648
288 -1254 -1579 589
503 -538 1121 399
713 -1161 1091 398
698 -1333 1895 1831
997 -804 -1713 1800
645 1563 613 152
909 -1496 1870 1853
929 -708 -281 372
1355 1864 1568 588
39 -1587 -281 171
1718 -610 -41 1144
1327 -511 -1989 367
1290 1041 1731 640
771 -1125 793 145
813 1482 957 1479
316 -1689 -1766 1425
1162 1739 1485 285
1363 1016 1970 1905
424 1831 703 339
16 -1605 -295 1697
1747 346 123 1307
1309 730 1489 1860
1265 -288 -809 628
227 1163 531 1961
1069 -1181 253 1745
555 382 -1553 721
1535 1152 1189 1073
1421 -1638 958 1950
1696 -814 289 1847
932 -335 121 1361
1929 -1789 -992 1667
1767 -1448 -1821 746
756 -1342 879 102
927 409 -1834 987
1657 -1196 370 1410
631 -290 242 693
946 257 -1135 166
1894 114 84 1001
1206 -384 1001 693
1910 1686 -1164 1719
112 1929 121 1758
720 -615 274 1968
1880 -656 -1570 1572
749 -436 -1931 1654
279 215 1242 167
85 -1971 -1619 1066
855 1789 -458 1032
978 396 -324 1101
1600 -515 -1689 520
1533 -1952 -869 1407
779 -798 297 1369
527 505 307 1170
1586 1611 -675 1898
32 -594 -1364 358
556 1013 -124 478
426 -1182 1824 1278
708 -156 1467 293
1494 -1703 -1601 1384
1026 -11 1060 224
829 1021 1997 952
416 -1171 -96 1456
104 -775 1158 29
1798 330 -624 1270
351 -947 407 1848
109 235 1069 1652
1500 -923 -343 236
894 1983 -1579 377
136 1724 -148 1368
722 -872 -1670 712
939 1877 1633 1581
323 698 1491 1601
976 -415 1414 798
601 -454 -1395 52
78 -1050 1947 345
910 1975 1263 933
1935 -258 370 882
1705 517 685 498
763 167 943 872
197 1752 436 477
861 -1552 -1259 1789
394 1318 -1538 1512
44 1180 1614 1841
354 1435 295 1218
274 -568 1892 1654
1748 1038 633 1470
1975 531 386 557
1643 1818 1247 540
1126 -562 306 1239
32 1350 1646 749
310 1606 350 900
1930 1321 -1503 322
1953 -20 1187 549
1556 -1142 -234 1165
1952 -457 -254 828
1798 1533 1716 1869
875 1232 1731 1210
905 1808 -1735 1861
972 -1313 -1693 832
839 1238 652 1972
1773 -486 -1177 638
1463 -55 -797 941
324 -1806 -1161 854
1124 1113 914 1664
1053 -470 1709 953
711 551 1845 287
831 405 -552 807
631 364 1458 665
228 1344 -1948 49
447 -1907 694 624
549 512 -1705 490
1031 76 -1233 230
139 -142 -1663 737
1945 841 -131 523
1438 -795 1859 712
316 -1394 861 1216
344 1895 -938 1983
1339 1987 677 1446
1954 1126 -1576 456
1311 -559 156 78
1653 -1823 1477 164
1887 -50 -1582 1769
857 228 -618 291
742 -1726 842 1769
121 93 1216 823
1692 -352 23 349
1676 -758 1570 624
810 -1234 -1804 552
1275 -1431 909 1248
569 1236 -1248 970
769 96 1126 1496
1907 -621 -1075 1444
197 -1484 174 1785
1328 -268 -1935 1399
1905 -1896 -1917 403
154 749 -332 180
846 133 616 1352
1592 1710 -1959 429
1621 -1215 901 872
661 1561 -752 1617
670 1341 53 69
1129 748 -628 1507
1795 -1892 254 1344
30 1364 1513 1987
109 1574 626 857
955 -1779 -1426 258
1765 612 1346 1298
395 63 -277 1249
1683 781 623 1067
166 -259 -1002 833
1249 -1526 -1550 1367
1846 -1921 816 1492
136 -341 581 1301
1986 949 -1914 1129
1297 1905 608 118
1349 1479 1809 1587
1717 1010 1498 764
1768 -1756 1428 242
540 837 18 856
130 202 -63 615
1280 66 -1214 1146
1870 -162 1392 1363
810 -716 260 1956
628 -1588 -1753 503
1314 53 -878 695
1133 -298 -1601 805
962 1338 -1136 388
371 735 1375 1132
707 1368 -325 443
222 1883 -1208 783
1950 1301 -119 717
759 1397 564 510
1612 -212 530 1324
1383 -1760 -1108 1098
229 -1827 -235 9
1288 1230 1628 244
1891 879 -1493 1829
1234 -481 -612 1421
927 -613 626 768
270 -50 249 582
1554 -1171 -1666 572
1637 -1190 -1309 385
516 132 -902 297
1 -1685 1020 542
1840 80 181 1978
1322 -1620 1051 1885
1293 -281 904 1085
1161 -1118 -952 673
1044 492 -1475 518
1176 -435 -873 1578
1728 665 -1131 1924
270 -1765 -1562 282
696 1851 -205 1752
1926 286 -621 704
1878 1237 725 1973
905 -212 1725 1935
1987 1301 -1552 1994
542 531 -784 518
887 -1643 334 1096
1776 -840 -1026 1832
1245 1421 -1219 770
487 -1100 1892 181
1756 713 1230 1734
172 -792 -482 846
1262 -1711 1075 664
457 -1043 357 404
1387 -787 -45 1447
214 -1028 -1506 1721
1950 1405 215 1109
796 682 1300 1948
798 1207 -96 738
1460 1506 -232 1616
1221 -477 52 1408
1016 -1472 -772 389
43 1913 1020 1488
1648 328 -976 1531
1899 1103 1376 947
373 -1427 -1158 1702
812 -1935 -152 937
1649 1720 -196 1940
1384 1000 687 1843
203 1516 -266 1447
1576 -801 1570 1827
1470 1912 -1389 1313
116 -1502 955 122
1715 1499 -85 305
23 981 1317 585
241 1903 460 1338
1192 1064 -1793 272
1139 -1314 1001 268
480 531 1298 1025
1 1136 1025 552
138 1627 -1318 685
100 1290 199 431
669 -616 1066 1908
1734 -570 -1115 322
1763 30 822 1751
223 846 -1240 1555
1093 -986 -888 1113
1128 1973 -706 1266
780 -1915 570 1225
1162 -173 1458 1279
768 1932 631 1881
239 1092 141 525
588 1622 548 1561
1503 1157 -45 428
1702 793 -1410 1035
723 1323 487 1997
490 1785 1656 720
1397 1625 -1441 114
1216 -641 1611 840
172 50 -239 1130
640 497 -1798 1845
1971 924 643 248
964 -1624 -1720 1319
851 -253 -354 171
613 854 693 624
1667 1531 932 1478
1403 -1595 661 193
1566 -1755 -1768 345
624 -211 -1981 859
1868 1111 1548 1813
541 1566 -855 1230
1926 695 730 476
1803 -1644 -339 1020
838 -413 -1398 445
515 -1978 520 1685
1332 1220 561 1531
13 -476 595 11
953 -237 -1434 1926
627 -1247 -1578 911
1742 -1952 -1337 1166
110 -664 1521 1985
1053 -69 -93 790
455 785 -1276 1939
1934 1659 -1706 159
774 -48 -591 1861
1962 1005 1306 904
646 -1522 -233 1290
1066 1893 -500 1363
1677 78 -1889 529
1208 -1072 1755 1890
1175 -1920 -84 1435
412 530 754 1332
476 -143 -236 1370
687 1342 -1959 1628
996 -1833 1790 575
1851 -1943 1430 1050
25 1785 1347 746
184 -1712 146 367
1812 -1875 -1941 366
1871 -1396 -1581 1885
877 1415 -1944 585
1321 1347 204 211
927 864 -1792 319
239 358 -808 1812
737 518 676 1711
1179 -295 -92 623
1324 -36 356 1242
21 1696 1598 1719
1067 -1627 -1280 258
567 -337 -484 284
997 -1041 -1015 1240
520 -511 1333 191
197 -115 -1940 1245
1891 -1827 -1114 1938
1585 -111 1642 433
224 -717 -742 1412
1413 226 1706 22
1065 -15 1807 1191
969 620 54 1228
661 1362 1193 1661
1621 80 1338 390
1743 1033 1507 1430
259 -878 296 1778
1504 1470 781 371
1675 529 1317 676
1135 856 1359 1061
216 -780 1424 971
1543 55 -126 1981
17 1711 808 1624
1200 1572 578 1021
768 1574 -1537 1918
867 -212 -1027 1988
526 1016 -1620 988
106 844 -311 1125
1956 1196 -1891 867
109 -1110 1483 624
1370 416 1257 694
1445 -1007 -1337 1765
1434 -36 1394 899
251 -133 1881 1160
1293 -1385 1354 1902
473 -83 1073 183
1387 -1945 -1104 374
182 -694 521 196
335 296 -438 1741
1310 839 1353 753
432 20 1451 931
903 1665 1738 349
264 -568 536 1978
364 1881 -34 1723
16 -1621 -532 531
1237 629 1700 91
1936 1534 1928 1631
1787 678 -1935 1390
1538 1547 1195 1758
1975 -1792 -1078 1717
1007 -412 925 1969
1043 -1826 711 1826
