2000
1983 -1846 64 1571
1857 -1148 1005 1996
720 -41 1716 1621
1896 -607 419 1288
1433 -591 1064 149
1750 -1837 1630 1630
1881 -1133 1471 635
1325 110 286 1064
979 1987 1735 434
542 993 -1353 1006
1831 -575 -45 114
585 -1279 -290 1002
486 -145 927 468
1520 -1880 -1140 1204
561 1145 628 1761
995 -21 165 1990
249 -1450 -971 1474
1077 1752 1821 824
1999 86 -1557 1952
1636 -660 -681 452
1365 1860 629 1396
356 -1276 -565 435
1178 1718 -901 631
1908 1556 256 1181
145 53 1003 1650
22 -1716 251 1003
1834 979 1248 1758
650 21 -1371 935
22 586 598 132
786 1223 -1834 1865
342 -1329 1851 301
607 1974 -921 1611
1900 777 -456 1858
17 -845 1092 150
1415 -1057 -1661 365
970 1742 -1638 818
1706 -797 725 1061
1899 130 811 104
852 -461 -974 68
116 -344 -773 1938
232 133 -1564 1235
1463 1143 -1722 201
1286 1561 -778 59
1876 799 1097 581
80 -1292 -492 981
1741 -14 1253 1535
1285 66 536 1402
883 603 1487 1986
167 1832 -1729 1060
1238 468 1630 1140
584 1563 -137 746
248 -259 223 480
1432 -1839 -570 1638
234 1905 -1238 1423
56 656 1963 225
1004 411 -1805 857
457 -702 -886 1717
912 -722 -518 1992
1756 40 1018 1385
1575 -1562 372 356
1378 841 -1931 1495
353 761 1816 343
125 -737 1333 777
1936 -969 195 1241
1292 -124 -161 566
1541 1809 -1055 355
562 -1015 242 1720
1120 885 -864 752
1343 -1304 -1093 777
595 -95 1932 742
1172 1602 1946 1728
1022 150 -1893 1281
386 -1329 -1274 1368
403 -1959 1784 904
26 1621 577 152
1155 1652 -9 1620
1070 -1833 -1034 490
478 364 1377 15
1709 -1235 -1141 24
70 1400 1439 1073
1946 -1779 -410 297
1980 477 -1369 324
293 1270 88 1592
1168 157 -1522 1648
687 261 1880 316
1316 1373 -1279 1775
201 -636 1158 1008
1545 1460 557 1737
804 21 547 1371
815 1463 -1840 1560
1506 1760 -1052 1816
1256 -951 1994 709
1650 -1606 -1406 1870
1509 322 831 1096
1991 1098 110 168
1190 382 1632 186
673 -1065 -1646 1390
333 1726 1867 101
961 367 -1309 1288
794 -458 -1436 274
536 188 -1633 401
1263 -243 -624 1753
71 1447 1994 864
1853 -1499 -1320 435
1952 -94 1264 752
500 -1196 -362 1850
1842 -1866 720 1705
1750 -941 -1245 1799
400 1532 -997 1107
612 467 -1230 1570
1210 -306 -1185 1145
862 46 1497 1732
785 616 1024 675
1430 -205 -821 472
1206 -1350 -1255 1130
1836 -195 118 1044
1066 111 -1463 1206
1827 -299 416 1843
1230 -1094 1193 738
521 1921 -359 702
212 -303 65 1846
354 -1041 -1145 1629
1020 195 1537 1131
669 1098 711 1722
1702 -1189 -1958 1194
1660 -388 -31 781
485 -1290 -1573 1195
335 -414 -682 1264
954 1248 -1326 1625
728 -96 1420 1691
1636 -903 -1315 188
1912 -1665 1149 936
693 1168 945 525
447 -1562 -1307 351
1711 840 -1887 1013
623 1066 668 1082
1969 1148 -1317 1197
553 -1993 -1868 1457
1326 -1339 1285 622
1469 -1610 657 1502
1222 -599 238 369
717 547 1859 185
1642 1627 91 1487
522 1430 1168 1052
1403 509 -1891 1344
1204 -972 -798 1663
1979 1052 977 1519
1580 1330 -1476 1260
425 -1258 1076 1460
1109 -1620 1323 476
1896 269 1812 440
1150 1300 1429 502
760 1918 -233 1493
1609 -967 -870 278
298 1027 -753 50
742 1852 -1495 627
543 210 -912 1017
39 847 -1864 1702
968 -330 -990 323
1837 -1376 -1690 425
198 203 1698 953
872 -1640 -1901 1925
443 625 -1506 948
682 136 -1187 130
534 1039 -654 1293
84 1944 484 1257
42 -1361 269 1741
166 -221 1433 1444
935 1321 -183 269
194 1301 1187 108
62 -569 1118 230
920 327 -1020 1641
1584 -467 -1684 194
1754 690 1359 132
1054 -839 1779 632
633 -855 -30 1751
74 1775 1024 1106
1669 -663 858 907
740 1040 1842 889
1088 137 -1679 1976
332 815 -1364 1703
1403 -253 790 216
837 -978 971 1091
1639 1197 726 1795
479 -1721 -1230 551
19 1344 1893 99
1995 -1487 1044 1964
547 -512 1586 16
1707 -103 -1390 1676
1702 -361 -1840 579
1038 -666 -1381 1086
1934 1474 1653 615
87 1356 -1568 1932
444 167 380 1026
453 231 336 64
1040 -37 474 1024
907 493 -1222 1633
748 -993 -920 263
1545 973 850 1738
304 1132 710 1763
1185 -573 -167 978
846 -707 -251 1194
658 -909 -36 1043
311 -1324 -590 984
14 344 656 839
1787 1488 -1697 1252
775 -1604 1269 1493
1117 -181 451 1463
861 1063 1118 1080
683 862 -1980 1211
176 -947 378 1943
24 -195 -1582 1784
995 32 1550 1661
1957 1847 -66 808
1847 1119 1009 545
1331 -135 704 611
1371 994 600 1406
866 -1030 -1566 627
225 791 1755 1499
388 -1465 -150 865
603 -872 301 323
1178 -1066 -1594 1141
649 -1474 966 1421
1652 -1968 15 1816
651 1074 844 1940
1860 265 1275 324
1172 1204 488 1744
858 -1700 -1416 1602
1188 1862 -1865 1945
1720 145 580 90
1789 -691 -1406 298
495 1835 -1914 645
1758 1189 -1477 923
1023 -1546 619 173
90 1004 283 1700
922 1697 222 603
1232 -1488 -1193 1712
49 -1067 -1090 967
1939 1362 1105 967
1220 -1964 -538 1210
1123 -1710 743 1217
1685 -1597 -458 1502
177 1503 149 185
612 -1971 -31 268
1407 -772 1973 1975
1972 -1252 395 1100
156 1386 1405 1636
628 387 -1324 1784
90 1131 364 520
1893 1109 753 536
635 1206 -1368 62
1033 824 928 534
1359 -1722 -520 1694
1713 -1349 -1295 666
663 -430 913 737
893 -159 1452 1598
1812 -1223 -1673 1008
1951 -597 669 458
1511 1739 -581 643
408 -1286 -1840 1640
1538 -1813 -894 1221
296 -681 -1718 1616
676 460 1235 350
881 1902 -519 1836
1296 1511 -273 951
68 -1498 -1594 1492
1846 1482 1037 921
1377 -479 -906 98
871 1664 -1371 1261
874 -1686 1212 1454
1636 1517 374 1132
656 1769 1916 1970
1166 1837 -537 1823
691 1458 -1610 294
774 1919 1448 863
68 -634 1621 148
510 1920 -1005 629
1606 -1206 1179 1812
197 -512 914 650
1816 -31 -1034 1440
126 -1195 156 199
684 1231 874 1521
921 -1764 -1602 1701
1986 -1117 1137 1455
55 166 -652 1533
892 926 1353 1715
1897 900 1224 1976
171 -1108 -1430 1991
1473 1096 846 863
287 -299 -1693 1764
734 74 1910 219
1898 1878 1176 1442
67 79 702 389
573 1308 -501 1162
416 180 -73 1431
536 -1468 529 1606
133 -1661 -408 1672
1805 -203 1674 1599
1829 -670 1725 1362
1548 849 3 301
1937 115 -1529 894
1495 -753 -365 1161
1976 1750 1146 1973
415 -659 851 1709
1100 774 1622 240
1780 286 -1928 850
207 231 662 1049
1672 624 -1196 496
225 -387 -963 327
1692 -142 1067 1089
1139 -1103 -1715 1444
913 -1027 1433 589
1350 996 1973 938
1990 -506 920 1133
139 714 1243 1920
303 -1839 1881 732
1219 982 599 1792
1643 1656 -220 800
1408 -1266 -469 1635
1836 1541 -1857 1893
1409 -1177 -1713 1315
755 1012 -376 1409
1993 -1575 -494 887
1840 1321 821 864
1592 610 -1878 314
1493 -478 1170 1304
415 -1756 602 1699
306 1622 -1600 1765
1919 1738 -550 748
1961 1375 619 397
1705 -1256 847 159
1131 1965 -1632 1484
1935 -1266 98 1075
905 749 1539 1224
1520 -729 1563 1747
387 -285 292 1629
1423 -831 1456 630
1130 244 -1353 1794
1564 885 -1767 1671
752 1722 -1774 1936
1944 -1250 -473 493
1030 -129 -1969 1953
116 -1466 -421 163
13 -619 903 1533
1073 41 -491 1568
709 -21 1967 1534
1089 856 -1825 479
1376 -1913 -959 557
1011 -640 554 807
847 -677 -1965 546
1866 726 -1166 643
1874 1124 -386 1254
1302 421 826 1882
971 597 -187 1955
8 517 -9 775
1690 -595 596 737
753 1990 289 562
785 1791 146 1834
1826 1702 -492 931
1185 -242 1102 407
717 1200 -985 37
1370 -49 -1319 688
1585 -594 89 176
414 -431 -1164 335
673 332 1052 300
222 -1620 205 732
253 -416 1431 36
218 561 793 208
1190 2 -1230 1120
1572 -1946 1249 1701
1709 905 836 1640
540 -1025 204 372
131 263 -357 391
469 471 -4 933
1929 -17 -1467 1301
1950 -210 -1216 1266
465 647 1365 203
1976 661 -1130 435
411 1794 249 1905
1957 831 -632 1394
631 -1122 -618 722
806 -1878 -1841 807
1000 -404 -814 262
891 -839 -1383 107
1887 1477 699 262
678 341 1223 281
1179 -167 -1691 1467
616 -9 -1143 423
1294 -1285 308 926
1 -1995 1790 1441
1162 -1741 1205 1528
1955 -321 1133 493
1582 -952 1829 1826
1471 455 -136 71
1437 -434 -654 1076
661 493 1818 1158
1623 -1265 825 329
439 1001 1346 1971
221 -670 -548 889
1270 -1919 -10 696
240 -972 -1099 1341
1138 1823 -515 1021
1698 -319 -46 158
317 -581 1760 1404
594 -1496 -924 1077
1735 -1358 1752 1757
1331 -872 -1697 923
1730 1960 -1018 1674
1541 1198 799 1193
799 1687 -1920 1772
1609 -1877 -883 1672
830 -1779 1987 283
1344 915 -546 977
1169 1191 448 848
1787 854 177 1533
665 -872 -466 837
1163 -1465 1722 918
758 1403 1346 850
658 -630 1676 851
890 1625 -367 1345
1487 -474 968 62
1318 -556 -261 619
1589 -1178 -1643 800
1210 926 1400 1592
1780 612 -758 1570
1208 1492 656 1697
1549 -1569 -1230 413
1664 -1521 1735 913
1489 -252 111 1866
1924 -1745 -1107 1774
258 1940 -1085 1171
469 9 -1772 1603
911 26 1116 1791
627 1591 -242 1849
747 -1742 1694 408
49 948 730 1352
837 -1198 -335 1175
125 -961 684 1146
1552 413 325 1766
1211 586 -373 519
604 91 -1196 1500
922 1818 -1884 824
1530 -1319 1801 403
1931 -1028 -1364 1256
1532 -243 1560 117
1232 -754 -453 653
289 -1485 -1229 809
58 -1183 -311 306
1980 1488 -1874 233
602 1520 -1312 1984
29 705 433 1055
32 751 984 1375
516 1053 960 1186
1518 -1026 -1677 137
68 -1685 1690 1580
756 1584 272 1974
1982 1188 1690 1111
4 1097 -29 240
97 -158 1515 1466
1295 1511 1810 1968
543 262 491 672
262 1126 1695 45
794 523 978 1824
137 -861 -1843 99
114 -810 -1111 1988
1609 1277 1698 345
1239 766 1292 726
665 1710 -300 920
812 612 -1389 1101
1175 -839 -1374 1802
770 -665 171 532
1319 -1838 1778 679
1272 -345 -798 370
1464 1989 -809 793
368 -275 -1540 210
652 -1864 -355 9
1836 880 -455 796
1108 1190 -1140 638
1164 1806 -488 792
1296 -1703 -1104 228
176 -1113 -280 449
1138 -1941 374 1970
1851 -826 798 446
1162 -1799 500 1953
1502 31 -92 1914
90 -684 -752 1771
280 -746 672 413
99 -1602 1693 1465
267 977 -561 415
1221 1196 68 1123
185 -442 -1803 1611
610 1158 -1794 722
1649 1221 -685 1641
907 -403 254 1601
454 1910 693 1185
160 626 -797 1638
1016 1812 1518 990
339 -1535 1254 1532
552 664 254 1672
357 181 -855 1340
760 -1357 768 1016
726 1289 1353 558
423 -481 8 198
424 1915 1390 1708
1048 -1885 1444 1901
1771 -152 1591 334
1770 -1711 1833 517
705 1931 -755 125
1040 -1218 -1822 1943
283 -459 -466 148
778 -298 -756 332
1625 -359 848 1497
265 1385 521 1404
317 622 317 1816
62 -695 -881 914
344 465 20 263
1451 1444 871 1414
1050 1504 1452 402
1311 1926 1697 1985
1157 1943 -1349 1727
1613 1644 -3 1036
1098 -1214 1627 1178
1173 1300 -812 32
985 1339 -1898 121
1672 1831 -1257 534
1012 -1941 102 1368
215 389 -1577 103
732 -1746 1984 1310
3 -938 113 1708
1841 -499 -1819 1588
525 277 144 158
901 1549 -755 228
1159 1025 -977 182
440 1938 -1985 102
1728 357 -1280 1405
1580 611 -1609 148
1163 -829 1778 188
354 -1382 -1022 1319
728 -457 1370 1020
1482 1380 1827 742
456 578 -73 502
1654 -534 1148 29
1820 -1277 176 1235
1447 1764 -955 1363
550 -1953 -387 1244
525 1710 -1882 1649
1301 817 -135 378
26 -1974 -233 1425
220 -1622 -799 1638
143 -768 -1684 1612
859 -294 -246 681
268 -439 1637 570
18 364 1589 1596
83 -922 389 1412
661 -42 1970 825
468 206 -1349 1300
1874 -1224 -1034 263
1521 1372 1773 691
1083 363 -1074 592
507 1416 364 409
417 317 -284 461
34 -1857 -1870 544
1670 -1488 1823 1287
1753 1905 -142 1408
1882 320 -934 8
1582 934 1035 1666
46 1440 -1109 775
1861 786 -1359 1137
339 -906 6 222
1677 339 1444 563
186 1080 1348 583
999 -1684 -603 419
356 1934 358 425
1173 -1783 30 858
259 1745 812 126
264 -1741 -1206 1344
1574 1754 -420 1776
273 -1183 -821 1903
1424 1681 284 1910
1712 1881 -860 1743
1857 1201 -776 122
1479 1375 -934 346
330 -1405 508 806
566 103 -355 1320
1356 -1650 -1323 753
1023 641 -1595 1907
312 881 -1299 1190
915 1325 1878 451
1200 152 -1559 972
451 -310 1191 1970
723 591 152 77
1343 1637 -1956 1561
692 791 403 835
1400 -84 -129 1311
179 1363 1932 645
1105 161 -914 2000
1361 -814 -1732 1934
1848 816 -404 131
1311 -87 -185 677
1025 58 1678 1089
1326 -725 -1843 1829
251 -1203 -301 1908
32 1734 1010 1029
808 917 -1557 756
1236 353 -16 1744
137 155 -1781 843
1549 -609 -1113 94
542 -1144 357 1122
1435 -243 1470 407
1993 625 -776 1201
1231 -1580 -830 1974
1418 -548 285 737
250 1173 301 450
147 -1532 -703 380
957 1010 1543 278
389 471 1387 1483
138 -1530 1845 1546
1968 -785 1224 662
320 -132 -1919 1510
1094 997 -252 1798
482 356 868 1573
1848 354 -467 1573
1792 -1669 1667 1071
150 581 1785 1980
923 86 1206 1836
290 -819 1177 1427
20 148 375 1095
1069 1273 1953 1844
1292 287 -567 1384
231 -1397 12 711
1797 728 -614 456
2 -1481 1727 1350
830 -1893 -328 127
1934 -608 -1686 1737
618 -1384 919 1512
1133 1165 -1463 1433
169 -1039 -1328 299
1856 653 583 1505
315 1183 -359 465
1063 1066 -522 1159
1044 344 788 931
1140 -1664 -1295 1814
738 1714 1451 506
168 1523 516 1927
487 -1165 -1159 222
403 -1209 -446 1874
1061 1632 -133 1962
1895 -960 939 769
459 -1444 1511 1478
1285 -1844 -408 1405
652 721 -191 619
845 -1918 1135 1485
1272 1005 -1958 418
497 -358 618 157
256 139 -1273 1492
1682 1339 -806 916
709 471 -198 314
256 1283 -453 1131
313 -942 80 573
973 1014 -235 572
139 1560 769 1862
57 -1579 -138 95
382 -1930 -153 1934
934 -685 -125 1806
1330 1206 1505 1774
757 1375 -368 561
520 -1631 1359 463
1238 1027 658 1842
625 1184 -1657 1546
811 449 -376 474
1310 71 -778 696
741 -1820 1639 1057
1328 -1899 574 514
1924 172 -1705 1280
1561 1207 1427 1537
714 455 -65 737
280 -1846 -205 767
328 645 1722 1693
400 239 -60 1395
1550 1919 -1694 1452
945 628 -1175 1511
1006 526 -248 1511
892 474 1267 324
504 -573 497 1560
482 -793 -610 611
1502 -910 -1452 728
1221 1844 -540 237
1 1492 -283 527
516 485 -242 540
209 439 1994 375
290 -421 28 1623
1665 -1975 220 616
46 -554 1913 152
143 -1084 99 395
267 -998 -1635 504
879 -1364 104 1354
41 -813 551 1
688 -1789 -1584 734
1385 -1695 -744 458
323 -934 -1922 207
349 138 126 1517
698 -1534 -259 1527
1732 -1957 573 820
1830 -15 1662 494
673 -102 -1703 934
1448 -707 319 878
388 -403 1922 557
352 -1139 1029 1983
1773 -725 687 1235
1840 1149 -912 971
1423 -198 -1134 1791
728 -461 -1854 938
1691 1315 203 1851
1610 245 1541 294
1616 232 -377 849
1415 1326 1875 439
448 -1386 -1531 1208
560 -1471 -1143 1175
1517 -790 -1321 1403
901 369 -1212 94
999 -489 422 161
135 816 -1432 710
334 1245 -29 341
937 -480 -531 920
405 632 1834 1694
457 -416 -1232 172
525 -1650 922 503
1003 -1031 -456 91
853 109 -1558 503
638 1585 957 1439
111 -203 -1963 345
724 -1278 -981 1872
1725 1605 1170 1860
782 -613 -168 1448
591 127 1826 467
1116 -1097 -530 320
565 -667 1566 1454
560 -1259 -1282 176
482 21 634 781
1354 1611 743 513
1399 -1486 54 1099
1948 979 -924 1789
1107 385 1522 431
1495 -465 1938 1165
216 328 -1960 1604
955 485 608 1865
1992 555 -201 98
522 -617 -1822 1146
162 -1392 -888 1713
1157 1618 -855 1066
1257 1331 -754 76
1964 542 -1170 98
1277 -1254 -643 1419
721 -265 1831 1018
1391 1163 -961 119
453 -33 -514 316
1393 88 -65 824
1832 1764 -1036 944
994 -1962 1061 1177
1772 249 -1064 703
885 1031 1534 434
1393 -868 138 292
1017 1860 -686 1500
1865 -796 -433 1125
65 1050 1434 1007
1029 1011 -919 1949
253 -977 732 54
1029 1745 1753 453
862 35 1123 393
923 -1895 -1413 277
1669 124 -896 641
1048 931 592 839
740 1045 576 663
76 1729 -1308 371
618 570 -1543 1940
649 -1664 -1692 1331
458 1491 1636 1905
1904 -1227 -1081 1423
1012 1959 -748 1639
545 -1028 -735 33
953 1551 604 287
46 881 520 418
714 1148 532 657
1512 186 1643 1657
968 197 1477 1816
1807 -1712 -1293 754
708 -1823 1093 1916
1765 1339 878 468
656 -1797 -375 534
1274 -30 -1877 1272
1083 471 -1790 399
864 -728 133 440
1944 90 1663 1792
1576 750 410 748
311 602 -18 1299
1458 1823 1645 1854
745 -360 832 1711
1280 -753 1386 1159
319 943 -1092 734
1907 -1327 544 63
907 -1419 717 1193
59 -1219 1597 847
268 1204 -1605 1417
1578 -1697 -952 209
1669 -1892 -1699 1655
769 -1617 -1899 1886
1462 1387 1147 860
176 344 424 958
239 -1085 1595 369
617 1277 1214 1258
1236 -940 694 495
924 24 108 284
99 1568 1611 1920
987 -792 794 157
190 -493 173 203
599 -1139 -738 197
567 1854 555 1690
1216 -805 -577 637
493 -758 1411 198
1273 748 -822 608
787 -197 -713 521
352 1917 1629 1060
41 -535 -1989 634
1465 -2 1349 788
64 38 434 787
1059 757 107 585
105 -87 1942 621
1215 7 -491 1115
1669 658 -375 1810
1087 -160 358 20
118 -1661 -1334 857
756 1134 -1957 1292
603 -565 -695 268
975 1003 1713 1021
151 926 905 1109
192 -1536 -1885 1151
1402 1763 -324 411
105 -1519 599 956
1941 1030 589 536
1194 -487 -149 12
9 -778 683 166
1861 -265 -385 1225
1831 1681 444 220
971 -44 1015 1803
609 87 -1246 1477
141 -1 -1603 236
1750 1821 -12 296
1339 -1337 246 644
1241 1732 1001 400
1350 -997 -973 1629
1914 1396 1429 1396
161 -1430 -509 1696
1962 202 -1588 1599
1483 381 -14 1956
1482 -785 -1869 1416
1285 1855 -1736 869
251 -1119 571 938
1985 292 -1408 1738
1407 -1611 521 1836
1760 1177 470 44
885 14 1952 1945
1267 -602 1179 1621
1040 -1396 -1749 1496
282 1741 -776 1550
768 -1137 -1017 916
327 -554 1878 687
1990 -1888 -1978 1941
1770 153 46 913
147 1745 833 243
1237 -1017 566 1518
1256 -1718 955 457
521 -1835 1013 111
1783 393 -1076 734
1318 -720 -1550 876
287 -1936 -641 861
1310 -576 557 1134
355 -1737 783 1566
1234 981 1925 15
627 1039 1420 1706
18 142 -1323 648
1744 -1699 688 873
1104 -1571 -1524 1569
1451 -389 -1644 1814
93 -1319 -1808 276
1637 -1324 1681 1833
1081 1420 -604 1673
1616 -1104 -165 938
1510 1329 -1036 1049
459 1097 1530 1460
1236 285 996 142
233 1154 -555 1775
581 -1227 -621 753
1786 -729 -1450 1252
458 -1858 -1538 954
575 483 888 1500
1043 177 651 115
1161 -842 -1154 736
706 1846 -174 1188
1097 986 1367 104
728 -1136 1795 423
240 -1858 -93 607
373 1375 -458 1524
560 -1519 1306 13
1259 890 -874 1397
424 241 -566 459
651 -1386 3 1058
763 -1764 -880 770
1157 1637 750 533
1225 1699 -1204 1131
1707 -1039 234 918
1075 1616 707 575
30 -1620 1122 783
1594 236 238 247
1310 -225 1264 1849
1408 772 707 1452
477 -579 -306 1820
1300 719 636 1991
1275 -211 1726 1649
1273 814 -1364 1169
1274 803 -1260 1954
1407 1632 1243 499
939 -235 484 407
983 792 905 694
1694 -1562 1322 746
1410 1085 1503 1779
1557 -801 567 532
369 -1205 1774 1491
129 -806 -1592 1421
1557 -360 -1690 1503
114 1303 -1345 1742
192 1419 -459 176
1274 -695 676 49
545 971 1866 879
1706 205 -1482 1502
267 -1802 86 614
50 -1505 -943 1152
382 -1527 -657 1916
228 -1847 1657 573
139 851 -554 1323
128 -390 515 16
1475 789 -1122 780
1960 1470 1498 130
824 -495 988 1864
1645 25 1850 43
825 -559 -1556 1512
320 -1496 -564 4
1209 -1911 1088 182
721 -1360 194 1079
1047 134 1148 73
1825 1986 -1682 765
1654 1181 -1930 43
1171 822 -1208 798
342 -561 1021 709
1094 728 1140 1140
280 1622 1986 737
1771 1226 1465 1975
334 260 -801 678
884 -1980 1607 897
1111 -711 -703 1134
1954 571 1252 1370
86 824 643 1379
982 1802 265 300
747 802 634 300
1152 -1022 -1148 1119
1542 -1331 -2000 451
1266 1833 930 1469
1146 1279 -18 1394
1532 -1834 1060 1422
1112 -374 -1526 720
240 -81 -1217 636
1583 488 1665 680
1727 565 638 383
881 597 -1790 1457
218 152 1676 97
272 19 -1690 1126
1809 -278 1040 1818
1916 1780 -681 1182
1333 -333 -1137 1252
726 -1610 -235 868
281 1794 -1231 919
1119 1695 1378 911
604 -714 538 77
1336 -1408 1278 1962
1167 -1883 -111 303
1202 -1559 -102 860
532 -1687 1143 1109
702 -717 -581 1872
1436 1858 -335 408
382 -807 1095 1869
1688 -145 726 610
1122 -1676 -609 334
184 1830 -726 1131
1786 256 -1534 826
1678 -1557 -1552 1197
25 -1327 722 1324
1034 998 591 513
320 -894 649 1356
670 -1999 1261 463
846 -1241 1282 1810
1547 990 -1954 768
1173 -329 131 1449
353 1862 1424 319
151 -1818 999 233
1458 -259 -41 1090
195 407 -1969 682
1263 1769 -1028 1284
1228 295 87 983
152 -1787 -1670 1726
1842 1781 -1026 728
751 -1384 -682 264
1622 53 -724 1845
1301 -1801 -2 11
522 -122 -2 457
954 883 -1665 882
1245 1946 -1572 204
1072 -208 -1837 163
1266 1427 -1609 423
1751 728 -907 105
1288 872 1830 562
465 -784 1583 1357
930 -525 1702 504
95 1922 -1536 1255
448 -1847 645 929
401 -795 -726 353
531 1109 -1098 678
89 -580 12 1011
1228 797 -395 144
1000 -275 -133 1255
1373 -1357 -991 456
1182 -415 484 1909
1941 1270 -557 1623
157 1532 -1360 1015
1143 -202 1598 853
1062 -857 -889 1317
1027 -356 1673 1853
25 -1138 1083 729
1962 -1872 184 1207
1592 1194 1602 779
77 326 -1794 1292
100 -189 1338 1397
1661 995 -587 325
445 -1562 -1840 160
1099 -968 -1034 523
597 -1782 -868 915
1449 485 1861 1079
1516 1141 967 1482
678 -1203 -388 194
660 178 1326 1884
1557 616 1392 1989
590 928 -669 546
518 758 1917 1705
746 1852 1567 934
1562 1817 1233 1223
842 -372 716 928
1586 1817 875 1528
1727 1820 1355 426
1024 -1240 -1610 1958
633 -948 1018 797
995 -553 8 1480
1258 639 297 433
254 389 1504 392
1859 1026 51 1615
721 -540 -1902 1119
1524 582 863 1601
877 -152 353 550
1935 1356 -1380 1568
67 -788 700 630
1012 1139 -557 1684
1332 -244 -1438 1320
773 422 1518 71
1281 -1573 -1185 1254
1235 1967 -1045 1777
204 -859 1244 1735
1839 1269 -1431 1435
1092 -884 1092 21
1129 1175 843 1615
1836 952 -1602 681
1058 -1948 634 982
884 -1272 -1376 861
1853 -1920 -1059 1448
1869 127 -1877 1672
1449 -18 -347 303
616 -1763 -1907 836
1447 -1561 1947 323
950 -771 1789 1770
9 -39 -1119 878
1561 -718 364 1764
912 324 -250 1816
912 -605 583 1593
1053 -116 1542 1355
366 -1767 1204 883
1328 -963 1417 1279
1795 -1479 1772 204
683 -1931 1323 1006
1376 -108 -1448 1915
926 89 -1542 224
1382 525 -508 1099
1371 -305 -1858 1711
1542 579 -1087 963
627 1770 -1331 307
434 -985 -1164 494
1191 808 1718 582
121 1637 -494 1411
1367 -1309 -1332 32
1278 1821 1966 508
260 -128 -152 1627
145 -751 -1395 1507
1553 1937 482 671
1811 1575 -378 991
829 -468 -624 1206
1877 1265 -923 475
553 -1182 -1233 1625
1848 50 -350 1966
1175 663 -655 864
366 273 -1755 1683
1368 -998 -832 180
1670 -1620 -1620 1282
1629 -1052 1956 1727
1843 -1585 1132 1907
1846 -1350 -1571 1769
1861 -1921 -1155 577
629 -660 -1408 348
925 1448 1274 147
74 154 -1775 497
156 -247 -78 484
247 -1651 -678 992
1427 1861 1561 1324
1229 -881 -403 610
116 1573 99 1043
1244 -533 -280 1377
814 -962 225 1060
950 1080 -1845 150
500 966 1419 519
1580 -1143 157 1977
1718 -1802 1556 964
1342 1854 -1693 836
485 1512 -1283 1558
14 954 1696 431
1330 -1831 1197 1237
1805 724 -74 787
766 1569 -1846 554
555 1630 -1818 1322
1739 -1582 -1568 781
490 -131 520 1677
488 -1410 658 217
1978 1856 -1991 260
1784 -1639 3 1814
557 937 156 1641
875 -1722 -1955 1197
756 -763 -587 1556
1330 615 1486 1190
559 -276 565 1567
862 372 251 396
1152 -818 -777 1586
960 -353 391 583
856 1729 537 1207
121 1542 1400 208
951 1382 -1623 1878
491 -1963 -1728 496
543 1502 -1145 41
981 -81 1267 576
657 -418 -1401 584
1354 -810 -776 1017
461 -1726 -1875 1901
1738 -530 206 852
1493 -841 -240 1920
518 -779 1324 634
1034 1779 1545 1579
703 1005 -1400 340
1964 -1366 -1534 1334
1655 -1589 -995 1675
765 666 -1735 811
333 -241 -229 1352
205 -1835 -835 851
1508 930 -1105 292
1998 432 1106 278
1052 813 918 1960
1105 1338 -1557 957
1462 1091 1791 141
214 772 -1578 834
1731 1406 1958 1564
399 1197 1609 269
1556 1466 391 270
1901 -960 491 968
538 -1547 -949 140
848 -103 -862 1468
999 -1387 -6 1935
954 -1751 590 1617
1402 -373 1254 1328
1532 -1755 -1029 1984
790 1472 1506 792
54 -1599 1447 627
59 1752 819 752
602 -1943 804 1011
1722 209 540 354
1336 1650 104 792
676 -241 -841 901
770 -1833 -912 1579
651 1495 -780 1603
1753 -677 -1999 71
494 1259 -679 1029
1278 -560 1702 450
624 233 -315 1220
593 -794 -1773 151
1840 1536 427 1370
1219 206 56 1071
1873 28 -1298 1006
615 1367 291 354
835 -675 -889 442
1852 -867 -87 1546
616 1620 1884 952
1571 343 -1014 143
175 -1844 -48 1615
990 -657 1869 459
1994 1013 1859 1769
1262 1265 1209 1926
59 144 317 1072
980 966 485 522
594 -933 1477 1979
1696 715 1725 271
1599 -181 -1206 1076
1412 -530 1898 607
1174 -1772 -109 1493
1472 -1866 131 1426
69 -1562 -331 1797
358 1120 1168 1138
382 720 478 1182
71 -1975 275 1863
1810 -844 476 10
532 409 -182 491
1491 -518 -1302 576
637 -1445 -388 1638
273 322 117 1947
867 1699 809 658
1213 11 -1800 1202
1225 -737 1535 1991
488 1680 1232 1552
1102 660 -1673 1679
707 -898 -1746 1868
83 469 1090 755
1215 561 1898 1137
602 338 -1334 1562
221 -1363 -1360 1382
516 -245 385 160
559 1007 -1111 902
130 205 621 476
773 1875 -1839 537
1668 1736 -1297 1911
208 1354 -1133 327
1612 -876 -835 155
112 -1909 -468 1835
1914 -242 280 481
1657 -1040 1949 1340
448 1366 462 833
1993 1647 -1733 1797
303 -1535 1317 724
1602 391 -721 1694
1543 1074 -877 1124
390 412 -1471 543
618 457 1509 1578
341 456 661 291
297 -606 -634 1278
1951 -95 794 1250
276 -146 -565 1929
1367 1060 1119 852
1053 -845 879 1894
253 -1653 -1646 1204
1877 -1101 475 1627
1123 110 405 1434
1740 896 180 1251
232 -1223 561 1391
1876 -912 1889 1607
1599 -75 -761 203
445 -1561 87 575
1895 313 -228 713
489 -933 1026 709
195 -1260 1620 1953
1529 1568 156 1761
1619 -111 441 1372
1069 361 1985 493
1704 -1693 339 867
1271 561 1407 1121
547 1895 378 1631
1240 781 440 1895
1830 1711 642 408
912 802 -1653 1479
816 1725 256 329
1089 164 586 971
276 1456 1592 1482
1740 -1319 -654 523
1714 683 -1032 356
1953 162 263 257
1275 -1025 1891 1088
674 -368 1763 1013
416 -1588 841 1095
1760 -797 -1661 177
1970 533 -119 242
1611 -580 232 1773
882 32 -385 778
1813 786 1622 1539
370 -395 -109 1400
558 -1660 -171 1484
529 553 -810 1077
632 942 -825 1423
1986 1190 1470 1658
1860 69 407 984
325 -962 -791 1312
1154 532 436 526
1835 -1532 -731 1216
1844 1153 -673 1610
533 1750 809 211
651 -1781 -1807 598
1589 -291 -707 1410
1175 85 1454 139
1418 1405 1391 438
1370 428 -1002 625
1287 869 668 217
277 1853 1324 337
828 1910 1645 818
552 -697 -1071 629
1098 588 1920 475
1765 1565 1573 1958
1906 351 -1354 573
44 1383 -632 1820
1973 -852 1293 913
751 715 -749 544
1940 1476 -1425 1392
1855 -1632 502 1884
1969 -1278 673 356
1805 -1014 1585 1753
795 1366 -639 1892
393 -828 -821 1631
1733 1113 173 842
852 1731 -1165 1144
1247 589 -329 79
1361 507 -1764 428
890 -17 1761 781
239 -896 241 1621
327 -64 952 667
1647 -1245 -1953 1035
1271 -1032 -696 323
403 728 -430 615
732 118 1895 943
1948 -938 486 20
149 -1061 1186 70
203 133 -801 1288
581 -402 1688 466
1296 -1218 -1863 1423
1004 -1803 -992 685
1853 1117 1540 1087
107 -583 -1605 1726
530 -1500 1477 20
3 650 -333 847
402 -1050 -1937 52
1029 656 -1048 1818
235 489 -1516 1627
627 30 1664 1510
1409 208 -607 992
972 530 -1361 1102
611 1573 404 604
403 1133 1293 249
178 963 485 1545
1944 908 -258 258
321 1312 1997 703
1548 1938 -367 992
1007 263 163 1720
192 353 1846 526
1405 -188 -1110 92
997 -1843 -847 1699
1661 1141 912 1749
877 985 -385 1242
1136 -1790 -1588 1900
743 -1905 440 826
1815 -1686 -725 1705
1958 11 -1022 302
1106 -470 -1988 1413
1002 -1747 -1353 46
1427 -987 969 1114
484 -256 1646 1650
1226 355 -937 1313
1909 -81 -1784 1029
41 1405 -1019 1122
558 1231 2000 1022
177 -216 -277 1814
1 1968 644 1032
770 -828 1290 487
349 1686 631 1067
1406 -847 682 766
213 -1731 1463 991
1734 614 1182 1571
1865 -411 -388 1407
778 281 -840 1551
1722 -888 -389 1043
1132 -1197 -1653 1532
1881 -625 1535 708
93 -935 -1049 1763
167 -1690 -410 1690
1133 -1129 1085 876
838 1760 14 208
94 362 177 33
149 -1466 -1506 830
1664 840 765 490
775 -419 1741 557
341 -1494 1278 1793
1420 -164 -560 357
1486 -55 -1342 110
133 697 -43 849
1531 -706 1619 1595
179 1970 518 1225
1374 800 -1896 496
1031 1592 1959 150
1704 1019 -1410 1255
610 1575 -285 721
665 -566 -1460 1320
198 146 -239 1107
1843 -669 -834 189
738 -769 1389 21
983 -1582 1673 1070
809 -908 1360 960
789 -813 -958 1845
1275 1413 856 396
1071 1976 111 826
1721 -1088 1942 948
1062 -970 586 951
1844 1501 -968 576
1882 978 311 1764
318 1919 1215 825
1661 -1948 1916 1707
1366 -113 -415 1416
639 -57 -396 884
207 1065 893 1702
898 -1969 -1997 921
761 -844 250 124
983 863 -323 1459
1717 1188 1837 883
1422 1309 1258 1466
1636 1111 1455 661
217 -1053 -745 1319
167 -1692 -1476 713
1225 -336 -1184 1652
47 -645 1385 1097
1486 -660 1847 1306
238 826 -493 366
890 1833 -117 865
1859 -405 -358 801
974 -1505 669 178
353 1291 1016 187
810 -55 1130 391
552 -1863 743 1461
1440 1809 1447 745
1881 416 821 1160
1632 -943 -519 720
485 1925 -1753 942
1996 883 1525 1909
1774 -590 1876 190
69 -1329 -912 1826
1971 50 -903 1634
1388 1825 -765 1120
1351 169 1490 579
769 -611 -1957 1543
1833 -1180 1021 1674
1189 -569 -1582 113
300 -1277 -1833 1537
747 1312 -1659 1926
864 215 -563 1919
274 1089 -1811 639
999 1508 -871 1246
171 -1449 -521 1623
48 -1924 305 1768
1689 -524 818 100
637 -1634 -74 1652
1658 -1630 -1858 946
816 239 -1304 1516
338 -1438 764 1543
633 1139 -511 1914
1248 1033 -1613 1631
1513 -734 932 1509
1910 1292 -201 256
1553 -1899 -1806 583
1940 79 -1559 1206
578 891 -723 1194
1053 -972 1913 375
109 -313 -1593 1541
991 -1672 -680 1247
979 -512 -188 1667
1038 1757 847 132
1014 -1158 490 1163
1977 369 772 1730
1766 1111 1563 744
1185 -1184 417 1872
1444 -1451 1162 225
617 1633 1130 103
1681 1473 -121 1985
1392 275 -1112 625
270 -723 1507 1711
327 429 1428 1414
1772 407 -1979 1894
1600 964 1514 640
1004 -1369 95 1629
364 -1949 -1129 1864
1776 939 651 1631
892 230 -1796 1574
1544 -1142 1662 1859
1024 997 1794 1187
309 1939 1428 1636
122 1992 1470 793
1496 -618 -745 762
890 -1960 -1131 865
1954 620 1632 221
1554 1410 -1052 1731
1140 1784 -56 1864
1523 96 1899 1736
1071 -1087 -1995 1490
1245 1805 -1286 90
549 1034 268 486
1698 -1634 -1748 1234
1318 -189 -1529 380
1939 19 1852 1672
1522 1154 13 12
176 107 -49 1717
1196 519 1753 1553
715 -1139 -943 323
1828 1814 1586 115
1173 -844 995 875
604 1100 178 1995
1150 690 1604 1877
1331 -961 218 1393
504 1755 -898 731
252 469 -309 912
387 682 -681 501
854 -254 249 1184
1105 1213 -1698 1469
356 842 217 778
1667 239 126 59
1526 -1007 -576 887
841 -1737 -1111 569
1389 -528 -518 895
1573 1804 -1448 879
1114 739 1968 205
1144 -364 -593 246
1167 -1921 43 329
290 606 -1559 1785
1691 -438 -929 380
245 726 -1521 1855
769 -1367 -364 1791
1026 -1965 -655 1425
1761 -917 -769 1963
185 -1970 808 1705
1628 966 -1907 441
1612 -320 -182 991
275 -1883 693 562
1404 -1784 24 685
407 -363 1238 1551
1673 1464 220 155
25 623 -152 1049
1477 -1298 1315 1091
187 1488 -1620 1273
112 -1687 1820 333
1564 -1439 1139 1528
1372 1396 -1143 819
1423 -1034 -1274 367
218 1226 52 1390
788 -1606 930 1799
218 -852 976 1878
396 -1262 -425 1753
1198 1829 -131 1028
264 -1386 738 334
1559 744 -1976 1426
1466 -1083 -526 1119
1829 -1592 -1926 312
1201 -141 -1407 949
1242 -1109 1932 1424
480 1774 -629 1865
215 200 263 579
167 755 -829 724
1612 -1967 1599 1465
551 -658 -963 1216
315 -1233 505 1068
1889 700 -764 260
4 1985 -1047 612
1126 401 -1611 634
1177 -567 -835 10
135 -501 -829 347
91 854 1988 1416
518 -1294 268 1680
1243 355 -1486 407
722 -677 -648 435
1257 -1918 85 1983
1454 599 414 1627
1702 -1193 -910 1642
1402 -95 1953 1522
309 1822 -492 1120
1767 -1919 -6 1761
1525 -745 -854 1018
150 -930 -1629 722
1607 161 -1926 1843
24 1984 -44 1100
1790 -425 221 1441
479 -1141 -1077 329
184 1650 110 1791
1834 1199 -1555 115
1289 -831 -1253 710
476 519 724 257
1248 1668 -55 1262
405 -448 1250 1581
543 -1858 -1373 1777
54 875 795 401
22 133 -1081 1399
480 -1339 1091 228
1144 1754 1990 314
1189 -83 -1494 1985
659 -1839 1493 1747
548 1828 640 831
1627 1728 809 425
736 1211 -143 681
1279 985 -1745 920
824 -506 231 1414
768 1393 -1549 967
1279 -1152 187 1152
289 -850 1396 1247
517 -2 -465 1377
1105 -1929 -12 1658
1755 -1949 808 448
433 701 1270 1648
595 -1253 1729 1608
307 462 -1866 1339
1788 -1953 699 481
8 -310 -1853 1156
1113 -53 54 451
1729 1927 -929 994
809 -238 -1472 841
1134 1971 -1635 433
1263 1550 -849 1594
1649 -1044 1683 136
219 681 -170 1409
42 1933 939 704
1118 468 648 150
1707 984 306 1139
1737 1881 -90 833
805 1366 -1921 1146
1710 -1321 -1522 253
1832 -1215 -1305 525
220 1302 1590 225
182 -1554 -43 6
1702 -418 428 216
1168 -1334 -1828 13
1116 -1366 24 570
550 962 -959 523
1599 -1641 -1382 256
298 -1799 625 1290
1520 -1544 -1818 1154
525 -451 -1375 1939
1840 -1284 -421 1371
1567 1217 -218 30
673 -253 -161 355
1634 1674 1108 421
898 -275 1153 1235
1574 1220 756 1008
1414 -1802 833 1123
909 979 653 1416
301 947 -455 1646
296 -1587 -187 1208
1448 315 -1856 1708
663 338 1845 598
1928 583 -840 1350
252 1984 -817 702
1502 1923 -669 1317
1048 -1551 -1526 950
1867 682 392 850
43 -1238 -414 1530
833 290 -767 662
1383 120 967 1120
927 -581 758 201
93 1551 545 180
520 -1231 1649 1494
685 -431 -1252 540
1084 796 719 149
169 719 -1007 916
796 -601 1389 1039
1010 1315 -1232 371
1210 724 -792 349
136 848 -474 1890
1877 -1295 -921 888
13 889 1862 1259
1871 1558 783 1689
801 265 -739 1398
298 -1563 -607 1961
646 1393 -685 1549
22 1496 -969 1873
141 1790 -902 265
1700 34 -1455 378
1334 -885 -1869 1585
1941 1418 -1192 1933
435 -828 590 337
218 302 -372 1683
1365 1230 1459 1808
52 -1634 -384 1141
252 -232 559 1783
1845 -308 -477 525
1066 -1875 1290 240
844 1995 211 546
816 1793 1129 404
556 -1574 255 1950
686 1725 -1526 1083
1509 -1838 -1931 1114
470 1479 197 1902
344 -1486 -1948 1599
408 669 211 615
1814 -58 686 1030
214 608 905 639
881 1174 -1113 1369
113 1065 -1160 1022
104 498 -13 1375
1466 -1543 977 238
510 -728 -1540 1282
1841 1784 1969 1671
898 301 -1298 1819
183 446 -1488 1090
1399 804 -1303 1044
879 1455 512 1418
1069 -519 937 676
344 757 -978 1333
1558 -1373 471 229
1171 600 1927 702
641 668 360 1744
19 1317 -104 1326
1888 686 -1088 783
1862 -1557 270 829
1877 -833 -1024 649
1040 -696 91 741
672 338 1005 712
256 -810 1613 1470
1954 -228 484 342
1400 1023 -1139 1906
732 -727 -35 1786
56 -84 -1641 1145
655 -1199 -1427 719
595 825 -408 1229
1340 -284 -1927 364
1239 269 -802 1110
1364 -386 271 1915
952 34 -853 174
953 807 -1884 870
629 -91 1793 1038
203 -1926 1977 1956
767 991 -1513 157
1195 1449 1069 736
1177 -1473 1523 1495
1914 1175 1660 497
162 1948 -889 1075
633 259 -380 962
1979 -713 607 122
1577 -1614 1096 1018
262 -1508 599 102
1835 -1708 890 100
1028 489 -1323 1983
1969 -977 126 520
1174 436 -195 959
539 -852 -1945 1358
828 -299 -842 1615
1674 -111 -1442 1297
1736 -71 286 1047
1535 403 1723 184
1098 -798 1312 384
1611 1239 1060 446
580 -1821 -1015 1092
191 1761 -1627 1947
951 -595 -157 652
636 -1910 1087 1799
1379 556 -267 1456
756 1917 1446 1101
794 -1375 547 1673
1335 -1547 -1451 501
1341 -1011 1780 577
1797 1540 -711 1911
1484 -319 541 625
1089 -1303 1626 446
1065 1032 -1206 257
955 1683 -1685 930
1061 1210 -867 571
757 587 943 555
240 -1880 467 359
702 1914 -14 1620
1484 -882 977 735
1353 1462 -1461 565
665 -1707 -1259 1083
757 1983 1654 1687
1785 -848 430 1844
101 284 1954 691
1757 -1699 -935 1653
1913 1510 476 513
1637 1217 342 660
834 -1693 282 1756
1075 -183 1767 1581
1441 -1748 -1651 588
56 -454 790 390
1864 -1137 -173 618
756 -1131 246 1595
1910 -1017 1993 1263
633 -546 -919 1266
1550 617 -417 1892
1384 -685 1003 87
1552 1925 1157 162
1377 -1055 497 736
1085 299 -271 146
518 1972 -28 681
278 1400 -482 1085
808 -4 -1445 73
76 1383 -1767 1836
295 792 -41 969
1792 892 1591 1240
1605 -581 -708 243
1028 -1733 -1937 682
1394 1630 -884 591
1688 -1603 1682 1323
1152 652 1933 1015
1964 1356 -1937 1700
1232 598 -318 627
1667 -1075 260 1534
146 368 -865 749
1677 162 -1213 610
568 1014 353 1326
1691 1598 1540 969
1219 1557 -184 542
1023 837 1238 1932
1443 1053 1413 742
872 272 -488 180
858 1604 -919 656
1657 1649 1792 1130
649 -524 560 1173
1746 732 -751 71
1456 156 -655 1645
212 -641 -948 1108
33 -1145 1172 305
1744 -524 554 763
1484 456 -1664 1787
807 -1178 -137 835
419 -472 -1287 1684
1850 1922 1431 758
1191 783 1618 804
107 -1293 -1040 1165
841 1424 1552 213
1801 1012 236 1105
1801 -251 -683 63
519 -670 396 668
360 -188 -1066 187
1509 -892 1127 213
1929 1321 468 835
228 1939 -313 1334
427 21 1246 1616
293 1378 1423 1144
1775 -992 1687 1162
1977 -976 200 709
1144 -1705 1521 539
866 1628 -1277 724
1140 69 -1482 1915
783 233 633 943
1223 -1981 -1852 916
563 -1684 1714 1664
240 696 -781 1070
478 593 212 1486
689 -770 -614 1459
961 -1753 1352 420
106 1978 796 27
125 951 1428 1321
366 -1789 1676 368
900 -1131 -1585 1463
1419 -947 402 730
853 -144 -1259 440
1365 853 1777 1251
339 -1614 -587 915
43 1896 -1436 1347
1517 659 -1006 99
590 1744 692 1940
822 1552 1074 959
1793 -1097 474 863
270 -1645 -1790 834
643 1848 -971 988
1670 -1567 -1594 531
805 -540 -1994 1236
816 -1023 -1542 669
1737 -1891 855 1073
667 -1587 -321 375
384 -1851 -722 1707
1530 1471 1540 124
555 -167 427 444
1884 680 -1123 803
778 -11 -1547 1869
420 -1403 126 199
1951 -730 -1523 1638
770 1720 1655 480
234 1002 -338 112
1415 1051 -1249 486
429 1925 1640 981
756 1254 -246 884
73 -36 -1324 1438
299 -1365 127 754
238 -79 -1984 1219
859 -676 -196 1496
670 -959 -952 1597
1175 1639 -67 1841
1354 362 -97 838
1183 755 -1453 501
18 1754 -1387 567
52 -1208 1596 940
1192 -844 1147 1000
791 822 -1013 1921
909 -1090 1641 707
985 1560 1895 1932
1905 -1198 -1012 1792
428 666 214 854
1430 -1221 658 1048
1759 962 -145 839
44 86 -787 150
421 1380 1534 442
1925 -44 1972 1904
1502 1111 322 1799
226 1506 -77 545
1531 369 -1389 1271
579 -1240 1143 1682
1549 -1729 -1303 467
1979 115 1094 1499
1477 -219 -766 884
1528 1634 255 886
1268 -1307 577 210
1726 -14 -361 1995
1228 -1330 -1567 1960
1339 -213 -1700 1812
349 1448 -34 414
1971 160 -708 1593
1959 -1197 -213 29
1013 1071 1601 1460
1037 -434 -153 606
595 -373 649 1454
1583 1174 -1514 778
1374 1203 -1963 1310
1007 1398 343 746
662 -420 -556 272
1004 143 -1196 663
1453 1731 -136 651
1464 -521 1485 1834
1379 -1449 -939 1336
1093 1121 799 764
522 1671 1500 305
1635 313 1378 182
819 1744 -1523 814
195 -94 311 1921
1086 1258 1631 233
182 1610 -1307 1270
1613 555 617 763
413 954 1009 1054
577 1680 -1048 1772
1241 -1918 -1458 626
378 563 -407 1749
268 749 1119 1883
106 383 1767 1568
181 1010 -1535 306
1058 -1565 -634 598
679 1616 1187 1249
1522 -1233 385 127
1010 -1821 -606 943
1324 429 -85 212
1159 -1849 -1636 118
656 -362 292 799
1767 369 -1689 1023
1280 -1885 505 89
1044 1710 -203 1491
861 1079 494 1578
957 749 488 1980
1128 1742 546 1403
1237 -1407 -129 769
1377 -917 -1169 135
444 826 -1654 540
361 -1147 -375 228
434 775 1803 182
1843 -56 -207 1437
1882 994 580 841
1566 -1482 -313 1211
1093 112 1057 236
1611 265 -515 1078
1346 -1108 -1925 969
413 -626 -1677 216
595 1663 1415 1898
498 1037 -550 1465
1274 -1367 315 1654
174 1642 -1749 819
583 164 -1750 487
496 547 -1681 574
891 -656 1171 1495
810 433 -965 132
1735 122 408 381
716 -613 394 1629
396 1059 -1451 163
649 1295 -930 163
1275 1389 -753 435
1855 -638 -485 1438
1109 406 -318 1060
1490 -1231 29 1896
44 1513 -1591 385
481 0 621 1545
