2000
1669 -1828 -263 99
736 389 1350 739
1797 -409 141 1570
374 -1278 -751 684
462 -1921 -1256 912
1753 881 -171 1668
1241 465 -1598 623
1667 336 -538 205
704 -1545 176 1247
493 248 -722 168
1403 -807 -382 1233
895 -1823 1413 645
1619 748 -150 950
547 -1552 -1801 934
1153 1969 -1435 1759
338 -375 875 1516
1039 -1761 1837 189
1877 1959 331 1607
37 -1422 1602 1682
917 -1469 -1954 73
380 -1707 -681 1901
682 1797 -912 1123
1102 1959 -562 1953
1902 -1352 -626 741
451 1065 -767 190
362 1108 1440 1185
1252 429 1669 949
22 -1922 1652 1607
74 -814 -776 855
1805 -312 1020 953
655 -418 -1681 1734
1078 -645 636 232
1339 -948 -710 225
891 -1459 248 5
935 -87 362 779
260 -758 -292 336
876 -344 -426 628
1436 426 -1704 1578
724 539 1896 268
1146 -939 1472 1398
1223 -1823 -1761 678
168 -1074 -1306 1347
670 628 -1887 947
622 1405 -1078 978
1858 -938 -134 1010
1783 931 -558 1430
1197 -1420 328 773
74 235 217 382
7 980 -1720 974
1361 223 -1928 1595
729 -996 1881 877
1621 1697 755 1903
1085 -1156 532 739
1966 -1483 429 347
1035 -696 -1572 465
103 -434 162 720
1420 58 1833 664
1463 -1923 1478 958
1001 1902 1004 1305
1895 -1205 -1096 38
859 1576 1383 1398
1586 -1399 1190 11
1436 336 -477 1726
415 -258 -1273 1420
1252 -1987 1951 404
105 434 -128 1930
685 891 -1196 472
1446 887 870 744
46 121 -325 1851
1506 833 -983 645
1618 1659 -1179 542
101 1503 -931 1458
1634 1100 171 850
55 1641 1163 1361
1701 1358 -1304 633
386 -528 1234 1667
134 -592 687 290
1422 -1613 837 1625
797 1471 1444 1216
662 1070 -1740 627
211 -1656 -1350 739
865 -1327 739 115
257 -107 -216 764
265 717 1173 185
817 -191 -864 1116
1911 -629 494 775
1947 1193 -631 1092
19 -320 960 1502
1785 -380 1947 117
1832 -1870 -1201 750
1570 216 -1822 1729
237 -567 927 889
385 603 1094 520
508 -1242 -1941 976
1806 182 -1139 1658
893 1986 1315 275
1346 -1337 -999 1946
891 313 -793 116
1479 1451 -640 1801
701 940 -543 292
1781 1878 998 246
237 -1093 -130 1139
805 536 192 1283
1827 -1435 -1591 163
240 -242 427 1490
1770 -1279 -248 1924
1552 847 1411 1010
1689 -968 552 936
653 991 -1682 294
74 893 227 1840
1392 -1706 -358 670
438 137 -323 429
1267 387 1419 907
741 -721 2000 271
1230 -1192 1705 335
1009 -361 -1553 375
1706 956 -1064 969
803 122 -277 1848
1264 -1400 -343 1579
292 406 -1807 993
617 -258 -27 1463
1293 -744 18 1955
287 1089 35 1085
6 1030 -243 944
1146 1135 1259 1998
1241 1201 1403 1561
724 -1199 628 1691
1183 -506 -1153 1263
1668 -370 -62 741
1425 497 1197 1058
1701 -866 297 1181
855 -1910 -1939 1060
1407 619 321 517
875 -935 -1339 197
1596 1577 -1378 1853
1174 -1200 -1901 551
1427 -1026 225 1365
1361 -986 -1069 1195
1103 1593 -234 1264
1828 -1651 1122 561
777 1453 -738 1182
777 1367 656 1339
1928 314 -728 689
665 136 1784 650
1447 -1384 -1341 312
285 649 -232 1006
382 786 1701 1605
702 172 -1792 1545
1030 -1983 957 1386
1924 -1070 1919 1468
1801 562 -212 615
1113 -312 1957 1831
302 -1897 118 1501
102 -1827 -948 1372
1856 -1906 -193 1629
339 54 1505 747
376 -600 1633 24
1675 1964 981 1350
1005 -1406 -758 1295
469 -659 929 158
1306 32 436 468
667 -951 1817 1492
199 -756 1947 390
245 980 -956 1192
1134 1099 -1172 1256
1326 -1805 703 619
294 1208 -705 410
1885 1531 1090 128
1690 -1420 -621 397
1852 -1767 1617 1782
1170 -1319 527 1586
1027 1792 574 462
1880 239 -1349 618
1117 756 -815 315
1668 1292 -1126 999
1777 382 -622 636
1391 -1798 -190 425
809 572 347 1858
546 339 1890 320
558 1050 526 1071
1830 1115 1662 127
1688 -1858 1452 1220
677 1342 1079 1286
466 1537 362 1858
1191 202 137 54
435 -240 -1066 697
1702 -139 1308 401
101 -1417 1522 1370
25 -961 -466 1366
1392 1638 -1539 328
651 917 636 1640
1919 -37 487 306
36 -565 -1509 1382
889 280 -1577 1769
1773 872 -1376 1299
1864 -230 -1328 608
1600 1923 -861 335
1284 -1024 -1872 1174
1301 -843 1640 443
1640 1786 -1173 636
1701 -520 1899 1481
939 1976 -1095 1957
714 -1483 357 664
615 -1160 -1922 1407
699 1164 1644 1163
68 -825 -777 1806
323 348 398 1265
605 1557 253 1105
1019 982 -807 1869
1193 -1851 1533 138
362 -1375 -1090 1743
402 487 -1547 1785
1899 929 -439 616
1649 400 1164 704
390 1687 -378 794
1999 272 1843 1904
1380 1116 1949 1652
84 -1841 564 841
1791 -452 1638 184
554 -447 1877 349
1903 273 303 1000
1178 -199 -745 861
1437 24 -639 1524
124 -1905 1207 841
1058 -323 -1078 317
123 -856 1374 595
1304 -1412 -261 1252
718 1033 -1667 1484
1927 -1447 599 170
927 1312 755 1172
1816 -1508 -1957 833
1014 -1337 -1655 1197
1028 -1454 -158 1848
1870 -1659 1736 1719
533 568 -683 402
318 50 1833 116
243 1769 -463 879
400 1044 1051 1797
1015 -507 1051 1360
989 1112 183 683
698 -7 -1287 678
1229 -1015 -357 838
1014 -1321 1033 754
1419 1326 1026 823
1091 1502 -542 1669
478 490 1794 1841
363 -1141 1406 433
1311 1426 -652 243
181 567 1424 406
1529 1883 145 1406
1004 662 -1057 1812
1379 -97 -1329 1748
104 87 -1472 174
119 -1975 1393 1318
2 1205 1806 1588
1934 -19 1071 1685
516 1262 158 488
417 -552 1409 1265
198 -670 -387 1065
456 -245 331 1692
1665 269 1415 345
1501 1787 471 822
638 49 -465 1706
1033 -1496 -1539 177
1639 -1486 1149 1292
581 882 1624 862
340 -1176 -635 1984
969 1369 -285 1837
1518 285 -1957 679
576 954 -1780 1600
1279 -475 -1477 1330
753 -468 -1091 1560
270 -564 -1414 1410
1973 -853 -1108 213
454 34 1299 585
679 -1001 -1782 1625
1600 -133 557 23
62 -1758 1616 1189
3 -929 301 1340
1604 1916 -822 1129
1674 1319 1798 379
194 -1821 1172 391
1197 1409 1872 1844
1936 1431 -491 1903
405 1518 821 456
1401 -1989 1 740
76 -1038 1908 1449
820 1165 -1474 420
1530 357 -1235 182
891 1388 -349 339
472 645 1603 114
54 835 -595 1040
543 1124 1346 637
624 1421 1453 1372
1865 790 -1935 1751
720 749 -955 506
1982 -1486 -796 1364
1328 948 1240 1177
119 414 -1000 1714
921 1640 -1827 90
1998 1143 -1163 1539
3 -374 -1728 384
1386 -186 21 1432
1512 -818 -1359 1210
662 -890 37 1363
1393 -340 -801 1625
1275 1094 1880 1956
359 -1719 1739 975
1680 1587 -281 428
643 1602 -345 1581
816 -700 -1465 236
525 1435 -1950 1732
371 1606 -97 1493
1311 986 -1598 1620
1218 -898 788 232
34 -28 408 1550
967 431 426 1175
1518 445 -1096 1765
1834 1690 367 1393
222 -230 246 1144
1268 -1916 -971 89
1561 159 1226 568
1358 -554 -359 1775
1129 514 1250 1448
1618 352 1833 964
1798 -1218 -1688 1751
488 546 -1561 521
1035 898 501 1574
1497 148 -664 479
479 477 -585 568
254 1415 -1455 1352
428 -1399 -1848 1707
641 -1153 -601 259
523 1700 512 227
1834 1406 46 963
292 1575 -934 1103
930 508 -928 1976
1921 762 1616 1377
867 -983 1650 1235
75 1683 1059 73
1540 1617 58 1077
1643 -1161 -1664 1481
512 1471 154 767
1194 281 -1974 1522
416 -1233 -1408 1986
1712 435 -1322 1396
587 1755 1602 1328
951 1259 -1172 145
1004 1571 1655 1081
1160 42 -980 842
155 -1679 6 1998
427 -498 -125 415
1202 974 -552 751
731 956 -1936 370
1960 -1407 -1444 672
1823 515 1925 868
232 1255 -1423 223
897 401 -1414 1429
490 -1507 -1293 318
1546 -1548 -1930 823
1048 -1053 1327 1279
1234 1744 -804 1034
185 -1242 -1488 1217
643 1960 -1192 96
168 -75 -1333 1383
1350 -1661 -659 1482
526 -1226 -1354 161
1908 -1660 -1303 1673
1538 -385 -514 1904
1317 -385 -1627 1693
431 1800 1361 6
868 -1875 1601 631
1565 547 -1547 1442
1064 -515 -1664 1194
789 -1370 -1770 102
810 -760 982 309
1521 870 1442 1428
1253 -1110 852 233
233 838 13 780
1216 -1158 685 1496
758 722 450 1199
517 684 -1285 1667
273 -1396 -1269 1742
541 -1277 -763 699
628 159 379 906
1777 1288 635 848
1974 549 -1811 20
1401 833 -1778 1748
1651 1658 1080 1582
1775 -217 1787 1383
1489 4 23 824
1148 -1636 917 1067
331 -1262 -1211 1890
1865 -1355 972 1265
585 187 948 271
558 670 407 105
324 -1555 1612 703
534 -1914 -1570 1717
1109 -173 -73 708
952 1372 1445 566
294 686 606 829
973 -399 581 1708
687 974 1005 876
1136 -1451 -1241 793
1353 355 576 1859
600 218 -385 1198
462 -329 409 290
543 454 -1828 779
1814 227 -445 762
94 -1201 -1283 1250
154 -1550 1080 652
1806 1351 -292 547
691 -668 -931 361
1687 593 303 1665
1899 -276 -177 1666
1635 -1516 -1148 1514
745 -1215 -360 681
315 -408 1 274
1321 331 447 301
296 445 -551 600
1313 1317 -1548 1377
562 -25 -1869 1613
1148 -430 1075 981
259 -523 443 1268
1490 -619 1219 890
116 1059 1675 1804
860 -33 -1452 1329
1934 -1096 1026 406
483 889 -706 1164
1481 761 -566 453
641 -393 -1784 1306
1839 -1069 -1523 680
670 -861 549 478
1833 -519 669 1504
355 1766 -482 1783
80 381 -369 1311
986 -447 -1858 728
1085 1934 -249 1494
1930 -149 40 433
1128 1159 -409 742
79 -591 -987 451
1339 -405 1326 159
431 1331 -61 64
575 -1731 1492 1522
804 1823 -1240 1479
1772 -1832 1764 530
1016 -1070 -822 27
221 1344 1524 1582
179 99 -1194 667
1689 -1301 687 1799
1087 -861 -1358 874
234 -1257 1895 416
1907 765 -1289 392
1369 390 744 1704
1674 -295 791 1974
14 -1591 1184 240
1420 384 1375 1686
579 1839 -1182 603
1651 1501 125 1751
753 126 -1965 1159
423 1959 -980 828
961 994 -971 1848
1297 805 -1140 1316
363 970 -1595 29
1114 525 181 194
873 273 -155 296
1867 1299 -1952 582
1748 886 929 681
190 -1959 -1657 913
1061 -1533 -1865 1138
475 -1691 -1845 309
1669 -1590 -1953 100
1931 1672 -1265 1361
1964 109 -1432 191
1144 706 -1411 1992
1812 -1089 -1983 1541
330 -659 -239 1273
1350 181 -1194 359
586 -883 -1685 151
1275 -1269 1175 101
1473 -1995 -984 738
1963 1540 925 961
937 113 -1236 267
896 -468 149 1532
1994 -1610 -1764 1315
1763 -591 33 1206
333 442 1063 668
557 558 -624 177
251 196 1789 1077
1430 -783 289 1421
142 1216 -1404 1441
24 475 1513 1916
1198 1836 768 1120
1564 -420 1413 399
900 895 -76 1507
619 982 1051 663
250 1199 -917 667
1214 558 1276 1700
791 1671 1758 1257
717 -1610 -330 791
359 1709 -623 1678
930 -447 101 1955
1712 -1582 454 716
438 -353 -739 1495
252 -1659 1846 771
689 -266 270 1364
261 -25 1141 1667
493 1481 297 1420
211 624 -516 31
1444 -1962 275 720
1744 1035 -1623 1143
1772 -1091 -947 1457
195 -1455 1561 957
1681 -1243 -382 1263
1575 -496 -1469 2000
490 -938 534 892
1236 649 -1826 1266
1218 -1690 1190 24
436 -1817 -1437 1797
959 -1363 -1110 5
1374 829 899 1305
893 -1994 1478 628
749 996 1137 1775
532 808 1174 133
345 -1887 -1031 1400
172 1233 -1842 938
1372 638 -1467 597
1295 85 -1501 1188
942 399 1155 1687
1494 -331 -1560 1891
968 -547 1299 208
1113 1163 -215 665
19 377 1526 96
594 1643 -1308 887
1432 456 -830 1175
794 195 -947 1341
129 -425 -96 1144
1226 624 696 1901
1206 847 -1076 947
923 609 1740 55
337 -334 -603 553
1029 -1898 -651 878
1385 -170 -54 1916
882 1544 991 1616
1721 -1294 -1778 1163
91 748 -1085 1393
1593 -1924 260 1337
1049 -1214 -1116 672
531 -1228 -1507 758
1364 1779 1347 318
1438 -469 -70 627
1622 -112 -986 430
69 -689 -1051 1041
1064 469 -561 1071
1712 1251 -1646 1537
1491 1952 -1580 866
1977 714 -96 1764
687 440 1359 538
1768 292 -1287 571
279 369 -730 406
1158 1918 -841 424
18 432 -148 1351
572 -1633 -368 875
1657 1815 963 351
371 -1392 -674 277
583 -1445 -650 1823
229 -1638 -826 1511
739 -841 -375 1688
426 744 -861 386
1031 -1520 344 522
1723 162 -158 1271
172 -417 714 982
1138 1123 40 440
827 1827 -659 1903
1495 1610 260 52
1996 559 1284 436
1539 1068 1613 766
1913 -567 -616 710
1519 600 -1535 38
667 1208 -89 56
341 1494 283 1965
603 1390 -1050 1865
845 1357 -499 1108
161 -1132 1524 506
1328 1702 132 1340
199 1558 -945 46
1032 -868 938 599
1910 301 429 1235
796 -1964 702 1780
583 786 -1050 221
375 -952 -1601 1190
1234 1721 -613 1179
1297 -1749 1036 333
1330 853 -1166 495
1476 182 169 202
654 53 -695 121
1256 1924 -1135 542
559 1400 1447 747
790 -617 1016 1962
1568 1669 1597 1078
23 -1489 513 959
248 -1614 429 778
1637 1791 917 1775
497 -820 -1381 1897
647 1803 1223 762
132 -169 -384 1636
825 -804 1504 529
42 -1249 -905 843
353 309 -1842 1669
1867 1344 -1699 256
442 -392 973 743
1329 -823 1801 1476
667 -1677 1714 312
1333 -340 1066 439
1408 -1351 -1204 841
16 -1161 -30 1051
1823 284 1264 716
122 -1544 -34 192
915 460 1861 1568
525 1400 -870 1016
1764 318 -876 328
466 -1911 462 1540
779 1020 -70 708
1058 1715 -1863 309
737 -1836 756 1813
1286 1042 -1687 1851
480 816 523 1277
1286 598 1325 247
1184 129 -550 1611
924 1507 -1073 1244
26 99 844 1777
545 392 399 1369
1768 -26 -1860 177
1933 -1071 399 783
226 -728 846 1723
1259 401 1429 192
1649 1208 -754 688
1554 1838 -941 1421
1102 -1449 1370 1297
1308 424 671 263
19 267 1293 1759
1345 795 1226 654
136 -1399 -943 540
1692 453 1833 1444
198 659 -1179 1815
1316 -424 1967 617
38 -755 -600 611
227 -870 -1175 1439
1314 810 283 927
817 1400 -1953 599
1138 -562 -1041 494
1769 -1317 -1160 1809
1423 -478 820 240
1506 1630 1085 1199
115 575 -53 1383
1398 1908 -478 194
949 1986 -202 98
398 246 246 1098
1584 -1842 78 195
1618 411 -1134 1737
909 1378 -173 1948
380 -1574 1171 336
1411 -1281 553 1117
1478 479 21 1727
1421 -731 1592 1127
982 -636 1137 392
307 1568 86 235
616 32 -1030 667
1230 1924 340 1306
387 588 1328 283
520 1107 -1823 1029
1329 216 721 1590
1049 914 408 686
1947 489 -112 1184
1210 -1766 913 1908
714 1639 1336 232
1124 -1139 614 1962
1494 -980 -1351 1839
385 -648 574 1120
281 528 45 1192
1481 993 1904 1975
1932 -1936 1036 914
1877 -1775 1041 1296
1368 879 199 1166
430 -769 -1000 205
1030 -831 -292 1919
1630 -455 -933 1421
1230 1216 556 1108
1229 844 -580 1251
1834 252 1223 1134
292 -819 -1721 1278
610 -1141 -991 239
1341 -1856 -1785 1825
769 -30 1877 1864
1728 -457 -860 460
1182 -1777 338 1226
1110 141 -193 1024
483 -1687 717 1509
536 1408 1601 1375
1289 -282 -252 1322
1840 -310 929 1864
153 1313 1350 1436
454 41 289 1934
1179 -190 -782 1210
1219 847 -1170 2000
265 1805 -1384 326
960 -5 -1786 305
1596 -1004 1762 96
663 430 -1244 1761
77 -1544 -638 906
1648 -1554 929 177
1268 -870 -851 1108
644 1488 -435 435
587 -925 -1035 257
1772 831 1060 1606
379 714 -835 703
1378 -1744 -528 621
205 602 -1935 1778
782 116 1674 1463
1018 -466 -1030 937
777 -748 -1327 1975
1962 -1378 151 1670
1341 1617 -656 1693
1895 1763 1848 473
737 -1674 -122 1226
1162 1378 -1072 756
1280 -655 1747 1280
1323 -1129 1067 1944
1795 453 -1037 62
1940 416 -274 1893
881 -1693 -1256 1767
1214 -1643 1582 733
341 1408 1972 1610
1250 -1160 -928 881
455 245 -20 1850
265 226 -468 1505
1905 -1598 -154 1207
1947 1838 1304 623
1898 -1484 -1155 754
690 1955 1686 1356
205 1996 -620 1564
1671 -467 -934 568
1266 53 1467 743
99 -1005 756 437
1267 -622 -1699 338
1646 -965 1459 1155
391 -821 441 1136
1251 235 -1020 1668
969 495 361 657
1145 849 -234 793
1282 1869 1624 1078
697 -1767 -673 3
1129 209 -684 1872
1614 959 -282 1970
1753 -1620 -1312 2000
383 1711 -295 39
234 635 -231 1463
1750 1076 1105 1877
1237 -1861 1112 1783
1228 559 -1798 1083
260 1458 287 672
489 -1137 1728 1290
590 -520 489 1858
40 136 1761 1492
431 -1980 -1764 1600
1600 1555 1393 1322
829 257 -784 474
1179 1526 1934 1501
1010 -706 1426 1314
1169 1033 1307 605
760 -1306 -45 1447
749 1853 1306 812
1560 -1915 988 124
134 -96 -18 762
41 865 -1746 1808
1318 -1540 72 281
1686 752 -1302 1862
1765 -1655 -1001 1818
727 1618 324 1150
1054 -217 1384 749
69 1032 1455 1033
1736 281 -1918 916
249 -761 -1673 1688
1437 734 335 1552
701 768 1113 412
1254 320 -933 897
1977 1508 1683 103
971 -1902 -258 201
598 -1398 958 1961
1671 1359 -532 1001
286 774 506 1058
1713 556 1408 433
1161 -514 1811 1461
146 859 1938 1523
1280 -648 131 1394
1525 1347 998 1183
716 1419 1414 266
897 -882 -128 1160
71 -1713 -1314 15
1600 1675 591 860
152 261 1500 1104
779 260 1685 1679
683 43 1828 864
91 944 1621 720
950 -747 -1159 1503
1816 -198 -247 385
1428 -1377 -890 462
1581 -1290 -697 1314
812 487 -2000 1630
336 320 1624 1317
1226 -1375 1608 1136
1949 -409 -564 1994
20 1110 -424 181
1388 -97 -1906 1140
1205 -1084 -755 447
1477 174 1112 994
293 -596 -640 1677
2 -481 17 261
77 -1390 503 722
540 -1054 1816 591
1559 112 -1980 1662
747 -407 1555 113
314 -705 -1589 1250
153 1768 -168 300
689 -1982 692 463
1168 -802 1048 1456
181 1474 -1564 1494
710 608 -1250 1582
1165 -388 -854 1849
1975 -1602 -1948 345
1252 1481 887 1031
298 -1562 -672 1888
1538 988 1358 1651
217 177 -1474 1125
1601 1436 1265 653
845 -929 791 1416
792 -1308 -969 790
447 -108 1105 187
210 -840 1844 1935
855 -791 674 1150
583 -354 -1098 249
448 -1182 -478 948
257 281 193 1046
912 214 -1055 379
680 -1298 139 901
1603 672 689 1111
1029 -1488 1706 1129
257 958 234 1431
49 -1536 -926 1778
1794 -213 1198 1997
1397 -1330 1995 1409
1456 154 -202 825
1403 -890 -884 327
372 -1092 756 1117
395 -983 1345 1573
710 1882 330 1306
270 360 -1461 1709
1025 -740 -239 832
798 -1642 -1609 14
1692 1505 1943 753
355 14 -1783 1963
336 1638 -1963 958
1606 335 821 116
984 -193 -1887 183
448 577 76 362
1995 -705 278 990
203 -1811 -294 238
1684 -1008 384 212
1215 -589 -664 193
1625 -935 759 601
821 1359 1508 1844
1254 1600 -422 975
1702 -1063 46 953
707 1901 1682 1686
620 -421 -583 1488
440 1177 1681 1056
127 1900 875 1817
1679 999 -1160 1582
312 -1928 1658 1671
1808 -1676 1080 337
177 966 -1879 1754
310 -1321 -14 361
545 -754 1662 1044
72 -362 -815 1575
963 1867 -123 1828
432 757 -1817 1230
608 -1442 62 1164
1479 -1965 -181 1165
463 -1683 1398 830
790 -349 -776 1397
1419 1260 -1948 1386
629 -1056 -823 168
1100 -20 1357 337
1086 359 1913 1543
956 1062 724 708
778 1564 -470 1651
1714 -1025 1586 996
1841 -1556 -1883 1628
1513 946 534 707
494 -1875 -1985 676
441 881 83 560
1912 -500 123 1803
172 -481 -1950 1822
169 220 1255 835
1369 143 -1483 348
938 1960 -1296 221
1771 -1741 1547 1101
819 1897 -374 585
1658 875 -1314 417
414 -1186 -1847 73
656 1962 -540 1626
1476 443 1103 1902
1381 1088 -944 1191
478 -180 679 1832
1282 1046 -1675 1802
708 -20 1703 297
1248 -1252 446 581
1057 -1117 -983 1282
1832 1873 -1143 888
1372 1727 -586 1731
1188 1776 -1194 276
751 1000 -1983 1006
1916 1881 -1581 1242
1122 50 974 1395
234 740 1690 1963
1472 -1505 1175 1861
469 -88 128 1048
400 1756 564 930
344 -1600 1110 1139
363 -801 -699 926
571 1895 -985 427
620 -1340 220 1768
296 421 461 499
1883 527 -1753 1858
1478 1664 270 507
1760 767 1542 828
80 -1447 1959 804
1477 118 709 744
894 -1627 -786 79
754 -386 -1062 1702
250 427 -967 110
530 1151 -1459 953
1499 -777 -1911 1792
268 -461 1727 832
1596 639 1994 1688
1258 -565 -1685 636
1526 1473 -1855 1509
1285 1068 -483 799
592 -237 -1350 282
5 -424 -1304 234
533 -31 801 919
741 -740 -953 318
605 -340 1137 1085
220 873 955 411
161 1636 -1834 1214
1235 -979 -781 402
1131 995 1394 1369
485 942 22 134
1219 812 619 1281
569 1873 -619 102
1026 379 1470 1781
1546 -364 -755 1796
1521 -1980 -1420 968
430 -443 35 192
234 -1292 -687 1594
241 1160 1398 1468
37 -445 -684 1084
266 -179 1406 408
1931 -1505 -613 1520
964 -1413 930 759
1301 -1681 1878 885
1350 -108 1814 1879
445 150 444 1870
121 -688 78 588
1195 -1568 -1961 106
1016 1131 -1793 197
1960 1238 1204 476
1354 -1215 1150 1508
1470 -1496 -1479 1716
89 -1659 -1398 1001
1893 -588 -277 1059
1150 -835 1445 1238
102 164 -1894 1115
1905 -1812 -1901 1996
1194 1862 -1506 219
621 -147 1963 75
1083 1282 -415 646
601 -730 828 1029
1600 -284 -821 331
671 -784 496 603
20 -491 -674 797
1559 -952 -1657 1597
880 -650 -1645 1068
668 -280 -1489 685
1387 -1579 328 617
629 -137 1989 348
288 1518 1636 405
1116 64 419 1418
984 -1210 1410 1602
1881 -903 1557 1401
1594 16 834 255
1495 -447 -1388 1529
1441 1236 -969 799
1021 -95 -1989 220
677 -383 -1922 690
309 -1589 -680 531
1135 -540 -116 137
632 178 -874 1087
1944 -227 -1626 725
94 1917 -1794 512
554 1270 1190 983
609 -162 -662 1127
1629 -1699 -381 1888
906 -653 -405 455
490 786 -377 274
370 87 -1162 1423
907 -1221 -1781 125
1170 935 88 1648
328 -1427 862 1665
1410 391 1677 828
762 275 -1110 49
1724 1332 1336 468
602 -570 147 717
121 1904 -1587 729
834 1100 912 663
914 270 -275 1451
778 -152 1197 1678
927 1618 835 492
1307 513 -284 1365
1674 -1486 -811 1372
1102 -1156 547 1259
892 345 -598 1069
941 916 1391 51
1710 -1272 1983 1296
512 1109 0 1789
1704 -598 -418 405
1744 -909 -1807 1626
484 -1230 -365 446
1606 -516 -854 91
139 216 358 636
1116 -93 -1259 1042
1766 1907 -921 1647
794 300 -1793 1614
1998 0 -878 153
1881 -1651 661 418
699 892 -1407 1403
579 468 -1410 589
1415 -544 336 1157
528 -399 881 578
1835 733 -1969 601
1305 -644 833 401
1279 1375 -358 167
1079 1166 1969 1596
1694 -927 -595 1330
1924 -891 -1865 818
1711 -1974 -641 1992
1736 -173 -602 1877
1740 675 -357 1613
1724 -833 -243 919
1005 693 -227 560
745 893 -1787 40
1981 -1060 -1837 211
313 1350 -1487 1017
1715 -1274 -1690 966
1540 1610 -1336 283
1225 -994 1236 219
819 -1870 -30 15
1911 952 674 1938
1951 -1936 1616 966
680 974 -984 1246
1154 1480 103 1010
1427 -1772 -1182 382
1188 -179 -1043 642
1794 793 323 1539
638 1960 -1392 1305
1102 -1383 -346 143
554 -1164 248 39
191 80 -1795 1875
832 578 1994 1181
272 -241 -1594 176
1161 907 282 140
1768 1124 1078 886
734 -491 801 1093
1825 -40 -1796 1782
41 1003 27 1162
1187 -361 307 3
145 -1029 250 170
937 1271 -1553 1196
562 1538 1925 1528
1786 -641 1449 1267
1250 -1247 -1575 1780
144 -1121 659 1352
956 634 -103 207
963 -225 1691 45
616 708 -1667 122
94 -309 1956 1458
543 1010 -1435 1974
1224 1481 654 1738
42 -977 1205 53
395 -157 223 163
147 -1459 -1917 438
687 927 -1098 673
322 -726 1737 668
911 1314 1581 1123
752 1938 -1815 87
322 -172 1194 235
647 1653 1382 712
738 855 1752 1513
1934 1417 -1457 1552
1064 1444 62 1487
320 -1359 1921 1472
1453 265 -73 1662
86 610 -1290 186
1945 901 -1796 1878
183 466 -888 1773
1206 -571 345 1705
1470 1449 1956 300
1037 -1992 -1980 1848
995 -1844 -894 343
1990 1317 741 1987
591 -58 323 191
1708 -440 1461 492
12 1455 1677 1381
1798 -122 -1062 356
1202 992 -732 1274
1454 208 -1591 283
714 -1341 320 63
684 -1933 1072 1315
1806 -101 1451 422
1563 1121 -1504 316
565 317 932 479
706 -1743 1878 600
1674 1790 1579 1834
1755 -122 -1243 1832
1989 1552 816 1194
1183 -1708 -394 1293
464 -480 1867 559
438 1939 -732 1303
275 476 -33 795
426 -639 1111 1575
919 -748 897 1085
1237 1704 -1104 1488
1701 -1334 562 1096
941 1920 1477 1617
1799 1159 757 1595
1150 867 1250 1835
1556 -452 -886 457
319 1489 859 1776
7 1789 1382 1778
170 576 -456 1553
857 592 -774 791
344 -1925 1309 1343
529 -1020 242 1833
114 -874 243 330
1450 1810 -1140 1002
608 -269 -1570 1188
1340 1866 -920 649
204 -457 1174 1453
801 249 -1691 681
463 431 1672 1143
753 -1657 -661 569
434 1906 1242 1699
628 1746 -1644 828
1693 1949 -1965 1777
86 -124 -494 1154
859 -1689 -1793 1651
45 1995 -690 1837
1827 -1712 -93 1946
836 1708 -589 76
1406 -1987 -922 246
1987 -972 -851 1650
151 -625 -1203 265
131 -1505 916 1662
741 728 1629 420
1342 71 1925 1795
1378 -1093 -128 1431
1659 1224 241 561
1303 876 1787 436
790 393 1521 1481
1948 281 510 635
437 -398 432 1244
1820 -1852 -853 1983
530 -154 -817 1627
174 1003 -1773 190
487 -1198 1940 1592
940 757 778 124
1068 610 602 706
78 -1357 -850 1880
1051 -821 1421 588
511 -1125 -1624 1716
1499 1038 1641 1510
1430 -1971 -746 1904
935 1805 1946 17
125 -846 -1113 766
1688 -1604 1072 206
1709 1067 -769 1694
53 1312 -1954 79
1646 630 -1567 1299
1817 -638 1415 883
1658 -215 -784 668
380 206 1481 1693
474 -1918 257 1514
1895 1101 127 1772
1191 -128 148 1167
948 1902 -1138 771
138 -1355 1718 1948
1898 -743 195 1538
1387 -1232 884 1026
948 -1847 -1994 458
1700 -845 502 353
843 -1593 1191 1773
1614 697 -406 1706
870 1739 -214 650
1313 -1828 1300 1776
1232 -1373 -723 292
1576 -1328 -1921 1250
1905 1392 1709 906
1162 293 -1883 1474
499 -1626 -1126 1935
1441 -621 1518 832
205 -1964 1062 723
597 1915 -228 910
1082 -395 147 7
801 -1076 -406 1628
162 -134 435 1117
156 -1017 151 1053
1359 1236 503 452
1744 -127 1539 1999
1784 -1563 -664 111
1222 -1095 458 886
1144 -1163 1232 861
726 -964 -658 385
1528 -766 1520 1089
1562 -1005 361 850
383 -864 -1414 1611
1499 96 223 249
1016 -673 -1495 1660
1330 -1341 -1488 1448
1851 1929 1121 390
1272 -217 -405 1904
705 -304 -592 888
885 -803 -1231 1058
452 138 -1694 165
515 130 1439 413
1132 -1947 -1125 236
1691 -281 1310 885
690 182 749 1984
85 26 1420 521
1535 -1345 1667 1681
412 -1927 -123 667
877 18 -762 592
1447 1146 -531 1980
484 -1539 826 542
1984 -1052 1543 1420
1069 -418 -559 429
1024 597 -222 1005
1457 -1255 1518 1980
143 -362 875 1151
874 937 -600 1150
759 -1016 953 1364
1840 -1068 -498 179
913 18 -674 1261
1404 889 1945 44
934 939 -503 859
1224 467 1545 1562
318 -1725 -454 942
955 331 -620 718
1812 918 1285 423
1536 -195 -626 730
127 586 -1594 329
1424 -1300 1341 829
1576 762 1184 1411
2 -356 -1353 58
1002 1084 1021 1334
1329 580 1420 672
892 -199 -951 1381
997 -1758 -350 226
1768 992 688 1646
103 -453 -395 689
695 693 -511 597
1649 -662 -1072 300
546 -460 -1623 569
763 79 -111 677
1489 -830 1318 668
670 1296 896 1118
766 699 840 430
1923 1764 1633 358
146 -1622 -549 369
724 1425 -816 1776
1446 -1091 1479 1686
905 130 307 428
1954 807 -638 1534
1659 -1265 -267 699
33 -129 1102 217
180 -299 721 206
1850 -196 1395 184
651 -1438 -1284 967
438 1266 1463 1309
923 147 -652 485
1056 -90 1140 313
845 -497 -1311 395
1983 1570 -924 1789
904 776 1132 1448
1053 1112 102 1561
759 -1180 1727 1167
1107 -1876 -421 639
1986 1512 723 1232
1738 -1502 -1320 1216
866 -1347 -1229 557
602 -63 536 1372
1137 142 -1633 1909
1245 -607 1141 52
1031 -1111 -1390 1226
748 -1329 1864 811
1597 -1113 -1207 238
208 -652 -1006 784
940 520 788 1185
1425 789 -899 1365
78 -327 1044 1476
1257 -10 534 1130
667 -1081 -1030 1432
1793 1535 786 1473
668 -781 -1805 1790
1506 465 1512 1467
1371 339 1106 487
820 538 1477 1272
1183 -78 169 1109
1329 -1444 547 490
1859 -222 -837 455
146 1309 -390 177
1632 1624 -1758 1920
640 -843 1471 783
653 660 1029 1488
260 -1415 -1331 549
629 1411 -729 856
182 1131 -206 1812
32 1204 1987 329
1184 894 -1819 1388
1511 -588 -1190 1060
1419 981 974 239
452 150 -1291 1035
111 846 -917 1693
415 1965 -1395 797
1495 -1155 -1012 1544
785 742 1544 1309
570 -1776 1791 1201
1379 565 331 1707
1346 1841 632 712
1311 -747 -1434 536
87 952 163 719
381 392 810 789
1748 -1715 -1564 134
582 -677 1610 819
272 -124 1105 1440
19 1922 -957 868
741 1760 571 204
766 352 257 439
76 1116 305 1115
559 1090 1194 1023
1757 1522 -1780 1615
1679 1459 -1706 844
18 315 -694 1929
216 378 985 959
548 1451 -56 1081
1506 -457 1775 41
748 -961 118 449
1862 1667 1381 1963
1955 -1894 1369 306
1021 380 610 1767
1105 1232 1966 1933
1488 -351 -81 780
1856 1650 219 850
1929 -1001 -1499 877
841 1529 650 1890
368 -1811 -351 1002
1285 108 1042 799
1743 -220 -1262 1684
1676 -828 462 1658
557 1993 -1090 1100
1304 221 1659 1876
357 1713 585 643
978 -1856 -1638 237
159 12 -1542 682
643 -420 -477 519
1349 -908 -892 1955
1347 53 -543 1090
1823 625 266 1646
1340 -647 -1220 1905
550 -1387 1671 155
759 -62 1644 50
1571 854 320 637
1373 -494 403 1481
511 1684 -264 756
1655 513 1574 1349
1620 645 -1019 1746
1053 -1153 -1906 295
938 1058 -1365 1734
1193 -8 252 1954
1642 -377 765 1315
1300 0 -361 117
574 1440 295 1592
1878 -1187 1616 1377
1166 1183 656 1624
425 1232 -1838 1369
67 -337 -651 1283
1431 -33 -245 1467
1174 -1190 1811 1978
1382 395 213 843
1825 1877 -1655 1246
194 1236 853 40
1676 1601 -1082 689
1602 -1201 1628 1908
1392 -98 1247 1442
17 1116 -178 1263
1174 186 369 1908
277 -398 1861 1643
840 -1281 -1338 1655
138 -790 385 681
606 1882 1135 1755
1640 -767 -193 90
1969 1151 -1101 1908
1559 1472 1316 1310
1994 433 -1445 1120
1137 -1857 983 1990
99 -115 -636 1953
1999 -1084 1038 1268
1524 -1795 1557 889
105 1141 -1885 1161
998 1927 -1064 1143
121 1684 728 422
531 -342 1145 1630
1336 -234 -1269 907
371 514 -1920 1742
1519 1159 -1672 1002
607 1717 1125 600
151 991 729 1188
784 -1707 1882 1357
232 -1333 12 793
1984 181 844 1838
604 -468 -259 890
1399 280 947 1197
348 840 -1069 186
1982 1143 -1979 1433
1697 -1023 1643 1080
1918 1784 -681 933
1651 1084 -1326 870
33 438 -764 977
1020 -1061 -422 756
543 1243 888 942
1429 -178 1725 292
625 242 1825 989
1255 30 496 1911
960 -278 230 96
650 -435 1846 1005
1846 -1921 -1544 1542
1913 -630 33 616
1979 -1706 -1657 722
1739 69 -291 632
1672 -1799 1944 1155
633 175 -1171 687
215 581 1476 1772
430 1615 -1518 638
672 959 140 173
1937 -1829 -1708 150
748 1239 637 647
1660 -1923 -795 503
1940 -877 -777 444
1928 -631 948 995
1634 1128 -1969 1979
1774 1695 -91 554
237 583 1196 103
294 -31 -1056 222
1729 -22 -120 95
1066 741 -230 1536
644 1386 -1093 1174
275 743 1792 160
753 -1652 -1029 1596
1162 -45 -1348 1024
1007 593 -1139 258
439 -83 1719 448
1498 -874 124 1418
1268 -1010 -1035 707
56 -612 1474 1667
1418 696 507 1688
68 -79 -1733 1376
1314 1124 848 48
1750 14 -1052 1536
724 660 -936 1357
455 -1258 976 486
299 -1379 451 1216
1072 935 -1056 610
1262 -1036 -1719 1241
763 1557 887 1125
1302 -639 428 602
1712 -1772 1072 1601
670 -1310 -1111 1828
1561 1254 497 1445
637 -1134 -283 72
477 160 1144 1156
605 1244 1098 198
183 -1586 -875 1837
1703 1998 -1402 1199
1743 -884 1361 1075
1684 -768 -1924 1013
1214 -1948 -956 598
156 505 328 681
942 -1180 319 7
1273 -176 853 1644
311 621 1849 1063
1060 710 1322 1326
594 569 1718 984
950 -893 -1861 673
265 -1262 557 345
871 -1492 -175 5
851 1060 1553 1373
977 -526 -1535 1757
1771 -44 -680 1732
1933 -415 816 1015
761 1774 -1710 1839
820 581 553 615
663 719 -930 303
143 -312 -670 1228
205 -1081 1874 1589
694 1502 -1641 487
868 -1011 628 259
1587 -564 8 619
693 -1709 1833 1496
47 -743 1009 551
537 915 -1991 1975
1714 -1914 -1408 492
1738 1217 -1998 1776
1687 1025 -1759 1773
1024 -796 940 1699
165 939 1863 1992
1573 1918 1095 36
198 1831 1542 1825
1248 1102 -868 929
802 1235 -1807 7
844 512 1347 204
132 1859 -163 764
1505 -704 1244 1751
451 193 -8 1264
745 1801 -1226 1841
569 38 -1280 1941
1595 160 778 1421
398 1971 210 364
1746 -579 -1111 1851
669 1108 1785 1238
1463 589 1974 1900
893 -1920 1908 1411
65 -1423 -778 1457
40 1881 1959 1780
251 -1008 -461 1452
679 -1909 -550 1787
381 653 1935 268
210 -1091 -1250 1417
1824 -307 26 116
19 751 -467 1519
1662 -434 -1586 131
1172 -1665 -1594 1405
1518 444 -894 1692
1851 -401 -959 389
1515 1710 608 911
1140 1701 1222 1016
1214 -479 1492 1550
1910 871 -1002 566
286 1843 1924 1272
539 -296 717 1984
1766 -1569 831 1999
1292 1566 30 473
878 -174 1890 21
738 -244 -1231 1072
1968 -1395 -1214 1130
1717 1151 380 999
579 -154 501 1487
927 1084 -381 1822
1922 694 1225 421
313 274 -461 1575
854 -1553 567 1069
1756 129 -776 563
294 1094 1807 456
1872 127 1833 786
1053 -1432 461 1512
1312 -679 -1590 1126
1299 -1259 1191 44
931 583 8 559
609 1743 415 1655
1890 -1818 1945 559
64 -959 776 1977
808 1007 -441 1159
554 -1229 311 707
300 -731 -1021 920
103 -1259 26 854
552 -1684 -1255 130
1873 -1595 339 1971
293 -207 -543 1191
1503 1407 -28 1532
1484 1279 1150 1943
700 1952 884 832
1157 847 659 628
512 867 -523 1698
1098 -156 1917 703
933 -726 1366 594
1828 -1844 -20 808
1730 270 74 1441
1324 -594 -1846 1329
1538 -538 713 1440
490 12 621 938
1069 469 -1048 256
504 -815 -402 518
1005 1316 31 467
1695 -1681 -1488 1524
825 1080 -615 1128
168 446 -1139 1429
1756 -1709 1953 82
156 285 345 683
1183 1775 -992 929
1299 1730 699 1927
825 945 206 86
1959 1166 -1304 537
1285 -448 -1457 18
1537 -404 328 275
827 539 581 646
265 1687 -1968 1798
36 1503 -297 1108
297 1702 -853 723
1290 165 -953 1787
506 -637 -354 794
1477 484 1170 302
37 1063 909 1548
222 -1721 -404 1357
227 295 -25 443
1230 -1745 -1953 905
1788 -12 -1646 1816
1439 -1080 -1674 211
938 690 737 1876
9 259 -891 492
902 1396 964 431
629 1421 -419 1269
1449 1792 -529 91
364 1508 828 112
251 -1333 1293 104
1960 307 -872 509
967 -1819 1985 57
1649 1563 -1192 1468
52 208 176 1564
1024 1421 -1774 256
1403 484 -54 517
1519 -644 -1235 265
87 -221 -469 115
69 606 -1678 89
63 -997 -653 23
1037 -371 1506 959
157 -266 -738 1748
1600 -1594 -511 62
666 -1900 -1601 1977
389 1491 410 1733
1406 1377 920 1895
311 -692 -1448 1975
532 -1309 -86 385
1966 855 38 916
819 -1065 -435 101
115 -399 302 493
885 -616 -1158 743
800 -213 305 659
1906 -1628 1629 998
1405 1795 -906 248
1557 -1322 -1132 1876
1475 751 -1025 475
69 -545 -1904 849
299 -1882 -1082 623
588 1638 -1424 607
1023 -1875 1981 100
578 1236 -1888 303
1735 83 -1580 1434
834 -747 -498 946
1980 569 -661 789
1139 611 1838 952
1224 1428 -1210 1283
255 213 624 18
1010 -344 -1160 470
959 -1740 1185 1746
1077 -1822 -552 752
1019 -1643 -812 1689
122 101 -832 416
14 -571 -1431 1864
904 -30 -129 1289
895 -987 1014 1183
1786 -733 261 1195
1815 -269 423 720
1960 1033 571 1943
865 305 420 1532
827 990 -1719 1406
1188 -1938 574 1491
1133 -408 402 753
810 -436 598 982
1718 247 -205 1202
1692 -945 -773 1224
1103 437 1873 1665
1811 -140 -1967 40
1633 -364 157 1726
1895 427 -1982 1992
1958 -528 -789 1900
547 615 -631 104
38 -715 417 27
285 309 -982 1930
762 -1313 -1099 316
897 -748 1039 927
492 -1684 1665 833
1591 -1229 -1078 407
643 -1330 1881 1833
439 -1331 -1492 916
1914 -90 -1101 679
907 945 1301 1798
810 -191 -464 1274
1724 1061 1485 1135
1194 -529 -1023 341
418 -196 928 1024
101 -443 -189 760
887 -1499 -1742 1482
1091 -357 1855 372
148 416 -116 333
1981 -500 1288 1595
1250 1379 -678 107
1229 -1587 -593 204
794 -761 -629 4
683 1135 -1726 1146
1316 194 221 1626
1888 -414 1144 1733
378 51 423 430
469 254 -1114 1869
37 1495 -1268 1296
260 1439 -1173 1765
62 1089 -1757 1522
1029 915 -1455 766
157 1959 -1009 36
225 1486 -803 1623
829 -1993 812 1449
1425 370 218 482
1156 218 134 560
351 1898 -1716 1393
830 -641 962 1578
1619 -456 463 19
1459 -647 201 1177
1878 -557 999 139
75 1399 -277 1054
1554 1252 424 73
848 1529 -1551 73
575 -267 -506 190
75 1131 -1127 1245
1302 1507 -510 44
1252 1621 -495 1816
1312 -66 195 546
1078 -42 794 734
262 -1966 111 163
8 -731 62 670
1890 -1237 -934 1934
995 783 -1725 1529
668 1763 -265 1462
178 -1789 200 321
46 1129 541 155
1484 515 -881 1431
271 1199 1418 1470
140 -142 -201 940
1706 108 561 673
1000 -1777 -613 1888
327 754 -1212 1235
188 935 1494 933
560 -1192 -1919 1590
1632 -1720 907 107
444 1730 -1124 1212
1884 -1304 -886 1381
1286 -906 1689 1205
1226 -605 -1709 449
71 -93 -1664 1794
1698 517 1345 387
1078 1856 1986 468
1631 -790 -1418 154
1166 1922 288 700
1560 275 1167 1559
1831 1347 -925 1548
1719 -457 -1519 1453
442 1363 -1230 915
1573 646 -203 443
705 250 737 788
251 -212 1442 130
4 -546 -730 47
785 546 -1744 1573
444 -913 -858 724
545 -601 -1486 1522
1458 -821 1869 87
596 1209 -1612 1085
16 -56 -641 1142
1506 425 1895 533
861 1551 1025 1139
1126 -788 -1020 1628
613 -1193 -308 1600
1639 -1163 -1324 1778
1086 -829 1989 508
815 1193 -1720 361
739 154 341 74
695 384 -1665 1250
1852 73 921 714
919 -411 264 1454
930 877 535 253
1689 1319 337 941
1678 -1559 -902 436
774 -1749 -1302 976
378 837 1490 1681
87 -957 -1398 634
862 1739 -1205 1219
212 615 1347 953
1875 -1595 -450 1997
328 -1708 76 993
659 254 324 1022
922 1446 271 1841
1350 1516 -116 1913
1668 -1320 -1732 843
1381 -1971 -570 62
1134 -716 -1902 1264
777 1734 -557 1679
1907 -1938 1304 1952
76 -121 -228 1579
1834 -1319 1183 1020
1878 259 1184 1940
956 -892 -1463 1111
1168 -1828 1038 1516
1636 303 -355 416
451 -1097 -1115 1363
1050 -201 -1622 1865
697 -1418 1612 1322
1446 1345 816 578
1018 1037 1633 1186
1554 -1237 1827 237
527 1764 -204 764
1766 516 1192 1179
561 1165 228 1241
605 1699 1833 1628
1130 683 -888 875
1374 1619 -1293 1810
1026 -502 1856 1329
1411 -49 -747 269
322 951 1777 126
725 -510 68 735
1588 -1644 -1813 1474
1484 528 1885 633
1968 1717 -1139 590
1907 -1508 1837 1484
1375 -467 1801 707
625 -548 1225 984
266 -190 -559 1618
1519 916 1375 1695
1770 379 593 1901
1336 -1943 -194 1569
937 1389 -1408 1603
1107 1031 557 224
399 613 -1648 887
507 1859 -138 413
342 6 268 921
1862 -425 -1682 1192
1093 -1454 -1364 154
624 -519 1297 1475
1415 1062 1484 491
1792 -762 546 254
1077 -1951 -1060 989
49 -438 -1888 1532
1814 444 310 1906
1338 -937 -1248 1740
1461 -1152 -592 41
1780 -445 140 303
1226 1563 932 565
282 -1445 -145 1879
1614 -1034 1324 502
1267 -1306 1895 773
1978 1852 -1948 1245
313 -1456 -1713 1209
1112 1250 -1773 1195
1717 472 1486 646
16 96 1728 609
1327 -1571 1399 1466
1867 -1122 999 881
322 159 709 185
99 444 190 1226
1893 126 -442 1826
560 -887 -371 1087
1106 878 -438 1702
939 1061 811 992
1441 -1691 -1939 1975
285 -328 699 1598
1229 1967 -1929 374
1616 -641 274 938
525 777 -1061 1844
796 -1828 -229 229
795 -1518 777 1105
1306 -1477 -1763 880
1119 -1067 -51 1567
1667 140 207 1405
932 152 1801 1262
49 284 450 284
497 -1434 1797 1121
1884 119 -1823 1757
512 76 1210 518
509 -457 -726 1107
1978 -607 1639 1921
1310 -358 -1657 14
1911 714 1482 865
1143 1926 1855 416
465 -1453 226 695
513 134 -545 920
1777 254 895 1510
101 1896 -92 489
352 -253 1097 285
1132 1503 -604 434
999 9 1625 557
1120 -931 -393 790
350 137 1760 1577
1705 -1178 977 117
1663 -324 1702 479
1729 -1903 -293 64
435 404 -954 1715
1327 -1694 -1150 264
1395 898 -1960 1188
494 226 1772 159
1655 -925 -723 916
550 -1477 -125 900
1993 -1455 1589 419
1521 -1100 -1453 1434
1074 -1627 1209 419
646 -1912 -1687 801
1755 1955 -709 133
32 -737 -184 538
60 -1598 -1860 74
87 -1641 -627 1638
111 -1774 -1949 274
37 -1406 -1714 726
1549 1053 -479 1182
434 344 694 1723
799 1915 -1816 609
1959 -1483 1656 711
1966 464 -238 1561
541 1296 -332 1113
1426 753 1807 442
974 1849 -10 52
1717 435 1130 739
241 -1043 1218 680
1776 -1167 -1650 934
1361 776 624 1622
443 -1470 -1662 84
1991 225 -304 1599
1489 -546 -225 925
250 280 -1352 1252
633 1248 -463 1506
277 475 889 1655
349 863 -866 1158
1824 -1285 502 600
245 1576 870 1032
1925 -1333 1581 55
412 -43 -1703 1018
235 -3 115 631
1241 -893 -83 1676
45 176 -1836 104
1942 -197 1641 560
195 35 -89 1227
1771 -1409 1385 103
663 -318 1434 482
1555 527 553 561
1585 -1502 746 1900
965 -1181 -525 1872
202 1980 1790 1596
347 -842 -1555 1684
1771 -159 1198 1617
462 1569 -887 751
1901 -1407 -1686 62
470 -1640 -153 1554
1930 1102 -548 1347
526 -1392 1228 542
186 -268 -473 242
1117 -1589 -1219 1923
1415 -65 1791 634
589 -111 -1959 1395
40 -195 1442 1981
1430 561 1737 638
1000 -581 -1700 941
1123 -1788 -1710 54
1359 340 -1020 1434
539 -532 1362 124
214 -1764 1550 1988
808 1772 -400 1984
503 -1906 -82 1470
34 -1987 178 1220
1386 -361 67 137
932 526 1272 1880
1112 -1707 -179 116
1157 1971 25 1359
987 1668 523 273
703 -846 1480 552
810 316 1935 1810
682 -687 -1954 868
464 507 -1774 823
1889 -758 160 917
