2000
1044 -1414 1692 1595
723 846 241 627
1747 -145 742 306
365 331 -947 722
159 1135 1133 1039
1004 1216 -1519 107
586 -985 831 859
18 -826 1257 1911
1315 -1561 1279 1086
1343 -1501 -720 192
1356 49 1650 754
36 1441 -317 398
229 1118 644 1264
946 -1824 -503 1258
1057 663 -944 1408
59 1780 -430 1757
736 923 540 477
624 -427 -600 849
2 -11 -1737 1278
401 107 507 893
1513 -319 -436 205
1823 1231 -173 557
695 -1370 980 1458
1355 -1545 -1304 1159
75 -278 1351 616
615 450 1285 918
631 -626 1121 310
1204 -1011 -1 1314
300 -1634 -1244 662
1857 785 1932 1796
635 1641 111 1889
658 1986 -86 1573
420 611 520 1535
517 -608 -599 1903
1786 1415 -694 522
1277 -1403 -597 826
45 -439 1888 187
154 972 772 927
1229 -278 230 1867
814 -505 1479 1208
1020 1448 945 1475
969 -404 -1397 1357
299 -760 -431 91
1661 -1217 -688 1447
971 -569 -1252 1965
266 738 624 1375
1293 39 1883 1794
1665 -1160 282 335
1250 -338 -1691 1315
100 -484 1227 751
1771 -515 846 1848
1187 192 -1955 1160
969 1707 332 1451
1279 -1121 158 1379
332 142 505 1669
1994 -1470 -301 410
1318 -1066 416 1247
1140 -1812 -422 1125
745 -1737 -1574 1169
383 -1960 193 1117
916 -964 -1264 1734
1707 213 1788 844
521 1979 998 1717
505 1379 464 409
1849 139 -300 1687
107 -1351 1894 1871
1349 940 465 919
1041 1959 1237 359
846 -1754 278 188
13 394 1995 888
1908 -680 -325 1248
1775 -292 -1878 189
1738 -1935 -1178 652
1816 1324 -1467 686
1359 -896 256 1752
218 775 -1296 1684
981 -556 -1083 1199
261 1011 -1355 1977
814 309 186 1576
1866 1319 -1483 901
745 -138 -1934 525
1787 1747 307 1025
152 -132 721 1126
441 -363 -1639 1526
412 588 279 990
179 -1839 1928 1230
1621 -1072 -1054 940
1500 1018 -585 1089
1430 1395 871 1002
1653 -1482 -116 872
303 -1218 -1695 1153
1934 -62 -1599 1757
256 -974 537 681
1208 334 1872 71
1291 -1037 -704 1436
1765 -1698 1385 465
722 195 -1897 1523
517 -921 -535 132
564 -663 -1340 1767
1417 -1874 1678 839
947 -1967 -643 545
1635 -1707 -1386 117
1008 -1230 107 905
1427 -971 -572 742
619 782 -145 649
571 -1025 913 1219
1735 742 -1067 410
1883 -877 -1294 550
804 -1576 -1919 1236
852 -1072 741 1767
866 -1516 -52 930
888 -540 -747 1455
1491 -1143 -679 219
1735 -546 -575 1735
1993 -255 -1526 1849
1554 -655 1833 281
1427 791 -130 900
427 1798 1228 333
1747 385 -1801 247
1411 -754 -1564 1676
1130 1563 -339 409
1849 -1733 -1125 1567
792 23 1670 548
1841 488 -1728 1152
736 1375 -1284 145
297 282 214 679
674 84 -1340 1288
1764 -737 1046 1053
1102 95 -1645 547
386 1163 -1152 1180
1366 1177 1648 171
789 -639 1411 539
1324 -11 -1624 1801
221 -297 1190 917
799 -540 -1818 1494
907 -583 -646 963
1265 -1068 757 1674
1441 -892 -557 1100
1587 1581 -820 959
1536 212 998 11
1334 -1159 730 846
871 268 -230 1416
650 760 -473 1263
1065 1730 347 445
1730 -794 434 285
919 1831 1805 1585
1165 -1721 828 1295
1600 -688 -1879 239
830 -1606 -1600 927
1384 1433 1888 255
548 1654 -271 694
1837 1571 1432 1291
1585 1054 1861 1964
1234 206 -1926 1162
310 -913 -924 1547
551 1670 -1246 391
1204 -1887 -1390 1692
782 -1828 -1120 1595
716 126 732 1528
1495 525 1419 93
975 -315 -461 1383
52 1128 -1399 1624
477 444 -980 1860
197 -1704 20 676
425 1650 1694 502
283 -1090 -1666 1418
1634 -1735 -302 342
72 1249 1511 1316
1242 1333 1510 687
1660 -422 -331 1657
1235 -1057 -1556 952
184 137 -1220 1365
124 -733 1955 1915
254 -140 -1833 1166
711 -1616 106 625
607 100 1964 1007
1348 1994 1875 291
1850 124 -1565 1759
310 -488 952 1577
626 -1886 1637 1114
893 1057 1996 1613
1080 -29 -606 1142
153 -628 -1284 600
76 -62 1114 1998
1165 -1776 -1691 1411
1327 -244 -674 522
1592 -315 -555 358
1874 782 990 1155
396 1477 -882 684
999 -37 -1522 450
1946 1923 -304 1084
1295 898 -1365 641
1795 -1327 -542 335
1050 1236 1693 888
1896 687 -527 288
489 -238 1655 1232
890 -685 1436 1446
557 339 1864 115
1433 1211 372 347
200 -650 694 185
1528 813 -702 408
1563 -1681 1174 1195
1670 270 -1864 918
1413 918 1802 1426
1686 -1309 1909 1613
1738 524 -343 1640
647 -772 1855 23
952 91 85 612
1067 -1435 1980 1901
1586 1941 1530 1506
1779 -243 -353 440
776 1671 1860 712
688 520 294 384
460 887 -20 1345
1347 104 1831 927
1374 294 1843 389
476 82 -1816 190
464 -1328 -145 1869
350 1211 -86 86
689 1662 1429 882
184 -1773 -1691 1391
1957 487 -419 1022
205 -1035 -676 787
1338 -558 1147 537
924 -1201 455 315
963 1949 -652 396
23 294 -208 1968
1857 -1292 -1928 1825
1919 1435 -413 235
1732 249 1329 623
1301 -262 -1509 68
797 362 1031 225
618 -1164 1460 613
1229 892 849 1008
1342 -499 818 1127
1846 1901 1796 1363
596 916 -297 1714
57 -49 1215 1525
11 -649 815 1489
21 -1351 1356 446
1446 296 -1785 475
1422 -1589 -1653 312
276 -894 -226 554
1778 -301 -730 1466
1127 780 -420 694
1604 -840 1104 495
224 -1810 745 1418
1060 -581 848 127
816 -233 46 461
1412 -1778 134 52
936 -363 -294 953
1124 -1684 1248 1206
904 -307 -147 1575
6 -1538 -1630 302
1539 762 1014 79
570 696 636 1189
24 -834 -1955 779
129 -806 -903 500
1130 1316 -1004 1300
1133 1318 -1653 53
1912 -1531 510 115
1806 320 1727 1952
1396 -1000 1914 1857
1493 -50 -1886 1998
95 -587 -930 1078
1604 145 -1272 665
154 1369 419 220
491 66 1616 1753
1478 1846 -1596 1900
860 -538 -715 1895
1220 187 -1465 1327
1111 -1299 988 796
116 739 -654 237
1085 -1552 984 1250
537 -1048 898 128
1920 -209 275 897
674 -613 -805 945
608 270 391 1458
513 -1278 838 1081
31 376 -994 1982
1527 -1994 -639 992
1517 -1923 -1442 1455
805 1902 1394 1472
1355 -1741 -216 461
1836 44 -413 1010
363 -1204 -930 305
973 -1633 -936 287
1261 -298 -1039 1269
425 -593 1358 1919
1811 -507 -668 64
1889 -628 -395 1773
781 1610 310 1357
1461 -397 530 640
1004 1993 1864 1589
1175 218 1455 402
1442 517 -517 335
329 -854 1044 1307
591 -483 82 54
698 1824 615 677
1700 573 -8 1010
316 -1413 -1785 1754
403 -1813 -432 1373
896 1930 -556 768
156 -1110 460 894
1927 1879 -1582 131
1681 -721 1690 432
945 -533 279 698
130 -516 -1367 731
1009 -750 871 144
225 1879 -1940 1145
1447 1072 -1728 811
669 -212 1990 305
1971 -920 -135 1479
298 -1187 -343 1006
1927 844 -1897 1292
150 1635 1532 1800
660 1380 -1334 1842
1876 -1648 1478 169
1452 -1866 -1173 19
1941 471 -1715 105
1086 -233 -733 488
1640 -1345 248 1233
555 -585 -1638 969
1505 1585 1281 1226
1910 -9 919 1120
1694 1349 -683 1053
767 -1995 -1110 1206
1602 -1510 -576 100
1846 -1308 -1828 1300
1709 -1867 -1100 1815
302 -711 1842 451
609 402 -1649 1280
1542 -1943 -1460 459
1534 310 1725 1094
1360 326 -1201 390
1766 973 1109 564
669 -12 -986 477
1593 -1949 477 50
1102 269 -1901 1737
56 365 -1962 618
932 -1389 1930 1026
1893 1221 961 1731
208 1533 -1434 1042
608 -1773 -1560 952
307 -1105 -1399 1314
1322 -1305 -1399 753
285 -1087 -259 1339
1813 343 -1388 424
1041 1640 197 1077
881 -130 358 949
222 -1104 -723 1499
576 920 769 609
838 -1474 1582 148
850 545 120 1797
1098 1391 -565 1129
1433 -1243 -1883 218
1099 1907 -1441 149
1172 -1885 685 746
1162 -1820 -971 111
1975 1147 846 1005
136 -381 -913 1969
1664 953 -555 1692
1174 116 -1923 1652
1570 -1433 -1334 337
1252 1173 -1150 897
1405 -539 -1648 20
565 -331 -1516 1024
1139 290 -36 1470
616 -379 -1567 1179
1428 196 -1096 1544
1263 433 206 651
1282 1966 -1324 1084
603 1470 1732 1385
29 1965 26 1410
1805 860 -1985 1805
582 1831 1797 451
38 1663 448 1121
447 -532 1875 889
183 -257 868 1470
8 425 -1552 1275
1281 187 -1576 1645
1139 -1320 584 532
516 -1966 1363 1046
895 -1532 1231 348
819 -2 757 228
48 1882 810 1741
1613 230 1976 1982
1140 -1804 713 223
468 1957 1817 1693
1343 -580 50 763
841 60 499 620
79 1393 696 874
957 689 -1634 962
503 -1981 1865 1702
769 735 -732 1545
39 -1782 930 678
118 1977 789 250
977 189 -1769 230
813 -1231 -462 1534
1189 1753 1197 652
934 -1807 -1632 1933
1652 1276 -1673 1523
1732 1762 -997 1585
144 -806 448 1874
294 -1949 1082 83
1929 1495 112 1573
1855 -693 -621 1084
657 -1384 -1752 1346
1870 -104 418 916
472 -1693 314 756
821 1220 -91 1349
1167 1377 -1023 483
69 949 871 568
1272 775 1965 1336
1182 -1481 1481 1542
1555 725 -761 1068
1347 -394 1345 1768
1569 -1941 510 249
1156 209 551 1654
1332 -909 -1432 1223
1713 -1964 1985 1002
1757 1527 1982 1103
957 1061 602 749
1163 1123 1253 827
1255 -1384 355 7
1586 -1653 -1407 259
337 438 -561 547
1792 1654 -1132 736
1132 -1385 -1261 712
1624 1562 -1040 1851
665 -1589 -593 1936
922 -1572 -1787 1118
1481 -1814 -1024 1523
1144 1529 -882 945
1421 1628 -1938 508
690 1934 826 237
1205 -1838 1363 1378
569 -1839 -800 1707
116 1981 1666 1743
623 -1947 645 1045
937 -1942 -538 459
1476 697 1211 515
1031 1023 -211 417
890 1595 -700 446
605 -909 1369 1672
369 -1079 -1907 880
1357 1471 183 202
1578 1369 455 176
744 -1119 1908 1168
1591 -1536 1714 153
1423 -840 -317 1842
136 -566 679 1716
418 1270 -1198 1082
207 1890 1854 1560
1332 -1435 -1827 129
268 1012 336 784
229 54 -328 1296
1184 433 -694 1156
53 1025 579 640
1821 417 1185 173
966 -491 -960 1657
499 -1802 -1922 1173
1113 -1067 192 1397
836 1355 -1305 772
416 1449 738 1133
1151 -1065 693 643
1610 -1440 -200 922
344 1304 -791 235
1000 -704 -1923 276
189 -1074 1219 1078
1261 1728 1590 1221
1202 -73 1120 1580
985 554 1018 982
517 984 -894 662
540 -521 1514 160
1417 -853 1027 973
601 -550 176 1675
1646 -1671 -324 1627
1791 1599 -755 530
38 -1866 1813 440
1424 -504 1151 860
833 871 1029 1661
1309 -1810 -1121 1730
448 1481 -352 1572
759 75 -912 1567
1973 -898 1098 1029
1471 1986 755 1802
96 109 707 1609
1350 -1602 -262 1773
387 -1220 65 777
669 -600 366 65
1710 46 -613 1887
1748 -321 -261 191
1282 1888 -272 499
1918 932 1158 623
1537 252 1423 622
378 -321 1920 1819
635 1970 1516 1401
1994 117 1832 1660
1794 1184 -1295 1918
1135 -1475 -1731 187
1942 -250 -774 789
186 -1819 78 1616
1400 -1854 1319 1751
1388 848 -743 85
1178 -440 1390 1837
1798 1703 -659 755
1564 -1723 1115 17
1961 606 1003 1827
799 808 1744 251
1733 1269 684 1101
1429 -427 -1975 996
1005 -982 1527 12
159 -1139 -1706 1702
704 -1216 706 1479
764 -1633 -1492 1816
385 1949 -1259 392
911 1301 -365 1813
1951 260 822 1575
345 1388 -445 230
1068 1981 1774 1742
1690 -1843 142 1986
1113 480 1234 1222
963 1976 -252 996
662 65 -1913 88
949 -1137 -1194 964
294 -1298 1076 861
706 -1221 -120 300
1225 -1995 1430 29
1243 494 1637 1267
1327 1979 1372 194
336 -205 -1072 660
315 577 1247 1685
626 1601 1698 295
1036 863 1982 495
210 -1596 1183 150
740 -8 263 1224
1362 1765 -1343 616
1172 -1933 1610 1387
1507 -769 -1721 1032
1533 699 767 1823
1077 287 79 655
1904 -1746 -1020 1725
1625 -1072 -598 1556
1485 338 922 240
1456 342 179 1602
887 -475 -1283 1535
1228 -583 215 1825
1534 44 -1045 1636
269 1406 1613 1594
1730 543 -1201 808
149 -1444 514 1303
181 53 1670 419
132 1804 762 1839
664 -389 1654 1344
1100 -1009 1414 541
1836 242 -598 966
877 526 -1927 1002
690 -1274 200 1311
1864 1494 -318 781
283 239 1825 419
1503 -1531 1542 849
488 -1001 300 29
146 1586 -49 910
1882 -1814 1896 324
738 -912 15 510
353 -1604 437 514
481 1307 -771 89
48 -1054 850 623
95 -309 -1283 199
1446 -623 -1731 54
766 1179 -706 948
1413 -65 -1513 926
1854 365 257 1366
878 89 -721 257
1712 -406 992 1304
1154 -374 1326 1784
1782 1600 -1168 642
1426 478 816 139
832 1221 1510 1725
15 -1804 -1994 917
1248 1164 884 1763
1929 -981 331 653
262 -972 -1639 636
1475 -1300 -1064 1900
339 -346 1939 577
76 430 463 861
1433 1988 1585 1115
375 598 -1226 487
1240 1434 716 707
819 -1639 585 1716
1889 -3 -1385 211
898 -423 -1305 1805
1446 -1257 -980 115
885 767 373 1995
1992 -157 1951 653
1005 -686 -1744 1126
534 -139 -841 1977
1722 -1527 -317 1561
931 588 -555 127
1423 -986 -1576 362
192 -1303 -451 939
1388 192 -872 53
1837 753 55 1171
1473 -1599 -1616 242
491 13 527 226
576 -425 -1721 1993
572 -178 1009 464
1819 -1938 554 1540
1824 -1190 1161 374
1169 -1948 -1401 604
376 -1934 457 718
132 1148 -1638 1241
950 -1283 -1105 511
1173 -487 -1231 1109
1658 280 1173 548
1108 1639 820 1833
1766 1940 674 726
1732 1439 -1287 238
698 137 -559 1020
1029 511 1506 1373
1047 1279 1109 257
1031 225 1013 62
1967 -2000 23 1101
284 -95 -1869 219
1890 1162 -1165 10
294 -1182 445 1565
1410 -1486 -1004 463
180 -433 1022 1709
1470 932 -1619 1991
1352 -1256 -1229 1251
666 -1914 -241 666
1939 731 1231 1609
1333 1510 1735 1410
421 -1890 -1781 1000
768 -1811 1506 1287
1729 -1716 534 729
588 227 -782 1905
1159 1881 1078 901
171 734 627 1356
1863 961 135 820
893 -1284 230 62
1044 -707 549 1008
324 541 -1277 434
157 1864 1386 1778
1056 -3 -1960 528
420 -13 -1575 1650
931 -15 -1259 257
1594 1382 371 363
396 -317 -1892 1583
128 994 -1424 1300
655 -1488 573 1394
1607 -579 1958 198
874 -266 -1160 1379
751 -49 1278 1180
1696 -590 922 1435
1771 -720 -1488 1165
242 -660 1547 1108
698 -858 -1464 1428
127 -544 -1196 1622
351 -1432 786 1639
1979 558 -873 10
1065 -72 1006 1010
452 377 -1148 57
1546 -1281 -1608 1069
941 -1347 1527 525
435 -1940 1045 800
1975 1049 -1530 462
1845 -1557 -1002 1189
593 1414 1488 805
977 -487 1400 1044
1790 -221 -1638 956
1960 821 1817 1512
1071 230 365 1402
282 1764 349 1960
52 928 -668 1770
1258 -43 993 1006
718 1077 -1553 1493
1239 1610 -1032 1155
303 457 410 1666
132 1147 -1239 1232
295 -1146 -1054 1756
992 1467 -1025 1117
632 -930 1976 523
669 -200 1450 980
609 1888 -1963 1320
828 -780 1944 62
1254 235 1312 45
1278 -1310 -1070 1635
997 -1567 -1666 1570
739 -1175 -132 526
65 -1214 -382 608
1070 1377 -1737 790
1547 1758 -988 433
126 -761 -208 1285
451 -838 -905 1068
246 1409 -1808 324
1738 -229 1387 1340
1093 402 574 1803
1825 -935 1750 633
1773 1940 -703 1604
1323 -534 1239 445
1967 -1868 -731 1288
1814 555 1473 1904
892 1997 -589 512
965 -567 690 283
917 1189 1598 1188
1384 559 1592 375
1771 -18 1320 639
1744 1464 1589 285
367 -986 -585 8
911 960 414 55
865 1734 1513 233
1190 -352 107 1037
515 1477 -56 554
308 -55 1669 281
55 -1963 -170 1717
269 -653 475 258
268 1408 -1240 4
1327 1358 -738 1667
612 1732 -802 1421
861 -1487 1321 116
288 186 -1317 1324
631 -1465 -1963 1119
1441 -763 -1574 1577
271 -707 -1043 187
1112 642 1498 1356
1653 1533 -1386 1651
1429 -1718 1933 1807
1995 1302 -906 1055
1003 -1322 -183 1610
352 -604 1840 1353
73 -961 -1198 1368
1832 -168 381 1560
386 -869 1006 2000
1185 1168 -972 311
533 1414 349 748
14 1301 -806 1007
1540 1754 25 1461
1376 -1534 -332 55
1632 860 442 707
1783 -10 -972 1098
1402 1367 1749 33
1140 204 -1961 928
1731 -283 -1415 758
376 -1809 816 274
59 -65 811 1499
357 1626 1433 1306
325 -384 -170 891
844 98 -1751 560
144 -26 998 493
1389 -1981 502 1565
1471 -1391 1550 204
1897 -854 495 1402
1249 393 146 1118
897 107 -831 1249
1192 -1381 -1851 527
1111 -418 -1888 1290
741 -1271 698 1286
1164 1458 939 1646
1833 1981 1971 238
1663 552 -1010 1974
437 1793 901 686
947 205 -958 1996
25 293 -1697 1247
345 551 -673 1320
984 -1552 -1691 1020
1985 1837 -1808 1251
1937 1716 230 1324
12 -1454 -683 7
135 339 -153 1097
1516 872 -779 476
633 -1944 123 1772
289 666 -327 1899
425 1398 -1053 573
556 1936 39 749
632 900 1461 983
511 599 1372 1532
455 1830 942 1409
154 -253 1779 63
231 340 245 1733
143 -1355 36 1361
1769 -501 -705 1451
30 -1746 -1349 1499
765 -1583 1331 446
1800 965 573 1268
1894 -1836 865 133
1439 -1512 859 1399
275 -1248 1852 314
211 -1679 -1270 860
1046 -437 1040 1509
246 -1890 -756 1389
592 1133 -1071 81
1432 1310 -1050 1666
963 1656 -1512 1269
554 -1175 564 1364
1805 -1732 -489 1675
622 1579 -1509 1116
194 1610 349 1996
1172 -1606 -413 1667
674 220 -1980 752
1502 703 -714 1491
1806 -10 -1159 1409
924 -1343 1199 1844
982 -1919 -613 1224
959 1327 -1085 1983
812 -526 -341 174
1177 278 1390 894
1218 -1933 1642 844
1034 -1656 1849 1753
1383 -239 -252 1098
1203 612 -510 425
1853 -1680 -529 18
470 1087 796 887
901 -995 -1195 1805
1411 144 -1652 1869
1776 -923 355 596
124 556 -1646 1427
671 -1355 -1772 543
1713 -25 776 866
594 -1877 430 120
1988 1287 -1708 1107
1372 -1550 1986 1944
820 1977 826 1920
172 -1479 205 680
1077 186 840 337
1556 -1639 610 1216
293 -90 -871 719
294 -1002 -1121 394
7 -899 -597 1747
1697 1044 -546 1583
1324 1221 -217 1383
1495 -359 -1354 392
1651 -1101 954 1411
1896 958 -1482 1582
1872 792 1298 1728
1031 1490 1980 1177
913 312 1772 1912
84 643 1751 19
1945 -1657 -1213 723
1455 -903 1576 165
616 -1333 -324 858
395 -1418 -1929 1735
1904 245 894 422
247 -1764 963 868
1441 -280 851 1905
949 -436 -1089 995
1309 1487 369 1779
1814 -1496 78 190
324 -1245 -1205 1317
939 636 1110 445
1063 -983 -446 1168
277 -1481 -430 571
440 1793 264 958
117 -771 352 1343
1911 -1901 -1054 455
876 455 -754 1827
245 -40 -1011 292
314 -1421 -561 399
1428 903 -1305 414
1778 -1106 1387 942
1156 -27 -484 1359
419 1663 1940 919
471 -161 1527 1455
447 1443 1788 1044
1981 8 1359 1815
1975 -1310 -188 1790
1256 -202 1391 1057
652 954 198 1677
1303 1142 -534 1365
255 -234 -172 1500
1694 -1304 122 1500
1617 384 514 994
443 1463 -298 255
1507 -1239 1508 665
1761 1344 985 792
1429 1573 -865 1993
177 -1568 -117 686
90 728 -706 845
1402 -1912 581 253
1537 1941 1847 668
1055 -1039 790 155
444 -1964 -561 752
609 -1134 1932 707
460 193 -1236 593
1840 -419 -1293 492
1298 1084 485 266
381 372 -50 1394
79 1613 -1552 1890
426 945 393 219
356 376 -1341 1987
1991 -1190 -1481 450
674 -679 -1600 1077
1606 1740 -742 303
921 -1752 408 323
807 1961 223 1051
764 -1092 981 1652
1227 866 -301 1264
490 697 1208 1106
1892 1213 1383 101
261 1764 -1980 982
914 -1770 846 1717
622 21 -1179 40
1526 538 -1114 345
1494 947 1730 1779
114 919 -193 1448
1886 1341 -621 958
6 -828 -1877 1117
1863 -582 788 195
708 -1438 685 1360
1922 -726 -1135 1962
252 1121 -1365 1034
1247 -1659 1905 62
1663 421 1926 1733
609 945 -540 950
1455 -386 1146 1913
151 -1304 1325 1468
1452 -1708 490 63
1540 919 1912 216
392 -1722 1938 561
1815 -128 83 885
819 -1352 153 1814
1074 861 705 538
782 -968 1555 1449
374 -141 -1436 1233
155 -1452 806 1570
1956 1949 -1444 147
538 1488 -1080 171
1596 -961 -1309 984
13 -846 1648 1516
673 330 -1961 762
659 1338 -1745 1310
1186 -143 -1953 690
48 1781 -225 538
130 191 1476 1161
1522 768 1986 42
1040 -1533 -1954 600
1853 -1512 -886 21
190 1154 -492 1975
1375 -1361 766 406
1165 -755 -1503 1584
1131 1825 -1017 22
830 1817 548 76
1329 -986 805 1772
786 1341 -1720 1156
1859 916 584 83
1642 1844 794 1008
1617 -817 1788 99
662 164 -1849 1674
508 -325 -1964 646
905 -1013 1865 203
166 -22 -230 739
1842 663 -986 1916
735 -1404 -1137 517
820 -212 912 773
745 787 -191 389
1790 925 1939 81
532 -835 557 1050
1378 -320 1701 390
1569 1679 -497 95
1169 695 1136 1264
962 -1200 1567 972
540 1820 -1872 583
55 852 -1305 650
1523 -638 457 1123
434 -1214 1327 499
1737 839 -1720 654
115 1957 -1998 1166
350 -1892 -972 1233
1083 -1078 -1543 1238
1602 1360 -743 500
1612 -992 -1370 276
1607 -805 -276 1170
102 1847 467 575
911 -555 -716 1282
1995 699 -528 1858
553 716 -1246 270
1883 1431 770 1605
1047 1056 84 174
1159 57 -513 898
1849 1593 402 1661
1537 -1626 1647 1168
194 73 -390 50
1193 540 1062 826
98 -780 156 1431
96 673 1863 105
649 237 -1486 1861
1896 1507 -877 1732
1850 1901 -1347 1428
625 1706 1407 1286
740 -1594 -1007 1902
909 -1912 -1218 1271
1113 -380 1964 540
460 618 -1528 1808
507 351 1032 1671
1407 -1199 -1965 1675
1049 631 -272 24
1256 631 -1233 1279
36 -370 868 1959
55 -409 -289 1591
223 -736 70 1998
366 -629 -1086 652
1498 1659 1748 614
1373 -247 1989 5
1237 1471 1139 167
1541 1029 -669 157
1043 -769 -1010 604
1608 -22 461 1772
1875 745 1288 1580
438 1766 -966 1852
631 -932 -1037 497
1057 -1022 -1667 1236
289 -1152 1389 1139
201 288 251 415
208 -725 520 1917
255 243 -277 1397
1477 -167 -447 1046
1573 -1186 -1837 1280
611 1476 1641 616
1099 -664 1751 1815
874 -1702 -1388 1372
1794 1799 -277 821
699 -678 -1043 474
1132 -219 -694 819
646 -462 -323 12
426 -584 -1067 840
765 987 1687 11
299 -1067 -427 1071
338 847 165 368
290 -1187 -1185 1824
1828 -377 972 308
112 1827 -540 1300
1109 -1040 340 383
165 -1178 -1589 1813
1318 -1101 1497 27
610 169 1269 299
1143 -337 -1103 801
889 1719 -545 1983
1035 1547 385 617
1322 1335 1166 634
338 -724 1590 1966
1734 1362 -812 854
1148 610 -1628 1063
351 -1791 -443 251
1708 -836 1143 318
1093 600 -19 418
1393 1769 1495 460
794 68 1708 436
477 132 1837 1049
1389 -1885 805 299
1777 1024 -998 543
194 -1049 460 271
1390 -915 -1538 231
1032 457 -1982 441
405 25 -1692 1226
1456 36 -352 915
1479 -1913 -538 416
1131 529 -616 276
116 -366 -84 292
1739 542 -1151 807
1823 -1122 1906 1965
1985 -1986 -759 5
1879 -1242 931 1892
60 1021 718 917
926 160 776 1732
1455 311 657 1346
1733 1398 992 1316
107 -665 -473 1956
1966 -1328 582 1662
176 -1715 110 1364
967 1876 -979 1451
591 -775 859 652
1172 -447 1837 292
666 -1174 1345 1300
85 393 -937 913
81 -617 568 181
539 -149 -1752 972
357 252 130 152
918 1 1865 1182
1112 732 -810 487
1017 -776 -129 688
1754 -1291 324 426
131 512 -473 170
365 -1471 788 490
1654 366 -980 183
897 173 -441 433
1123 771 -1725 62
647 539 1942 998
1819 93 -997 824
65 -999 -1371 1748
207 257 1809 1344
1055 -1955 86 676
336 678 -724 1421
563 373 -1086 301
1022 -1415 -886 1865
1021 -1907 671 1322
780 1247 -1560 781
46 -1475 783 451
1609 -1810 943 1618
1544 -171 -23 545
1224 -464 907 1696
667 1722 -1752 478
1256 -1098 -498 257
1288 -849 90 1698
1531 1318 -153 1214
1121 -412 -1340 422
386 -1525 343 704
375 257 1419 1187
686 51 973 543
233 394 760 35
367 -224 1878 85
1002 407 1495 1534
1736 -1329 -491 1467
1739 1354 1894 1997
1385 -1244 -33 506
668 -110 1039 1162
1010 1055 -154 1754
94 -1751 -424 1212
501 -1780 1000 981
131 -21 632 894
1076 1879 -1336 836
987 800 -1983 1881
30 -403 -1698 1824
727 1880 1572 532
85 -759 1293 610
329 1969 -884 858
378 -1889 -147 1378
1425 -1013 335 531
1005 -66 -1981 1882
433 1985 698 1640
465 -39 -1228 115
217 -1383 -1220 1251
182 -291 902 1301
986 939 1508 460
1068 1716 305 555
1350 -1243 611 1708
1637 -792 655 668
77 -1510 -1265 220
115 1222 -741 1314
337 -1718 1475 902
133 1885 775 1669
418 1367 -1935 1042
1261 -1712 321 16
1825 295 -865 1513
892 1048 615 282
480 -1006 -1749 1860
243 1255 1300 493
1119 808 -1258 141
98 -763 -402 1442
1183 -245 -1944 1244
300 -1090 -1799 1377
562 -411 1834 1386
1552 -1483 -652 1812
1976 -1721 -1476 1233
817 1271 823 1940
1571 -257 -1008 201
1054 1966 337 1690
179 -301 -1925 1243
1545 624 1297 1327
1146 1138 308 496
1171 -1860 1047 1307
1271 -31 1453 289
1885 719 1453 872
1038 -1013 -106 1784
1848 -719 50 15
1405 -1812 -471 1341
724 -1044 -549 1193
1927 166 -727 1178
852 -1536 -1987 398
1005 878 1966 1974
567 1771 -1012 1672
1247 -1286 1004 1180
1344 -1741 -97 1456
94 149 -776 1396
1742 -597 1976 719
1211 -960 1202 264
67 -162 -710 941
1576 -265 1561 208
1136 -1667 -391 1476
1878 -189 -514 372
582 -1974 -717 365
580 857 1808 880
1478 -1115 -1094 1953
1350 -214 -778 1114
929 -1596 -1223 440
954 -1213 -1943 1757
1415 167 531 1597
1427 1535 1814 49
1323 404 1229 487
1057 -29 -1317 1599
380 694 -481 784
1862 324 -451 337
237 835 -1899 1248
802 -1435 -769 1775
813 480 -439 385
1303 1154 -882 1682
510 -845 42 1341
1668 1957 1026 1299
193 -1619 -1374 186
1357 1326 738 92
775 -1810 813 1524
368 1477 -1668 405
400 -360 -1411 1842
992 248 1443 487
287 1062 590 1583
1646 1191 186 779
1571 -1909 -1526 961
1466 -246 77 427
863 -982 1691 260
901 183 -101 863
2 1105 -1191 608
1089 -180 1230 464
46 -1440 116 1421
174 -17 -101 1815
1396 64 257 85
141 -71 1392 1102
1397 329 -790 1745
912 -1874 402 429
738 738 324 377
1479 592 1179 1197
540 -1032 1226 327
227 112 -606 1112
836 103 1233 1796
1862 276 -1223 566
298 1792 250 985
881 -1642 -147 1952
1857 -1132 -279 1919
756 792 -1338 415
1096 1798 -651 1214
832 -1539 -1110 109
97 -737 -151 1264
1398 657 -811 1970
541 417 -907 542
216 1866 1578 1991
109 -1057 1462 1105
1942 313 -1129 389
466 -1814 -1290 209
1794 871 -1867 1094
653 -358 -195 1832
1980 1167 -1882 322
782 -825 -689 911
1590 1253 424 578
184 -236 -571 127
640 -1322 -624 335
1050 1974 -878 1728
59 -874 1714 1171
215 -1695 -801 157
760 1764 -1005 1334
542 -670 1199 1197
345 1703 133 209
1217 -1725 -694 857
1647 -1730 1267 830
449 -1269 -78 1756
602 1286 1785 117
1727 1020 1543 77
683 184 -33 591
188 1085 -313 1846
899 1812 317 1653
488 -1303 -512 1712
1716 -746 -534 97
1494 -120 2 1460
1263 1626 1096 906
517 -1039 719 330
884 334 -444 1227
1960 -1507 -1217 1068
596 -1918 -223 1885
494 1779 -1789 579
1216 1853 13 855
1129 1825 1408 760
186 -500 451 212
1898 -1771 313 355
179 -1492 226 973
1570 -1251 1987 1230
1034 327 -334 1465
770 219 -754 610
1778 -734 991 339
1690 -1722 36 1096
1132 -1096 -856 579
1581 1092 1585 1336
1656 -1228 608 754
443 -1015 -1108 701
599 -977 1952 409
756 -620 -1614 78
1675 -950 398 978
1066 806 1661 676
1380 -457 1921 965
846 825 -744 1018
371 615 -1899 1036
1921 1922 -1558 247
1050 1253 1788 318
436 -221 101 1317
841 -1606 -657 742
1656 423 -655 797
1330 1994 -244 108
366 -938 1393 120
757 -489 1861 729
54 1847 -4 670
1635 -454 -1802 1495
723 1340 -250 25
1870 1007 -981 942
452 1637 -672 162
102 1178 829 951
1563 883 -1131 258
205 -1402 1875 1083
1786 -1380 963 1489
1219 1625 1910 1348
1120 851 622 825
521 532 -278 1066
1535 1840 1014 851
417 97 -1307 198
279 1809 -1150 824
1915 1756 1540 690
59 -490 806 1601
1289 -589 1067 1718
1227 -1680 1246 486
459 -1398 -1075 1227
1879 385 1485 689
738 1188 456 1722
66 462 -1636 971
800 -1696 68 556
1259 983 -682 524
1845 -1157 1322 1451
4 1542 -481 303
1474 -1904 -1846 1327
686 -1922 218 1451
505 -46 1777 290
1626 -1158 -1999 1818
651 -1592 364 27
9 969 950 548
471 -1428 1511 197
492 -978 -593 1028
1616 -534 -1534 1544
1315 760 491 385
343 -173 1410 270
1505 -1908 -1335 293
1643 429 481 862
101 -28 758 264
1856 803 -217 1395
1425 -1672 -1512 357
36 -436 -1331 822
295 1087 -1161 1187
1402 1148 -1206 622
54 -602 -979 252
595 -1404 94 710
1360 -1625 990 1385
527 -894 -1551 646
1429 -793 1059 1090
511 -917 1562 1815
584 -1756 1762 337
948 1745 891 227
1737 1307 32 1647
64 407 -1603 881
1176 -491 491 1845
1812 718 536 460
1752 739 853 1644
783 -472 1072 1229
456 -1791 305 860
164 -1939 -1075 1019
1706 -334 -629 1839
1796 1908 -1320 801
943 607 1649 254
1519 -1327 -349 711
1544 454 -1465 1314
742 -1351 -1894 39
774 484 775 1315
555 802 1815 984
730 844 534 235
862 1834 -1069 101
309 -385 -58 1267
64 1749 524 422
1703 1080 1111 1284
1059 21 -519 341
1075 1792 -667 1446
120 -444 773 1162
376 -266 -1081 100
94 -1782 279 1982
1208 940 -1257 773
408 -1435 1192 138
916 -39 624 1282
1895 1484 1264 1047
1149 -616 1693 1686
122 774 -685 1135
1972 -455 1489 664
1877 567 -1725 1050
58 686 -950 850
1094 -1399 -164 818
1808 591 1352 1597
1344 1823 -365 78
1670 773 965 1250
1876 674 931 1433
303 -161 -1265 969
1025 1857 -238 1563
1738 1898 -1938 956
1483 -1496 -1402 1037
441 1259 187 1716
1648 1888 1837 1609
397 -821 828 170
483 -1149 -380 1863
1255 -1526 1622 582
1204 1498 941 992
728 -619 -1933 1698
197 1640 538 1454
1361 -182 1649 1607
886 847 -928 1224
1379 -564 -661 414
1177 -1228 1287 1337
1294 1819 -366 1727
542 -659 -768 1818
949 1892 1155 917
534 -1306 1078 1602
167 -1835 1733 1239
595 1203 1492 1068
102 -904 -1227 127
1205 126 -620 592
580 -1746 711 1669
1581 557 716 263
1616 183 -1326 1251
1965 -920 541 1707
1259 -1888 -1646 1986
53 -1465 1187 628
1816 -745 -455 1355
631 847 639 219
23 1218 -627 1223
1075 -681 -154 1209
1401 -1550 1380 574
1562 1857 -1652 1416
14 1215 -1024 1146
1406 -1584 552 752
872 685 -22 580
735 -1163 -1325 298
841 1536 4 133
175 662 -1412 95
784 -780 -1114 805
494 422 -207 169
943 228 -342 1935
365 1733 -445 1536
1015 1459 -879 1050
1902 -807 171 701
1593 1881 -1306 1087
945 -97 -1631 201
37 -268 -189 1033
1272 -209 721 1886
302 -928 -948 1343
547 1228 1554 1092
579 1293 -1418 763
867 -1957 -1536 37
1127 -956 -1254 214
1434 1715 1920 248
697 1042 203 824
392 1862 -1961 1272
1851 391 1194 1164
78 -991 -1983 733
110 1062 318 9
1006 -1127 1967 576
1059 -1008 261 1257
1064 -1515 -708 1387
779 -923 928 1860
1758 370 1903 262
1799 -1401 -1071 5
1968 1244 180 266
1735 -643 855 1827
1919 -1884 -50 352
1342 389 213 1432
173 -442 -1751 802
43 1216 -193 1692
154 -1061 -135 1688
1681 1644 -1475 1066
808 -919 1483 235
1023 250 1042 1945
1911 238 -843 53
919 -192 -1463 819
1528 -45 1629 685
1914 148 1696 561
1021 -1035 141 1454
1161 -1904 24 635
1606 -296 1876 1073
1797 178 563 1260
1989 1560 1476 717
1262 -1267 278 699
1322 544 1199 1997
327 -1534 -1290 689
278 916 1715 1369
1503 -86 1467 265
1851 1156 -319 234
456 233 650 442
409 174 1011 1050
1732 903 1107 494
1714 -1100 -1006 529
1090 1780 -1641 830
1542 -853 -1077 1064
1092 -980 1853 1043
1478 -577 1613 936
955 842 -1765 1493
1604 274 869 1035
1463 113 -217 639
352 -1911 875 169
667 -574 373 39
539 -1339 1573 555
1734 -957 -1394 25
1383 -207 -1750 1771
619 840 674 845
948 1919 -844 1168
153 -508 -740 1979
1588 -759 1656 1701
514 254 467 573
1319 1145 -1415 675
1272 -1285 651 940
1566 939 1264 833
1642 -1820 351 1168
827 -682 -1734 1674
9 -718 -834 99
446 1001 343 1926
1496 183 -1997 1758
121 330 1588 1422
295 -398 -1301 1274
1564 -1650 -788 44
1494 694 81 800
1608 -811 -1946 1368
712 -656 764 472
159 -95 -1813 715
364 1338 1864 1596
1905 597 -1487 734
1620 -1093 -39 1845
1648 -1471 1921 75
1810 -1240 1128 1516
652 -1505 450 794
1941 -1364 -1687 1001
438 -180 606 548
751 -530 1389 1702
784 885 1798 1858
1680 343 1902 1436
26 1806 268 46
1659 -578 -1852 1844
1221 -775 1872 1792
848 -1543 -387 487
1443 -463 -1631 1217
1471 -1090 -1677 285
53 1536 -1113 1915
1530 -1079 672 1264
874 -1106 1779 1829
1475 738 -631 1001
1013 -37 141 1451
1769 -1467 -1914 160
1239 -1073 1359 1603
174 -1284 550 1567
1568 -1120 1317 1239
1651 1985 -1292 528
1665 1212 1523 1841
537 288 -391 9
828 556 -690 521
1536 -1379 -1815 886
1009 1346 921 425
1707 -1999 -1231 254
193 953 1855 984
1145 346 1461 140
1518 -210 26 1905
1149 170 541 1926
1880 1507 1370 428
1510 -865 325 648
1537 -1726 1013 979
806 730 252 1674
1289 -902 1810 1213
910 743 -1005 628
1137 1122 569 757
1567 -993 -15 1008
1995 856 225 1764
778 22 7 1494
87 1886 -784 1009
1712 1700 1215 753
1942 -200 170 1575
1041 1847 1705 1912
1770 230 264 798
1872 1191 -1475 773
1636 -142 -722 1279
124 -1312 -1321 1393
1251 -532 -451 1028
391 -139 1515 1077
1850 717 1477 725
1891 1852 -1430 1241
74 1327 357 923
1039 1672 -854 1111
243 1257 -1113 687
1485 659 -1599 1704
86 294 1660 955
1245 -1412 -1728 1204
581 8 1967 358
1266 -1302 -1168 262
1760 953 819 28
316 -218 -1321 1317
1112 -1639 -1203 403
1659 -1616 -624 571
511 -1468 1075 1014
562 359 55 1729
1109 1948 -1091 1165
608 -1474 1719 351
860 -362 -1653 1281
1799 1811 1945 1727
1892 345 1315 651
1000 698 -1959 1322
1550 -1385 1127 581
852 1697 -1122 1481
60 453 -279 1335
1292 460 -1038 164
382 904 -295 314
1265 995 1301 38
422 -1992 -867 1304
19 -1663 1186 1398
1972 1159 1042 1049
149 1145 -918 750
1417 -1184 752 566
1366 -257 1182 1654
135 992 1733 1816
905 -1898 781 1944
574 43 -1355 1513
381 -1749 993 1390
1391 -1284 1506 432
164 -1257 1846 1710
108 -1415 1343 681
1935 422 -601 1188
1878 -1258 1293 1962
911 -1861 611 1159
828 -283 -1548 1198
389 982 1981 514
737 379 -944 781
1777 -903 -979 1500
886 -1024 999 1024
678 -666 -1837 1054
411 -1108 -974 368
323 468 1064 1763
1265 536 961 855
1195 690 263 1890
682 496 -827 925
605 1661 -990 1301
1702 1968 902 27
555 1899 579 981
1638 -1285 -628 1707
1862 1796 -1096 170
700 -717 1178 260
1983 312 1236 1135
776 -194 -1948 1650
1430 935 -544 59
1676 1812 -538 1339
526 847 -1370 295
616 1534 179 1273
1319 1542 -1015 974
733 1866 -1193 1414
17 -366 -1369 487
1549 1590 1404 282
991 1710 -356 844
504 -1139 -937 1231
1936 886 1365 950
320 191 -1489 428
342 115 739 814
1013 -511 -673 284
1218 1481 405 28
1512 -768 1703 1495
405 -148 -361 587
1307 -1503 -1814 407
368 1635 1713 690
254 1489 -1416 1556
995 1715 -1375 1018
1250 4 1913 599
1825 -504 660 334
745 1157 732 809
985 -471 673 1781
931 772 -583 1155
1086 1712 487 1689
706 1442 -1931 271
383 -360 1946 1571
1750 1766 622 1269
1518 -129 -398 715
497 882 -1423 1278
1276 -1099 1251 1900
82 -1685 -47 84
1450 -963 1861 333
269 1677 -1188 287
1321 654 -1957 712
1120 -378 133 1592
1913 -1547 1782 85
1870 -1567 -533 1256
1085 1743 -1457 863
824 -283 465 1737
965 450 1348 1581
942 1844 -1252 1859
81 372 1362 409
1105 163 1151 1135
3 -1780 551 1691
1538 393 -956 678
1756 -426 -871 1246
643 1402 614 978
493 10 -1357 1721
837 1676 -846 763
1191 1239 1827 1846
423 -1012 -395 1706
1067 1102 -1945 1550
877 450 -1008 1337
698 -1192 -505 937
1717 -100 -738 960
340 1660 512 1729
898 -945 743 648
188 117 -740 463
1764 -1170 -839 1482
1505 -514 730 1548
1773 1781 1527 991
678 237 242 81
1277 -411 1139 961
106 443 1148 390
774 -822 -1586 1672
991 -1186 -659 517
1464 -1372 -789 1902
1654 -1991 107 599
756 -372 -1590 426
464 730 -120 117
1067 -400 866 1703
701 -1865 -437 871
688 -706 -1039 589
912 -588 -740 1639
1521 480 1210 390
233 -1929 245 94
1873 -959 -1377 1145
1624 -400 1127 21
1920 -1017 1020 833
1023 1902 -1934 324
240 1736 353 374
95 862 290 357
417 -1749 -1818 770
1273 787 -1607 657
1220 1023 -545 1005
430 -671 -426 625
1403 733 1163 1872
959 -203 -78 1006
1654 1758 -879 340
461 725 -165 416
71 -438 -1352 1714
201 -1382 -1370 1601
862 -1330 -1693 516
1539 1895 1690 1226
1164 -627 -1432 1698
1486 908 1342 163
1523 -1498 -117 966
1369 -1257 253 839
1875 -1751 -1729 1591
982 8 426 989
909 387 -1570 480
1478 -1898 -156 719
1859 524 -335 1593
730 885 573 1925
1477 549 -935 60
643 -438 1685 698
389 181 -550 1168
1794 -1822 -223 1461
979 -153 -296 80
1143 -970 70 1280
1937 875 1250 1812
5 -1923 -1733 1171
127 303 1139 1366
891 -239 879 713
1806 896 374 654
28 1204 -259 665
1919 62 -1460 1285
1687 -362 -673 925
757 753 -1577 660
462 1213 725 1902
1358 -338 -925 980
1042 1248 -10 308
1437 448 967 95
1428 839 -1364 202
1858 -118 -1947 1597
1701 1353 -735 1063
495 -1903 1434 599
309 1750 1871 1205
1796 1438 -1755 1847
967 691 1433 28
1378 1593 726 1669
1658 -115 1460 999
235 1572 1472 922
945 -888 1209 1309
111 815 -653 1727
283 1945 815 488
1615 1021 -846 494
1930 946 1218 1936
1277 1441 -909 383
1439 1762 -710 1920
1834 -494 1950 1387
1755 1589 1168 191
949 644 1745 1580
1215 -1656 1866 1959
1602 -381 50 985
956 1705 -589 128
1535 8 118 877
98 -1559 1823 565
1903 513 -523 1376
1556 1064 961 1469
1394 -1350 10 780
1057 -309 -46 1314
810 -106 -523 793
859 199 1231 349
1735 192 909 1360
899 -1720 -1105 166
1882 994 13 1050
1482 1639 871 648
325 1204 -1943 977
993 -249 344 1306
216 -1300 973 428
41 -1926 241 22
1797 1139 1527 1015
1843 981 -189 1652
44 -201 784 1256
1999 -66 1167 1903
1103 -919 -1129 1690
432 1334 -783 1742
1197 -538 430 1060
1957 -1410 914 1691
746 -601 1734 1938
912 -1000 -1940 1838
740 669 745 1834
931 -264 -714 1666
1086 -21 1518 1751
957 1415 -1834 78
1240 1997 -1068 273
608 -867 237 60
692 -1341 469 81
1756 1506 1197 1557
626 -1639 -1013 1184
1892 46 -107 241
1764 -213 967 504
1560 649 -195 874
1562 -689 -482 1537
1224 316 -319 857
1397 -256 1178 932
1895 -496 1626 1383
1847 -469 1407 1115
676 1589 1004 829
1424 -1784 581 910
1969 775 1666 35
1089 -359 1659 342
1295 1125 -1901 979
1084 -506 1203 300
495 -1168 1409 886
1714 157 -1783 842
338 1216 -942 85
930 -647 1315 1912
89 1453 836 888
799 926 983 1503
740 -864 486 569
1946 1842 1676 264
1190 -433 -1059 1777
1651 472 -1587 413
1150 -1449 1526 1097
1947 -991 -360 854
126 1604 -1493 537
1171 1710 3 1836
1544 -1447 -165 1227
1629 -271 480 617
971 1517 -634 24
890 -1642 -1542 1364
1609 558 1870 329
1066 -156 318 1912
1459 -1729 786 535
1102 -569 1528 1022
1241 -266 -1095 314
1447 136 -1425 525
1262 -434 363 1292
7 -1917 853 1168
1233 516 -1434 1094
287 132 708 1679
485 -707 -1544 704
334 -637 1269 643
521 -897 -718 1557
1655 76 -650 1046
271 521 1736 540
1851 -789 -1748 720
1688 1026 1156 255
170 1903 771 906
597 -1275 -1354 86
1477 -1805 830 365
119 -1300 -1564 860
1998 59 981 1747
1087 1273 669 1640
789 938 -112 1092
830 571 1797 1716
1883 1732 290 1385
1732 21 1702 841
98 -1867 821 764
1492 1636 1503 1791
747 -673 602 964
429 -72 1596 464
1765 -1110 1768 252
1153 182 -655 85
1939 -687 -1548 12
225 -120 -1143 1111
1446 -142 1588 1422
1262 -1003 653 895
1774 -427 -1826 266
249 -1843 -1436 1797
252 440 -1734 1241
595 758 1627 1939
721 896 -966 1332
397 -1896 -1799 706
703 44 -426 325
535 -1602 -625 698
855 -1469 -1635 1364
548 251 -1317 1398
1736 204 -1355 362
739 1906 155 989
294 103 234 1632
1846 -1117 -1677 1993
191 142 420 624
1678 -1165 -1718 1234
502 517 1457 1330
1036 1676 1836 435
1867 1860 1832 15
593 -1196 22 1347
240 -98 1497 544
1518 -400 -1574 1804
469 1578 1781 1023
1748 1263 -794 1063
1884 -804 1287 740
1891 392 953 1452
853 1009 -645 1416
894 1536 -1648 197
1665 -106 1560 1413
532 -1437 1998 1419
1634 1532 -222 658
1655 -1994 -459 1623
872 343 523 1082
1161 507 1902 1618
676 958 -1825 1990
345 412 -299 452
1048 -1151 755 925
889 657 819 1559
628 1421 148 1722
729 792 -1330 868
618 -1752 -6 437
1964 527 -310 1411
282 -823 -532 1560
1106 -538 -310 1551
469 -1144 -1537 1818
1947 1249 1781 31
1869 1543 -1483 1430
1129 393 1259 1021
1330 -1310 -1609 1380
1502 1833 -110 514
246 951 943 46
1977 354 1110 1750
601 -1672 995 283
1916 -1643 288 259
796 167 1540 470
1064 376 -1242 322
1873 168 -574 168
734 461 -944 1068
1400 1978 -955 840
1886 -1728 -79 393
451 -933 1238 1825
1131 -528 535 740
1474 -1199 -1113 219
564 969 93 1444
166 50 -726 591
972 1193 -207 1794
1713 -136 -1883 455
450 -752 -1214 265
307 -81 -1801 282
728 831 -1412 1072
1373 -1193 222 772
1343 -631 -1405 513
609 -407 -1794 1211
1608 760 -1399 181
1551 -681 595 617
1172 -1515 744 709
41 1920 439 456
84 1782 -1439 1433
1327 1661 530 1761
905 -1309 -918 1547
242 -305 -1513 731
1859 1078 90 932
1988 1449 1576 1425
148 1806 -14 1965
422 -1352 516 1899
990 -1979 1972 1038
551 -550 206 1634
64 1443 -784 1186
1354 -1870 -560 1983
540 -1901 -897 672
1296 -219 645 1036
1795 -1452 1692 433
1064 -1944 -1588 81
374 -580 -1289 1744
774 106 1354 1031
1910 -586 -342 1012
632 770 -1226 1400
1955 217 -100 1447
1889 354 1240 252
64 -1886 -208 306
849 12 -841 220
1948 1940 1300 1374
202 371 -1314 1969
585 821 -218 99
1964 -1757 -492 117
217 -450 -825 1611
1145 610 -1922 1759
