2000
675 1733 -1860 657
429 1235 -570 1937
1094 1731 -1993 661
132 -1137 -1213 1388
226 1189 1567 471
1744 1933 138 1324
753 -335 -1894 1895
443 -126 1700 4
1691 -903 -604 1142
606 1499 -1677 100
969 -117 -188 374
739 -669 -726 684
1814 -870 -1625 1751
833 -28 -404 478
568 -971 641 907
338 -1898 -1112 156
347 588 -86 1410
400 -871 -291 581
101 -1243 -1025 1293
690 1894 266 1883
1793 -1436 423 1742
1282 1893 1657 31
328 -1724 -1384 373
714 1167 449 1777
1395 39 -1501 1460
545 419 1917 420
1241 -1260 1615 1483
1122 411 -483 808
694 -1428 -1656 251
308 372 866 1181
112 711 1217 1542
786 -1086 -449 853
1571 -426 801 1740
1955 642 -1295 754
1878 -1157 1388 767
1746 997 -711 1779
1634 -1975 245 1039
1126 -420 1671 922
1633 -1811 1205 1869
1306 1385 386 424
667 1838 1727 235
693 626 1846 1629
1098 -1032 -591 841
930 -1305 60 684
71 -602 -1193 633
8 1059 -410 629
1226 1635 -300 1306
962 278 -1715 1112
1404 -391 1928 336
1031 -875 36 1783
23 -1395 1429 233
1490 -526 -401 1684
3 537 961 920
507 86 1098 926
1530 221 -1559 1070
1674 1242 1815 871
1109 -168 -809 1403
586 1472 -439 112
1948 1460 534 416
243 716 1335 1322
1113 1438 -497 415
1517 347 -928 1141
548 -1113 1091 312
355 -864 1307 1636
1078 -1562 1240 1340
1965 -999 -407 918
1737 730 -1855 221
1859 -1241 927 414
1622 655 -26 43
1600 -1663 -698 1131
1013 -1869 -526 872
524 912 -538 1743
1712 187 -707 772
1248 -1995 -969 1979
79 -715 -1568 320
1716 1707 -1590 304
716 767 838 622
1315 -1936 921 1663
543 -620 1028 1550
1637 -797 -149 409
1633 1431 -294 1313
1923 -1847 -832 174
381 -1900 1996 1113
406 986 280 1057
25 -74 661 1607
1911 1447 272 1617
1697 100 1245 986
1263 -73 1183 1776
1115 209 -1943 1413
118 625 879 1024
51 -1382 1529 585
439 1577 875 1696
1488 1811 -965 1814
170 1774 -1075 882
875 252 1518 1757
344 1721 -77 326
606 -866 1854 1456
522 1168 605 927
1617 594 318 1871
1337 1661 -1569 781
1806 1153 1790 1739
846 137 1105 1920
1309 1776 -699 134
610 874 1419 603
1304 -494 132 176
1598 1306 -307 557
584 363 -949 27
411 -1644 -1103 1624
677 -953 1208 1687
818 -1682 706 1069
312 -1012 -153 1829
1724 1864 -993 669
1899 236 -1387 1975
355 -1204 -1580 169
998 -204 -1113 1901
1006 1686 -1697 1874
1955 618 1480 185
967 -1310 438 1368
1739 -649 -1030 1659
1943 -814 294 126
1734 -992 1642 1092
1927 753 -399 243
461 1129 -1338 1702
1520 129 -1561 570
827 -745 1424 833
1675 -1299 -1338 1346
966 40 -996 1927
258 1106 1762 621
361 -58 -1824 1911
508 794 698 1036
973 -11 523 869
1507 -3 611 752
1370 -865 586 591
1872 390 1075 826
410 -1025 -1474 1673
1469 -1306 -1170 666
1285 -1611 886 49
1137 -269 -1213 675
308 1237 -150 1434
1318 1869 426 996
658 -1780 1238 1572
469 1155 -601 720
677 -948 -1897 65
1752 269 -220 422
440 1165 -1883 1089
198 1719 86 1528
180 -916 861 1589
1194 -113 -1478 1751
865 -661 1622 1439
891 -623 239 228
1273 -1349 -776 1439
803 494 218 800
820 1057 599 1783
444 -167 498 1003
268 1805 1489 1479
45 -1584 -1262 24
1305 -1884 -1399 1024
417 -1843 -1110 1222
1973 -1382 -339 404
703 249 747 1544
585 -578 1795 595
1569 829 -1756 1549
588 779 1389 1935
289 -227 -1263 391
714 -1122 -1175 824
118 -1360 -1267 1159
1946 -922 -531 1263
1451 -869 -327 1406
1301 802 388 726
1111 727 -1443 285
917 49 981 973
165 -1336 997 308
834 295 338 1253
925 -699 1347 198
662 -1315 -478 752
295 563 833 1090
1770 -640 -732 558
126 314 1771 1451
678 -1616 649 1121
57 -590 -1851 304
147 1248 897 1321
915 -1055 -1518 1491
107 -780 -656 408
756 511 -892 245
1495 -87 1417 1342
1748 -1026 265 119
335 787 1064 1948
1518 1930 -1882 698
1692 -200 -383 1075
394 1843 -1776 1167
1209 -1178 1138 1061
592 1891 -562 1782
620 -1357 -1142 1395
1659 984 411 594
1616 738 625 93
563 -1934 22 1042
526 -874 -322 244
1553 -1869 -1303 104
974 -319 -1567 761
189 -1377 -485 1429
1098 410 -850 1646
1218 -980 1204 1210
970 -511 555 836
1976 -1644 1030 1752
1079 1665 396 1962
408 -1365 -412 576
1052 9 1052 1828
330 162 1682 979
351 293 471 1440
1977 -83 1303 978
428 -544 1244 1553
1661 -425 -1736 29
489 -1447 -1142 87
703 -1864 -957 1766
1154 82 656 468
424 1228 -1471 783
685 1903 -234 424
1201 -1177 -261 247
1206 5 -862 437
403 -681 -1665 192
1603 240 1217 59
263 -1465 1927 1851
848 222 -1952 1371
1686 894 1146 761
740 1525 -457 1511
185 1518 319 618
1064 -1296 1279 431
1433 -1798 998 1809
1926 -437 1283 548
1039 1487 -1175 46
22 -589 1277 1000
1396 -879 643 1265
802 -603 981 1003
1169 1363 361 940
1074 -1105 -1437 671
1983 -279 -1149 1488
16 1750 -468 196
1191 -1219 1065 639
917 662 1781 1755
930 85 -1987 807
1017 1215 -26 1638
89 -769 1889 1260
1381 1338 149 197
1989 -375 621 1502
1891 -1208 1846 1626
1823 1682 1605 1806
604 18 -1755 261
960 -608 -734 108
1384 -23 1963 1735
321 -1987 -1851 1915
544 -1102 393 594
1036 1537 -262 1466
1790 185 265 342
856 -1659 -550 347
1083 1652 -1988 84
1199 -771 -329 543
15 347 971 1806
1402 -834 -1116 151
308 287 -1852 1333
242 327 -1911 324
1218 206 267 1896
689 1559 965 199
1042 1824 -837 970
622 830 -567 1729
1519 607 1189 1036
1747 759 1910 1634
1679 603 -185 1502
522 439 -398 1245
973 965 126 1217
1610 -1663 -888 1169
1378 -1990 1336 183
1693 904 1657 976
662 -192 -1953 352
381 -173 180 1547
803 -521 -768 573
241 194 1338 883
929 1581 1443 352
1219 1047 -1837 761
1866 -1768 -1521 313
333 720 13 1982
1830 -1607 -99 1562
390 500 -272 1826
1759 -202 1032 1987
1080 1622 129 120
1005 -90 1324 1029
1213 -885 -317 720
218 -650 -281 578
1708 -293 345 138
447 1859 329 1050
1280 -1178 1438 216
67 1974 1906 670
1424 369 92 651
1602 -1207 118 1136
1351 1832 564 1812
755 572 -1364 49
908 1821 -1729 1892
175 588 -1976 992
1802 1130 552 1580
1168 -1503 -570 401
648 747 -1633 1405
638 -856 1937 98
1121 -1633 -1994 1255
67 1652 -1088 54
1245 -1488 859 877
1768 186 -799 989
1876 -1498 -762 846
69 1142 -1369 185
1185 -1438 -104 1004
1523 -629 662 10
75 -1783 -905 1432
1132 172 22 705
13 1370 -1562 1139
361 -358 1664 1328
447 1014 -1013 1230
162 1511 -1427 776
1993 -1762 900 1738
848 -925 1750 1096
1862 1789 1843 728
781 1534 1823 211
766 1665 -1646 1816
242 -1053 -139 1402
1529 1103 362 1213
1543 1712 -1306 300
1314 546 1760 1270
1590 969 -362 93
1873 1885 -1442 1334
919 1167 575 1179
1471 -1936 487 1740
563 755 -583 1241
1156 641 810 1578
149 143 1739 1288
1691 1254 1724 289
1379 -459 1659 999
380 -383 -1928 1265
233 -202 -1747 1625
1680 -4 -1706 205
957 -395 861 239
1376 1464 1356 1189
1642 -1606 -1270 1321
1461 -817 -1649 1689
1561 16 866 1784
1799 804 522 236
594 426 -1048 1022
913 -426 -842 669
815 448 -986 683
1803 1067 -1629 1358
345 239 -1035 928
1326 -365 -1249 240
647 -954 -1008 47
1651 -1599 -1952 1764
229 -311 -1627 1033
659 -1568 -1053 1579
729 -1673 1945 1005
919 1275 841 950
63 532 674 1246
408 1282 1499 533
910 1704 523 1261
447 1742 -1554 875
1727 1044 -1619 1274
1477 471 -1580 1351
972 654 592 150
659 -367 -6 748
1869 -1637 -153 978
1634 -664 -1771 905
1260 -169 -781 240
331 224 1633 2000
1650 -885 880 641
7 1476 -1120 258
423 -1607 692 181
447 -76 55 1472
740 1615 793 717
1804 296 -28 1242
1251 522 348 474
232 1518 -1592 1619
1853 -1919 -1026 1694
1850 1040 -1604 555
522 -1343 259 954
316 -1693 -1715 482
483 224 -833 1245
679 -1989 -166 1514
546 -1247 1119 1867
1812 -1360 214 1684
32 -1620 174 498
540 1254 1231 162
165 -327 -1312 101
233 1021 -1920 99
1259 962 -1673 1252
1586 647 826 1368
474 -1515 425 529
369 -1764 1361 1748
539 1884 1223 1932
1871 -1797 -1218 663
1784 -1796 -476 935
1782 1796 -983 609
506 1127 1174 417
717 -1435 -858 597
201 1860 -1974 1070
1118 -1274 -1580 1730
319 877 -685 1724
1907 1308 1530 1594
132 1774 -1264 1694
1875 1077 -1048 1278
1138 564 -556 373
1832 746 1253 1663
801 -1312 1892 609
1020 120 996 942
891 216 1205 1955
1862 1909 -1274 1324
1064 -185 710 1724
624 -1298 -1012 1850
1842 -1498 -1246 206
1812 974 858 1592
1745 1799 323 1962
1081 -411 -1099 377
303 -1127 -84 1072
762 -1707 869 1852
1284 1949 1947 1617
1502 563 -1454 1235
1882 1013 1691 414
1424 1888 508 271
794 -1481 -1858 361
1783 1367 741 497
1756 -1672 -1209 1010
462 866 117 1002
1865 -1508 1486 1083
92 1426 -422 811
1275 -164 -542 420
940 -1546 -791 1669
1706 -712 -1106 703
1493 -193 601 344
64 -687 697 956
1090 -447 -923 1207
1222 897 1065 1532
619 1875 -611 1185
1764 1843 -110 593
1912 -658 1614 1000
627 828 -251 267
468 393 1521 302
1693 1699 -1646 1755
1606 -668 826 1890
187 812 -1281 1763
409 1855 -862 70
1861 -1709 1143 931
1205 -1893 1051 1082
1828 879 413 1533
1586 1799 934 1489
1618 -1952 -1341 305
1163 -330 885 1803
968 -985 1810 1488
504 352 -1953 1112
766 860 164 1324
1154 1071 1498 379
1310 -903 356 485
1345 -1315 -729 1379
16 -1625 -1991 141
1328 -1186 162 914
285 -1600 -1782 1748
1063 -1410 1553 1401
640 1042 -1326 1547
1231 -641 -86 985
671 833 -100 1316
1808 1975 705 1235
1221 1875 -1629 927
1621 1369 -574 1863
1963 -226 199 462
1926 -1574 119 968
1513 1652 -255 1121
1164 -1217 -1911 1110
1017 -528 -1123 1625
1152 -250 -9 321
323 -1152 183 1192
1275 -1751 1898 331
1457 336 1866 1694
38 -822 1243 1413
667 1710 -864 1436
1066 336 1804 1536
139 1438 648 484
1487 -178 -1004 1821
1162 730 -151 1926
800 28 1258 1277
1599 227 -1109 516
421 172 16 1281
1990 -1938 1944 270
407 1617 393 1226
38 300 -713 534
239 -1127 1878 1816
1512 -627 1962 1131
918 668 842 1598
1494 229 -781 1857
1509 -1068 854 1643
168 -1552 1792 1958
1717 151 -745 577
1640 1321 -504 125
416 453 -1872 1169
847 1276 1763 599
285 -132 -1422 1420
1733 771 -280 1811
934 1425 1629 771
627 638 -835 1541
500 230 1184 23
323 780 1881 1211
1744 270 -811 552
1982 -1727 1189 1656
1139 295 -209 889
1772 -1725 -1776 1516
1622 552 -47 1721
886 808 1103 1241
1186 -148 1681 459
1350 908 1048 639
1697 -1069 1324 1726
1061 869 578 1504
202 -786 854 1204
1003 -1377 -1781 1308
1511 -1464 793 878
1297 -1869 -943 1908
97 -910 -1314 1309
610 1798 1252 794
465 957 1510 609
1588 -13 1859 366
1361 1300 349 221
1922 -98 -1726 1409
936 -1029 -1858 1121
485 41 -442 1125
1856 1500 -1312 1501
1973 -1474 -779 1802
451 -1174 -79 355
1836 178 -1492 786
1336 865 1105 741
1154 151 -913 1149
169 -711 -330 242
1841 -1130 106 1981
1376 848 469 252
1633 1085 -506 657
1860 -811 -1428 244
1932 -995 137 189
335 1853 -554 890
394 1073 -1153 671
331 418 426 1601
1701 -1539 -1740 1194
655 685 972 121
1541 -1070 613 1311
374 -1994 187 1394
1524 -363 -1023 1373
1191 1281 -34 1758
970 1316 -580 1063
1053 -499 1561 1839
289 -1547 -987 1486
207 1161 1131 644
1762 -131 1718 1442
1864 1406 -74 511
324 -1545 1789 1684
831 1771 311 1217
1715 1578 -1394 1030
1567 -1414 -26 26
342 1785 -1891 1912
1759 -1294 -848 813
870 722 -1626 1788
474 -1887 -1827 1978
589 -350 1428 849
567 703 -1428 81
116 964 894 1371
1233 698 -1095 1717
1299 -242 1636 1384
1696 -957 1564 501
403 -1296 -1367 1564
620 -1231 -1884 723
542 -1642 1991 341
480 -73 -83 16
413 -1095 432 1798
1523 -790 -1191 1997
1512 198 -822 31
304 -229 744 59
40 1672 1358 1010
1023 863 -1306 186
231 369 -502 1279
600 950 -444 1053
270 -193 -428 1367
758 1461 -1841 1059
37 1875 -393 1340
705 1390 9 175
1334 -906 104 1726
498 1181 1916 1600
345 471 -1997 527
481 1471 -1698 1208
1799 1289 -305 351
1833 935 76 1880
1226 463 713 1839
1410 -993 -1893 785
747 274 -618 1457
325 1514 -1981 420
1426 -589 -983 1381
1195 -1431 1218 386
1865 -994 -1529 1532
125 167 1871 1307
856 1020 337 1352
483 -1633 15 242
425 1499 -502 330
1208 1115 1794 694
1988 -1251 -373 81
1732 1167 -1833 713
947 -962 -1673 865
1392 -1960 1324 541
766 1372 304 808
837 -608 1691 337
495 -710 990 761
508 -580 706 1799
1838 -1946 -1403 1844
830 -1466 907 528
1125 -682 561 603
980 709 -52 1852
157 -1601 -1779 190
1063 -1807 -1637 1790
861 705 -1670 1998
544 -1200 -1171 661
1841 -308 1808 1789
1448 831 1873 1748
384 766 1382 1867
184 524 286 170
755 51 1343 170
345 1342 819 1289
164 -1134 -497 1850
564 -1277 -1181 66
620 848 1636 428
1906 1643 -548 1494
130 1543 675 610
540 -241 -1452 518
1074 -171 1841 892
1195 1838 555 1027
355 -1163 -1539 1884
680 -794 -1900 110
430 915 1943 802
268 520 -397 1319
1885 1149 -756 1359
305 649 -1951 128
521 -127 -1559 1397
1070 478 137 1403
1274 -955 592 692
1949 -714 1237 1383
1562 -1124 -234 1726
1607 -1119 1970 1206
1313 -1862 1727 35
1013 -1192 -1382 1481
136 526 -1110 1540
385 987 -1474 289
1481 -773 -901 963
1810 1190 -1569 831
333 1272 -1190 432
1506 -672 -97 1523
1068 1937 1944 1820
1482 -1255 -1880 1456
1488 1061 1326 937
836 -802 -314 597
1985 -541 -1164 55
839 1704 -527 1205
617 -1827 -289 1896
1005 -411 503 47
1696 -1446 -1299 1932
48 404 1869 949
928 -1871 -933 372
903 428 -1081 1208
1601 207 751 994
860 -1418 -1620 937
1325 1978 312 1334
569 -1026 850 1929
1628 -781 -1566 178
1301 -504 1026 600
1320 211 -611 1574
747 -1981 428 1753
601 -491 1687 131
1698 783 1273 235
697 677 -111 747
725 -644 -1878 1521
208 312 -461 126
795 -1136 -542 362
1304 -1478 -661 1982
1390 -671 1904 1224
153 1554 -746 1099
328 124 233 748
797 751 -1573 1510
1328 -588 1899 199
45 1929 19 833
1505 -722 -942 1674
1521 1651 981 1852
1539 -1918 -52 709
226 74 955 1224
1086 123 750 1739
122 -1490 1928 631
573 -432 1273 1579
321 484 1490 682
599 1904 -1193 296
1009 1639 1702 1392
231 -384 1450 1809
1923 -823 -909 1356
1269 -1805 -1427 392
1151 -1585 1387 1103
537 -1152 -1660 1598
1134 606 -21 633
1454 -1901 797 580
970 -1143 1931 1931
491 701 -1503 843
1580 1032 -725 1030
1467 -335 -978 1524
716 1236 68 1740
678 -1111 1057 1167
724 -654 -5 30
1269 -219 -1623 623
268 -1821 1445 1980
1696 987 795 1379
413 984 1420 183
1554 859 -553 493
434 1278 57 1824
1139 -821 -1700 1310
1217 -190 1038 1097
428 1790 1326 1080
1365 -1584 -1778 1651
1445 -1234 580 1609
1303 -665 -834 1854
1465 445 423 965
351 -1356 252 1419
1296 -1203 1228 1404
1815 1173 -1140 459
1651 -74 -417 1599
1687 562 154 768
1931 -337 -682 1118
1129 -1105 -583 490
177 124 1397 987
1829 -513 -1025 187
1406 896 -273 456
597 -596 426 1363
1834 545 -1137 836
993 1475 1526 1060
1840 -494 1951 81
195 348 -908 1102
1224 1295 -1332 1744
1955 528 -200 738
859 1326 -1609 786
459 -73 -427 98
1762 1298 -1702 152
388 -1615 1879 702
1158 -1734 436 1458
917 536 1324 471
1376 -1793 -1761 675
1738 1100 -773 975
41 94 1210 986
1850 463 -1954 1142
650 908 1795 649
1790 -612 1571 1854
12 -1607 -1174 1298
1808 712 -963 1191
1912 -1476 -474 644
1640 -883 581 1202
1047 -1085 -1385 945
960 -1723 867 721
226 1440 1919 1849
1889 1913 -1373 1764
483 1470 -552 335
83 1132 -478 1741
1249 -1244 1131 883
1631 -1048 -1806 1868
1718 -478 -1426 421
1151 -1282 -1347 98
251 -1553 -1841 120
460 -841 -1413 1361
1241 -526 -875 1435
1422 1827 -1151 809
1769 -1102 -1998 1344
1615 -23 -1490 1563
853 -1352 -442 1640
1943 529 -1469 1945
804 736 453 564
1583 -273 -1818 1188
240 1757 -1968 1285
1921 -832 1943 187
1698 -1245 304 508
1206 -894 -1878 1409
1604 770 -1405 1258
806 1601 1129 1415
1885 357 905 175
379 -1725 -1751 941
1351 1449 -578 1294
1805 635 -1558 1348
1883 -1028 566 998
1638 991 1175 1678
1795 1797 144 825
814 821 -1481 1659
358 -826 1743 72
1807 -912 -54 492
190 -1349 -981 1028
1009 1908 -525 995
1717 -1856 -460 446
910 -1437 -964 1856
242 -398 811 855
1278 1395 -1598 821
1376 -1120 1724 736
539 -1709 -295 1170
358 -1094 -1300 1321
1581 -1457 -1446 280
1470 704 476 341
1694 227 -196 937
1138 1182 -980 467
22 -1477 1829 1029
1369 -71 410 997
719 531 1550 1262
574 -813 1215 956
81 -1328 1930 531
360 -356 1078 1545
1590 -1569 953 1576
850 -1638 1620 717
151 -1253 1378 780
1459 -1135 -1190 1545
764 1014 -136 1840
1446 755 1835 1198
1630 -657 -914 773
1827 544 -551 204
1639 1482 754 669
690 -1192 -451 1846
79 -536 -1328 104
1454 1012 675 827
368 -1781 -1094 584
1998 1785 -1075 957
579 -1203 -1831 557
93 -608 -253 189
208 1640 -739 169
1251 -1014 1204 1900
1072 -1993 598 1291
1560 -300 -228 235
1405 -129 1170 695
1143 1449 986 1627
816 -1471 131 1579
1528 -1164 224 1789
1137 439 1397 586
1475 139 627 1329
762 -441 660 341
83 -671 -788 1066
547 931 -1711 651
1280 645 -659 1767
1157 311 1289 288
498 1791 1087 779
810 673 1119 866
580 753 -225 1733
731 -1162 -1077 1892
398 -817 1843 775
1200 1716 379 1351
1401 -1067 -839 1042
3 536 -668 506
1790 1288 -1053 1063
1740 -1967 -1921 48
709 -194 -543 6
245 -807 -331 138
1209 318 -1899 1218
998 -1647 1960 1400
578 1376 -1649 138
1017 -297 1101 363
1353 -1619 34 129
454 -429 -1637 485
151 -1760 -7 1974
1703 -1276 1956 1126
405 -1713 -1660 1067
788 -170 1376 1488
1948 -1492 529 1089
503 702 1547 754
1717 420 957 1289
664 -925 149 1632
841 1396 -1596 1748
737 -1316 -1755 1800
97 -1169 -427 1779
58 1695 -1416 1453
774 -465 1655 1046
1309 -820 452 832
529 -1523 -1574 1600
707 708 1298 865
491 863 -1895 224
1380 -1501 803 1761
1245 60 1121 185
889 -1674 -9 338
2000 520 -50 1642
1532 -314 -47 1588
1517 -1145 1127 1973
661 181 1093 680
685 -647 -657 715
254 707 803 272
1017 1247 -1965 765
1744 1563 -1542 748
42 -1928 1273 283
499 -175 544 1277
1945 -382 -1075 632
896 -935 1001 1557
159 -623 1042 1444
1169 1838 1126 725
965 -1656 1860 1023
1407 -148 1924 1884
469 653 -1640 1003
226 1434 1647 558
534 -1700 -1424 1498
1779 1791 348 681
1698 426 1192 971
1533 -299 1831 608
194 -1518 -141 1136
1206 -105 1087 1843
1823 -1486 627 1481
1721 -684 526 1700
1523 -122 1789 729
399 -1911 646 1123
597 -630 -692 624
1232 -1010 1193 994
1567 -1875 437 1422
1862 -1491 1972 1792
1579 525 1305 758
489 -914 -477 961
1456 1443 1455 1319
755 -1285 982 915
472 -4 -1141 1155
1516 -579 -1001 1369
332 649 114 1163
1741 1263 731 1476
614 -1090 1989 912
561 692 244 500
1117 951 -1882 67
1278 1468 778 10
1516 1978 723 277
1088 191 -590 1607
1578 -1973 -352 759
1982 1775 -1134 1053
1857 40 -111 617
241 -695 -1861 1661
1051 -781 816 430
1651 -640 -645 951
1983 -1269 1111 1701
748 -1306 -530 956
1112 595 1565 1712
1014 129 1426 493
797 268 -92 257
41 -777 -634 1420
633 -852 1425 1143
911 1688 -1874 154
1827 -1215 1953 1859
1104 1051 -1397 1510
1942 584 51 424
1286 -1928 1645 1811
41 -1233 1601 1510
730 -1023 -1765 482
1463 -931 1942 893
980 627 -1808 1987
1287 921 -1564 624
1517 394 -542 935
1828 1886 202 1614
1455 466 1046 944
1158 35 305 1594
483 -1942 753 750
277 -1287 -1918 259
417 -166 -645 1138
780 -221 104 1579
1170 1579 -672 1342
1443 -1724 -149 83
1712 1187 504 1650
610 -374 11 443
1780 1207 1332 1712
1972 1419 -915 1942
1526 681 535 168
1953 -984 1096 692
511 1856 1702 315
705 -403 -1445 677
938 1911 845 859
31 -333 433 1692
61 564 -1214 1064
1811 1104 1040 616
1747 -1912 -242 1972
1654 -1554 -1705 1227
1797 -1240 227 847
1344 -588 -1602 374
1739 -1094 -1238 1114
1628 -958 -621 1146
1183 1562 -1950 1991
578 -816 535 920
137 706 -1045 1958
587 -847 -931 785
179 -1775 -1883 105
144 -492 -1814 981
949 1956 468 368
1386 1803 -262 775
1097 -920 -406 1084
689 11 1385 6
247 -1105 1910 1199
1920 -1298 1760 1540
809 780 1764 169
703 -192 -2000 994
55 1756 -833 59
919 -363 824 1442
539 1383 1820 1799
1457 1110 31 34
109 -227 -1212 1517
1654 832 -274 422
471 452 1736 1791
895 290 501 798
1329 -1902 -256 781
165 718 257 1579
1829 1368 -829 1449
1841 1582 1584 1341
348 -422 791 1138
1324 664 -995 1079
29 538 81 668
1471 -629 93 1240
1380 1223 928 309
451 -299 -1905 642
168 -503 49 672
1249 -1331 692 662
930 1110 1214 974
466 -1785 -285 1525
1228 -744 -920 1358
1023 -1417 717 1248
591 -855 -682 1700
513 1284 279 312
403 -1359 -1578 974
722 -137 -487 1805
1297 -513 -895 1967
329 -500 -359 1922
1459 -90 -1469 184
464 725 807 230
690 -845 422 872
976 -971 -594 1548
838 566 -1599 786
18 901 1189 1683
1176 741 1910 631
495 -1533 1281 637
162 -72 -660 1319
1905 -1555 842 411
173 -320 -965 291
1695 -1501 -1998 1710
353 526 -1744 717
1827 197 706 870
296 1235 1711 677
1254 467 -1385 1142
778 255 -555 332
34 1929 -1467 1502
353 422 480 836
958 252 -417 1038
1461 1933 -887 861
1924 1340 304 1336
879 -487 -619 681
1278 -1671 -1676 606
1322 -1948 -525 1528
371 76 -1252 1343
1884 -242 -1353 1308
1901 1582 602 829
225 -301 -887 1844
806 -618 659 1993
287 -1842 1556 724
133 -1213 -1756 51
738 -395 1279 1962
628 -1406 -1911 1006
1552 -1868 47 281
685 1667 433 618
789 1339 419 850
1511 -1244 -1035 87
1800 1953 -1592 84
125 -545 611 7
562 -910 -1371 675
918 176 1455 364
1213 1560 -544 973
1405 1943 -561 1189
1505 623 459 1493
505 -924 -1631 1236
1624 593 -873 1419
1333 683 207 346
26 256 -1221 161
1752 -1168 -169 983
81 -307 793 1031
1469 111 1126 1230
742 760 1963 639
747 -1023 558 639
465 247 1692 1401
1693 -326 -50 1802
1211 1284 -868 1878
1114 -853 -69 34
1806 -1102 977 1208
45 1088 1557 1622
1283 1693 1100 1023
1646 -1158 1897 1224
1938 554 -1255 1772
1957 -1170 -818 25
1876 1377 1444 529
1709 -1885 -155 1290
1779 -1913 239 1390
1742 -1782 -1931 1612
1096 -653 -1947 1269
1344 -1599 704 15
395 -1638 942 614
1550 -542 1957 1670
149 -1832 916 1090
1040 -1007 -400 1760
80 -1763 116 1755
1279 1591 1597 1696
773 1503 -888 609
19 -554 -327 1253
1708 -1674 -1792 742
295 858 234 513
159 -1943 -1130 1530
563 1075 -8 1989
1382 1373 1692 1950
272 1394 -1295 1874
1355 -1031 -63 1668
1974 1545 1898 665
950 -521 811 1692
48 1306 1710 763
497 -1026 691 808
1734 -780 898 1224
1060 -1270 521 1255
465 185 899 691
1913 1604 -319 573
826 613 1720 1291
968 861 1574 664
442 10 -949 915
1147 148 -1499 204
922 1983 282 634
282 -1972 189 1031
179 187 -1936 1714
1631 444 862 924
1181 1769 -210 572
1778 1011 -836 1291
995 843 -739 777
1037 -498 575 1126
445 1246 1052 937
728 165 744 1501
852 -1377 -1573 719
1837 1874 -1763 1953
1473 1084 -725 1898
1396 109 -1574 20
189 582 1162 925
119 1618 1474 1174
817 500 -1732 1959
31 1053 1714 1737
278 -95 1618 570
612 1544 -73 1229
1942 1543 348 423
1727 -1430 1831 883
920 -295 -1604 847
42 1729 -329 877
1126 -702 1902 851
1870 758 1965 1131
713 12 1521 1204
723 101 820 1199
410 1831 -102 1795
1378 1611 1957 1241
370 -713 1420 544
1285 4 80 426
234 -653 -712 110
565 -459 865 820
1595 1525 16 972
26 689 -129 1207
831 874 -1171 1132
301 1953 -1053 117
861 -1853 -1818 143
1320 1830 -314 1390
1503 362 -1794 566
1796 -543 1896 771
1358 -959 1722 82
1289 -364 -1908 1190
1747 -101 1643 1636
1937 570 -1338 1255
1880 273 -1925 460
180 -513 -1786 1815
964 -198 -1299 621
1131 -1378 1600 792
1793 -1134 27 1686
625 -186 1089 986
201 904 1407 906
1724 1286 -1721 1311
723 449 1620 296
1096 -818 939 759
553 1293 146 418
251 838 -1924 563
1877 -260 -1962 201
1360 1295 877 821
1406 695 -239 174
2000 -21 -1948 1597
318 -1014 -1415 130
1636 48 -1296 1261
1567 -819 1286 1397
403 1328 -130 501
440 -1482 1364 586
1241 452 1526 1414
148 -447 -1163 992
828 -1316 -1511 1010
1050 -929 -1595 1146
1144 -1330 1098 1225
1653 1504 -18 263
164 -814 -1788 1117
12 1311 1222 1433
1929 552 -1387 494
394 1679 132 1809
65 -1376 -1643 173
246 1861 466 416
564 -1054 970 1436
1771 -1150 1685 343
220 -1213 47 1259
736 -1133 -767 1142
1570 1354 -1906 1035
2000 -1326 1754 1920
782 941 73 1998
210 1385 1265 164
441 367 1245 1301
577 1517 -1366 405
141 -409 1603 1887
1460 1788 1930 1330
834 231 -1472 207
1446 -403 -544 781
1618 138 -78 630
991 -1668 1821 1047
1510 82 1196 484
519 161 1124 1825
1382 -766 874 714
1929 404 926 1932
348 -222 314 1834
749 -1532 1972 1929
352 326 -622 532
1163 1028 -747 760
955 -1524 1472 1833
1358 836 1880 76
1783 -986 -979 779
910 787 -598 1364
941 -528 -1727 1770
948 -1913 1906 402
245 -1533 -780 1048
904 -294 194 520
121 977 -309 1685
933 -246 -1104 1093
177 1088 -1966 962
1219 -1984 310 139
407 -1020 -1373 1457
1083 -1025 1049 58
1363 945 849 1186
998 391 182 277
1454 -1188 -1076 662
1148 -773 -1543 1420
1267 1847 579 1519
1224 783 -758 207
1112 74 1020 1822
1394 -976 -1245 1025
745 823 1935 1954
627 -1656 -444 433
348 354 -127 1982
1428 1887 1437 1873
29 -1102 1715 1523
14 -819 -208 1026
1155 -548 1350 465
1594 -1860 -637 1349
71 -26 596 1289
1873 1875 1831 1547
899 1984 -294 1933
1916 -210 -1509 5
1567 -373 58 1181
1028 -1713 1161 1507
1445 -1286 214 1450
818 -1226 1156 1944
93 649 -1596 422
463 -570 1737 819
577 292 -1125 865
1140 -1556 -1556 854
698 1638 1386 1069
794 972 1631 387
864 1640 -1756 1434
1402 780 1381 633
156 -363 -1009 1481
29 689 573 1770
872 909 -116 1564
796 477 -415 1606
1388 -261 522 963
944 -245 -216 224
2 1570 452 1584
306 -1299 -75 1688
83 -1263 -769 227
955 -915 1696 702
1527 59 34 765
1221 -192 1466 997
599 -179 1544 400
23 -1423 -642 1244
302 -106 -1063 1420
1787 -1441 49 1525
642 1635 1700 1458
778 -1069 -1550 97
1070 788 -1597 1700
1565 667 893 1457
1179 -1192 1240 1011
1710 632 761 902
1233 932 1438 702
1684 -841 -257 1057
266 -677 -1664 1816
665 -89 1805 1763
126 1946 97 1362
1606 1409 -1383 1228
1526 306 707 428
1477 -1053 -797 495
253 386 1165 1559
1693 179 -1646 539
1561 -764 -1184 837
1096 -258 -1443 354
181 511 -1095 454
1328 49 786 1845
458 1966 1136 891
1420 -1347 397 1365
576 -1065 23 918
1126 1089 -346 339
1937 435 -1177 1623
840 -1630 339 1136
181 -801 795 560
1769 479 -1869 1613
806 119 1295 1409
1124 -978 1760 1434
253 1121 150 1995
1584 894 965 666
97 -1282 1822 1744
455 1607 1030 236
750 666 -601 1040
979 -1791 -898 514
1739 -390 -1678 1885
1899 -936 -711 221
1105 -109 1083 711
1290 -779 -1090 302
266 -1971 781 527
167 -714 -1600 534
606 1471 -1780 519
1245 -1466 663 406
1543 935 953 927
116 1707 840 303
1069 1652 187 1240
612 -161 -1247 1393
1210 -1131 1001 1940
232 1825 -102 1071
1143 -1203 -206 1027
567 -879 1527 872
844 884 -1548 487
796 -1504 -1323 686
1746 1474 -883 224
1550 -875 685 1810
579 -217 1214 1728
72 104 451 1094
1160 -781 -678 1206
418 949 -935 600
1257 1873 -1466 1254
468 1028 -316 1276
799 -1180 -892 1902
601 -678 1980 50
949 1686 -1948 113
1465 1700 -774 59
1249 -1073 -1549 1424
1789 -1795 1871 967
942 -1388 1068 747
1917 1684 264 8
85 625 463 1603
788 818 282 976
158 -117 97 617
1466 -1698 -1455 1134
1283 -359 116 31
88 -1095 1041 1332
1164 -169 1320 822
358 -1646 -731 531
194 1541 -1801 1757
1599 -1650 -1160 380
1056 1385 -1317 648
1019 -445 -1865 1711
700 1909 -86 133
819 -1106 430 223
1234 -47 -1231 1895
144 520 1445 1131
1896 -1471 -1249 1678
459 1634 -1599 22
1210 -883 1026 1644
332 1438 12 1599
174 1658 -1002 449
862 1649 473 1800
336 -42 -930 1727
505 -89 -727 1106
966 -1502 128 965
390 -1695 690 190
1948 694 1958 1239
1470 -1578 -948 173
393 1954 1125 115
1226 -1008 251 1472
1430 -1265 501 1788
1363 -372 959 679
1581 -369 -536 531
962 357 475 1301
1942 -940 1660 632
1024 1437 -55 1785
1659 -614 1699 1116
1078 464 1431 134
21 1561 -718 1425
765 -636 134 427
459 1044 1640 839
1006 -1685 -83 634
665 1868 -1173 1631
770 -989 -374 1908
1430 1133 -128 843
1442 900 1174 234
411 -922 -1109 875
264 135 1052 332
450 -1897 1870 513
715 -827 31 669
1620 1943 -1703 1132
565 -498 1158 1533
1577 -642 -1683 1184
767 -348 -876 1916
1514 1611 1455 1340
626 -1209 -1347 652
97 1684 1822 385
967 1023 -480 1951
647 1803 1384 320
1928 -520 1728 1748
1620 136 -1490 491
1996 1845 959 1005
402 -680 -882 1826
1613 1137 1078 1435
297 -1858 -248 1671
1220 -1225 -546 798
1362 591 -1030 986
682 -1372 1324 25
712 832 -1940 973
89 -1035 -173 363
1585 -1881 1521 16
1976 -699 -941 1543
296 -821 857 1668
81 -202 -1810 732
630 948 187 42
1566 -709 -704 252
1811 -781 1867 1172
1222 -1822 -258 393
265 118 30 419
1795 -785 1215 194
976 1345 735 887
1935 -716 -1818 1096
1794 -916 -1486 145
1281 -1891 -893 62
39 859 1282 1683
1860 593 366 1316
1865 1360 1480 1500
991 979 1042 1066
1776 -673 -34 496
1884 658 1398 1747
1382 -1624 678 318
1701 -330 -1744 1598
1188 -1681 216 1495
209 -838 1828 877
529 1765 1467 1116
235 484 -453 978
1657 -1717 1094 1519
1274 347 208 1148
1523 1436 660 1153
553 1049 164 412
1608 -301 1382 1937
879 -1091 1549 469
1186 -21 642 34
1383 -1075 -1194 919
697 1706 -1220 277
456 -773 371 1603
1479 949 1476 266
205 -1977 -1331 1641
1045 -615 1046 786
14 104 -1835 1819
1403 636 1937 671
3 -1938 1367 507
722 488 -1678 977
439 -42 959 1864
500 1791 179 153
1346 655 1091 20
1386 -174 1185 265
1628 1604 -1494 32
1516 701 1544 1553
1792 -872 -1926 1373
499 -1235 -1938 835
54 1507 -1767 1259
217 -1034 -948 1007
1014 1894 1026 1293
1655 -1644 -761 774
651 1960 751 1154
1621 452 -829 1754
1661 -20 970 1853
1597 19 -1346 1131
1108 -59 -853 1341
1447 1617 1626 1787
1115 1653 -1501 1412
1501 -812 -303 1786
1034 -1674 661 643
455 -67 -476 377
1338 -1062 -1029 1515
1566 -1091 -1749 554
1396 -471 1539 237
1341 -1897 -1448 141
352 1892 -557 1066
938 1421 1911 1588
553 -1791 1784 194
640 1287 -765 1903
1175 -1631 -769 344
1256 1955 -1900 95
1203 -1292 1808 987
1322 -11 -394 1078
1126 1324 1391 301
704 871 -281 644
633 382 -1470 1360
595 69 1351 1418
1205 1977 1654 1539
1002 -1032 -695 1098
1427 721 903 1400
337 -1285 -466 261
924 1250 1707 1615
1918 -402 1635 458
505 1050 1207 827
573 1793 1834 252
1715 613 1527 1932
917 -1575 550 348
1075 554 850 1986
31 -346 -893 1034
1314 -1374 -1017 432
1845 1987 -379 1655
1641 -10 -1484 1669
1391 1889 1542 1892
1329 -542 1924 1715
439 1963 589 755
931 1458 1065 1659
1078 -1306 1247 341
88 826 957 1310
740 -672 765 26
1193 -426 -945 1997
298 1357 -225 1811
1439 1042 -819 345
34 1782 864 193
1475 -505 -476 946
949 -759 1443 38
126 -1474 -664 1979
1675 698 -1202 1747
265 -383 -1219 1859
1021 -890 497 55
542 1496 1210 909
53 364 -986 1253
1124 -1434 108 648
1548 -724 -1447 846
853 580 -146 1830
1482 1649 -1778 386
218 115 621 1720
1017 1896 -1079 1682
1116 546 -170 831
1953 1591 1905 1296
901 -583 -1049 236
1723 533 -67 476
60 1797 1637 991
1073 118 -690 1847
1723 882 -607 843
892 -1278 -1153 195
539 -1353 776 479
68 1887 -1728 1665
310 307 1616 653
867 -1807 -1006 1296
1779 1416 -1782 1655
369 1899 -25 1571
1932 1073 -1258 1180
120 940 1802 539
251 1448 -556 958
1744 -1055 -858 39
487 1840 1183 1726
835 -605 -284 283
1851 -1861 515 1084
457 744 18 757
1934 -363 -1114 1739
684 1273 351 728
1786 1030 1080 1371
1828 834 -231 117
1993 167 532 412
1979 1535 1463 1323
1522 -1070 1556 1712
1353 1576 288 1870
1456 352 1220 1417
856 -1391 843 1132
234 -1954 -1931 1574
849 1897 -1566 760
1595 390 -1450 1657
1484 1408 -867 994
42 686 1889 1827
626 1800 -1715 748
1586 230 359 1989
13 -859 -629 374
1466 -489 -1063 495
565 -626 -389 1650
1693 1552 -1063 1764
1316 -1947 -521 1392
978 -605 662 1283
723 -576 -71 961
1092 951 523 1711
1034 -1131 1546 471
1115 312 -888 1911
1714 934 226 1330
1151 -1754 -1979 1261
1157 364 829 99
1339 162 1462 530
1548 1390 410 1020
647 1696 829 199
1455 -998 1492 397
747 -1634 1914 1357
55 74 -1472 440
50 1438 -1674 180
1694 173 -1097 557
356 -201 503 1903
1069 -375 881 509
249 1681 284 1918
652 -1912 -1877 554
956 -828 114 1137
421 739 1616 532
437 1606 1801 1434
1360 825 -928 1949
205 -540 1286 586
1414 1745 429 1301
364 -886 -849 418
50 385 571 1149
477 -751 1206 1043
1818 -1859 -1277 1399
104 1205 -39 1166
1049 1066 1034 1635
1334 -918 1393 1956
152 -1947 149 1459
464 323 -453 1221
303 179 -1224 1511
1438 146 995 1476
456 1455 -75 288
651 381 1275 1776
1563 310 600 64
223 844 614 1196
658 967 -1060 1927
419 -1789 1020 279
1909 1535 -1044 1046
1744 884 1490 691
878 1810 616 1663
543 542 -1888 161
838 -292 738 1314
761 -39 -1299 1682
1172 -312 796 1425
1527 -1286 -818 374
132 1729 -237 1772
706 -1595 -771 1936
509 446 267 1252
1987 1284 -333 1103
120 -1670 -534 443
1171 869 -610 246
1455 -113 93 1905
619 -288 -1271 1092
106 -362 1506 1928
1620 826 -1039 1627
707 690 1912 1984
599 -40 1091 1500
211 1317 -189 1115
1213 -1310 -1521 40
770 1117 1 1176
1423 246 1490 1552
1785 -1502 -1580 810
566 -691 -1487 1861
914 947 -692 82
1723 -1994 162 856
534 1494 218 1408
1080 1698 -364 921
1661 -1175 -562 1397
1316 -1466 1833 1787
592 1441 -1088 851
393 902 -967 621
1257 -1529 554 1338
1696 -62 1024 1441
1841 -1967 -1892 44
1250 -1105 -1209 1064
32 -983 -656 889
1801 -34 -200 675
351 -1876 -765 1634
1532 865 1331 995
1161 -1708 -432 1657
757 -1937 1077 793
580 -147 -678 1870
1229 1165 -1873 1301
539 1897 -77 1938
1678 -840 -204 954
535 1796 547 71
1871 -1099 -1206 743
880 1326 -1641 909
1418 -20 -900 1055
1168 -983 -676 1446
1032 -410 -879 993
959 1194 1228 370
51 -107 -427 1503
951 551 1016 1234
498 1279 -231 1914
704 -1256 361 280
816 1834 -1640 179
1124 -716 -1639 1060
1396 166 348 539
1275 -810 739 936
56 -498 -1357 994
1327 715 277 1524
1510 1512 -1849 379
1912 1053 -197 713
1141 1441 1882 1429
192 -376 -837 409
1024 928 164 131
1119 1395 -1920 100
878 610 -638 1636
863 -1711 1884 140
1834 1248 -1631 874
1513 -1412 765 1665
1883 1246 11 1494
20 -1464 -286 1492
140 1041 1589 1769
780 -1249 318 551
1236 1559 949 84
328 -667 -475 986
1758 870 134 600
1361 1068 330 446
721 -174 -236 757
705 1356 -1949 485
1848 -495 1627 878
369 -634 -1827 512
90 593 1901 290
473 512 -846 1614
1042 -88 191 371
1570 -910 856 1618
1016 696 -573 594
678 1549 1259 397
372 -1722 -1631 112
1438 1914 -354 1487
529 1097 112 350
1842 -1136 1451 473
1239 1641 -1960 1725
155 898 -370 541
1614 -201 -1492 1118
1747 899 980 1563
577 372 1023 785
1043 -715 -310 820
536 1117 324 633
1459 1260 523 1178
907 -505 -625 1285
1309 -515 -1185 765
1701 -1991 1871 983
745 90 1084 1759
126 -1662 -598 1873
1840 1339 -529 1728
1663 852 -324 1938
396 1234 -455 353
1297 -363 71 1820
758 387 1175 1316
1340 -945 1620 1711
150 1143 -1850 457
859 -1995 -1386 1822
1814 108 1812 257
1398 1404 1192 313
750 -420 291 494
1334 -1536 1496 1584
1528 1875 1277 433
116 -1365 -1157 326
1660 895 -876 1097
729 -1685 -456 618
644 -352 -1457 1593
1294 213 1930 846
1032 1578 1477 514
11 1800 -254 595
658 268 -1617 100
955 1547 -938 1626
954 -1350 887 352
1686 784 280 1780
1194 372 -373 520
165 -892 515 1346
699 -229 838 1452
1233 -1563 484 1540
596 815 -1113 333
1011 -18 -269 1005
1233 -1887 -1779 1773
1380 -306 1540 1372
1993 709 -1599 764
1949 1557 1540 531
5 -339 -1401 1900
327 734 -492 724
1551 -356 -1202 1197
923 -1979 1677 238
736 -1690 30 128
1027 -351 -1191 1779
1568 -1786 -1505 967
1494 -1180 1759 1444
872 -1309 -37 1266
1054 510 -1060 545
1426 965 457 995
1668 -1969 -67 1565
806 -893 -1128 1978
1313 -822 697 663
31 -1071 -1180 936
158 -1249 1543 546
979 799 857 79
1764 -1979 -29 589
1501 -1828 -1783 1631
477 1082 1389 1530
902 -215 820 1225
1344 69 59 138
614 1802 -124 1167
103 -386 -1714 1022
198 -1524 -335 402
651 -1019 341 1223
736 -1290 -1102 1713
101 1422 -564 1190
1277 -364 253 911
1471 -609 -771 844
421 1249 -1901 1981
1712 1320 1918 1769
546 -1787 963 1435
1666 1141 -97 432
1900 401 -1312 1610
1007 -422 1345 448
1597 -948 138 1500
830 -122 216 1483
93 -799 1064 1057
1113 1994 -533 1842
1654 -15 -1283 746
1226 -1772 -145 1942
704 1953 -1123 201
1400 -179 440 1288
1877 257 1183 46
381 1412 479 345
461 1557 -1237 395
691 -1620 -144 1674
258 -1023 -1175 1904
1057 1425 837 427
1388 1211 150 1614
1634 555 1229 1551
1893 1057 -709 727
1709 577 262 1077
1637 -497 1047 1291
333 -931 -325 47
1638 -519 928 1500
505 -1972 -18 1822
1168 -1013 689 730
1516 1392 -1069 19
1437 1995 -1746 1542
1229 -1991 -1498 1167
1654 330 559 1202
1575 -1782 -167 467
739 -398 -1713 814
1169 955 -14 688
157 1857 -759 235
1446 1831 1220 1350
30 -704 460 1323
1101 1409 -564 1368
1390 -1137 -1473 286
145 -377 305 85
1303 -1879 1936 390
1961 -1704 -993 863
1010 1010 1901 179
16 68 1315 1448
903 -271 901 1383
718 38 1994 543
1759 -402 737 1473
843 1415 1205 117
1716 106 761 1141
946 1182 -263 733
1679 -1767 -1849 1425
331 116 -734 167
360 1726 -1260 408
1566 -1663 -1427 1908
121 304 1638 1051
662 -829 1030 1028
1322 57 -342 762
507 1336 417 153
1764 -1627 -1868 694
694 513 -95 1989
322 -397 -1288 1072
655 -1651 468 1255
650 1739 1534 1594
1153 -610 -548 1953
135 -1994 1582 1253
964 1867 -1709 1236
130 1988 1010 512
289 -1827 1906 881
1923 1586 479 319
1521 -1087 932 952
1844 74 -580 752
492 -1402 1815 716
861 139 1113 1190
941 71 1660 1148
568 -1145 182 897
1596 502 -253 1771
221 -1955 -254 947
1714 1191 742 1768
662 -1003 -1855 1884
296 911 -43 1637
91 893 -398 142
983 766 263 67
1622 933 701 1929
1640 853 1367 1219
1327 1030 -1860 206
1572 432 -1186 54
1936 1209 1517 670
1636 -160 -1539 1917
882 -75 1977 828
1265 982 -1809 585
284 -1512 350 1798
724 -897 -5 1834
1578 1262 -1154 527
118 6 -1818 146
51 1813 -363 887
192 824 -1636 387
1344 616 128 1520
923 -635 -1013 1228
219 764 1531 138
880 1256 1840 1727
508 -1197 791 630
712 837 1974 1469
189 1100 79 102
1836 -1534 733 1559
1143 -1571 188 1066
277 -1987 -126 846
1666 1643 -960 1044
1996 -769 1128 1746
1271 1301 100 1044
90 -1844 -1940 1238
176 1365 -1631 459
1433 -1834 236 649
614 1340 1284 1787
1344 -1511 -186 1837
1233 1072 -1419 404
1657 708 -1272 1380
1995 1441 -308 951
573 940 335 1309
1372 1335 693 470
757 -989 -149 1002
845 -96 -700 1697
1851 -707 1355 300
1080 -1604 1533 186
710 1184 688 595
598 767 327 849
256 -1028 1251 1090
1167 -1020 -1795 1592
658 -1174 -301 921
269 1299 1167 1855
486 1995 261 728
584 -606 -1080 1847
51 89 -646 1329
522 1131 -440 49
931 -741 1794 1814
427 1812 372 912
1744 853 707 646
1413 649 1250 98
977 -1417 1315 563
224 -1710 -19 1530
1040 345 -1584 1262
1990 1121 -28 1496
1479 869 1551 7
623 716 -533 462
861 -237 1476 1825
1685 1132 1121 748
301 -1431 1632 716
1824 -1243 1591 1043
238 24 1951 1480
26 728 -1880 1493
1130 350 376 1575
1627 -1351 1337 1762
939 -903 775 219
237 -1490 1050 1051
1416 919 461 1619
1224 1385 -491 1826
780 1437 142 257
630 1267 -1516 1608
1870 -1391 -1254 838
1728 -489 -1781 1276
217 -766 1832 626
1486 -1499 400 962
1940 -545 -1718 1976
1001 1117 -42 232
250 1470 -1384 1192
1515 335 -1365 1441
1891 1426 1624 994
236 405 -1098 1997
1975 1541 1222 184
902 445 -136 1758
1233 525 -1845 412
1522 -1169 1426 596
328 246 -622 1069
1704 -302 605 1040
839 -1975 1358 1645
1473 232 1364 548
678 846 -561 109
1783 -397 887 816
429 -682 553 1246
1955 -877 1001 230
1287 -1068 -1899 1584
861 1315 1158 358
1580 -28 383 1238
319 1626 -855 754
437 449 -1927 927
1921 -1424 1557 1081
1002 393 816 14
1900 1251 1926 1423
1782 423 -1891 1410
1066 1766 777 210
353 854 1124 1101
724 82 -1116 581
1252 1415 -1145 1296
1186 -1465 1585 1400
535 755 1430 1468
382 1735 -352 1661
1525 -517 -1274 1042
1296 375 -1956 1092
1558 1220 218 227
