2000
1502 -1826 -959 183
1439 -1803 1282 589
1347 1942 -704 812
1814 325 -770 209
1276 -1570 425 364
1483 -415 -1908 1187
1532 -34 -1232 1391
1454 1460 402 701
1891 -6 -390 1294
1794 -934 -1134 1511
1603 431 306 466
1414 -1056 -1870 1276
1452 -1457 -1807 1845
284 1847 90 243
1520 -124 735 1295
213 -911 -47 1061
911 212 -1033 1417
706 -536 -901 941
1434 -1983 -1139 1964
1108 -1762 -286 595
1539 -815 -1098 946
732 -568 -1130 703
890 1810 -1043 1411
1354 -1049 557 1931
1424 -960 1049 1448
897 1307 -1775 1583
1111 -857 1866 698
1584 -1115 -58 774
879 -563 -203 595
1530 -1262 1185 151
426 1370 613 219
670 1639 -653 44
1784 176 -1218 555
1038 -1857 -1964 1758
1178 -1510 -1780 1165
1931 1600 1791 1205
850 1596 -1251 857
182 -1163 -1579 1372
880 1923 -1298 392
736 -1691 1732 1130
1542 -1244 1708 1827
681 529 -868 1816
100 260 -157 1331
436 -180 -962 1777
1035 -587 -1177 178
1648 16 -1958 1580
1645 -761 51 1000
176 -327 1794 980
1050 1694 1902 655
147 -895 -408 175
836 1114 70 1966
267 1953 -1755 1193
1115 524 -1296 576
537 -636 -730 537
304 -1613 -149 142
958 1523 523 1610
1397 -803 -1392 1903
1931 -378 1481 1491
538 -1818 598 446
1825 1844 390 1565
833 -815 -763 1347
624 -1271 675 1459
313 -1164 453 1543
411 432 -1527 940
22 -1518 -1195 947
721 -1739 275 1602
1926 430 -783 1473
1876 -1838 602 1054
1436 666 605 1257
917 -1084 1819 40
361 242 147 1748
1477 -415 386 1131
1565 701 619 540
1429 131 -1915 1006
793 1195 454 1737
326 -1404 1303 1179
1615 385 1635 1508
985 1712 959 1434
655 -124 -859 966
1566 175 -1124 1398
1210 1990 -901 425
1144 909 -922 534
114 -765 1421 1989
1942 1623 1427 1652
823 -1316 291 259
922 1759 1255 168
539 265 1162 92
1014 1277 750 1389
318 -1541 1537 714
1017 1475 1202 1546
321 1236 -260 661
1381 -1482 678 265
1910 -947 -110 1142
906 1485 1902 883
1069 -1846 506 1047
1979 1672 1352 320
1047 -1827 -1589 1344
1560 -410 -863 1386
1510 -898 -571 602
17 -1934 -1138 1866
1787 -970 -1444 254
185 898 700 537
1621 1366 387 1061
1487 189 -144 192
135 112 420 1433
1029 71 -645 1143
274 614 -1559 210
1356 -710 -1547 1320
1174 -1144 23 1786
517 -270 1077 1964
1956 1896 880 56
1777 1668 -28 1644
654 -686 -956 983
97 -353 275 528
1028 993 -253 159
997 -932 -1067 178
1959 1640 288 1194
800 1838 726 1339
1065 -646 522 591
1745 -563 659 1812
586 -826 100 1353
1338 -196 1248 69
876 387 -143 1840
605 -661 -1783 1256
1711 -1183 -894 1006
281 1563 -543 182
1396 1670 -1101 443
960 -63 -1952 1224
1165 -1064 1633 1776
643 331 -1313 71
170 -1449 1752 1254
514 -623 201 1211
1709 508 -1050 1255
1984 743 -421 974
438 -772 173 1658
1836 -137 1191 441
534 -1081 1758 1418
729 -1879 -238 1076
943 -999 -1421 528
870 438 1047 1946
1073 -822 -1620 899
117 635 -1464 194
1166 -1972 -405 1294
871 897 1814 38
1573 -126 84 1353
1741 -1388 1817 222
1706 943 -1870 446
248 1579 -53 1445
875 1288 1596 548
121 -1604 -954 818
1548 -1195 -426 646
1345 -325 977 543
651 1342 -1270 540
1200 1487 -1124 1284
363 -1786 -647 1184
281 -271 -1092 1212
572 -760 -51 1706
651 -1166 1588 1214
400 -1170 1684 1107
1432 911 -161 948
1207 -519 -1774 548
1121 1211 -1747 1383
402 116 1720 710
1207 1060 -380 47
1411 -1936 -1025 451
1291 -874 113 1527
1514 1111 1628 19
750 -27 1496 806
569 -1964 -1734 672
753 -1869 1237 774
1600 -1912 1881 1089
244 399 -1724 495
224 1614 -503 1745
1994 1360 -289 76
811 1757 1037 184
18 -1745 -1115 116
1825 656 365 1631
1950 -1519 144 1697
1780 -805 828 608
31 -1760 -1732 1595
1428 -1860 -1619 227
1446 -672 -1138 77
2 -312 -358 785
452 -930 1951 1534
736 -1342 -1712 692
1610 -350 1315 824
1406 1729 684 163
1273 1170 502 915
1997 817 811 713
1041 -1828 664 1306
1791 -1935 1425 79
1269 -1433 323 1988
1236 1982 -682 812
1956 479 302 747
830 -738 1686 1179
688 51 -1980 984
941 1096 1047 36
1435 -1571 -370 548
467 1065 -951 1968
1444 192 387 119
1664 -939 -635 1753
285 -792 -1932 203
773 893 -629 1895
1334 -1737 1469 601
499 -447 1599 1059
1730 -1651 1806 905
188 -1927 1262 582
465 1134 1242 166
1681 464 -1849 170
1219 1450 1011 87
1842 -1876 -1227 1606
1098 1078 -1437 662
1936 -503 263 1286
1864 773 -976 1819
1820 1310 1814 1184
28 -920 -1370 993
344 1719 1086 687
1400 -787 -1810 223
85 437 -641 1627
1773 710 -508 1951
1746 600 -345 941
1532 614 498 1210
1235 770 550 1566
1541 128 178 440
1782 637 -312 1288
1179 1761 1176 1155
1118 471 1079 1363
1582 -1772 1534 1348
491 -2000 -392 1912
1438 -1430 -756 468
143 -471 -1674 1345
1789 991 -921 1740
346 428 1640 534
572 -1864 -1620 52
1374 462 -619 208
1228 -1984 1230 1014
203 -1666 -1270 280
734 1821 1723 747
18 -1774 854 24
1779 -1255 -1019 492
1269 -195 -1597 1272
204 597 -1452 1425
1972 1302 1545 1217
474 -1911 1759 1252
1216 -1982 -1655 1036
605 796 -1291 1454
75 468 -1927 1763
1527 -1534 762 8
1317 596 1865 846
1306 -256 -260 1530
752 591 -1456 598
1781 1457 1219 1695
1228 -947 1063 501
154 1028 -408 350
1674 -724 603 1554
10 -1113 1291 1680
204 1106 916 1240
822 817 -117 896
1858 -265 -1179 976
1743 1660 -387 693
350 503 -877 353
1493 459 -1757 281
16 -605 418 774
235 1974 -843 1429
1865 -1238 1537 1239
112 -1076 -528 1889
59 -1262 -1958 605
1398 19 1975 1480
1318 -1789 1443 1714
895 1778 -1952 1185
203 1292 -1650 94
1690 -1835 -1952 470
1340 -101 1446 810
1081 -730 -518 415
474 381 -1928 399
1677 1960 645 1735
1636 -635 1292 919
1398 1992 -841 1733
1405 1307 877 282
71 1113 1291 899
1382 556 857 1105
288 1601 1778 1994
1903 835 746 1094
1889 -489 17 1026
889 -262 71 352
1404 -916 -1888 1557
1462 1857 668 874
1827 -1112 548 1548
598 -674 -909 1133
1893 -1574 -1542 1232
474 325 1049 1120
756 1237 -1130 1898
948 1184 -71 1070
865 607 -1768 530
452 -1355 439 1183
1596 293 -270 786
700 1551 1167 204
1896 1193 -1418 1635
460 -1053 750 815
1557 18 902 253
1557 887 -210 1520
1123 176 -353 955
745 1394 -1721 1080
1460 1782 399 1572
536 26 1580 1008
1674 -372 -1116 274
675 -894 361 1346
372 -1473 351 1485
1468 -444 -1829 1542
420 918 -1463 112
916 -755 906 1749
347 1713 -426 1378
1530 1869 -212 1048
601 1645 411 1981
514 -935 1129 1001
721 753 -932 154
458 944 -1343 1472
707 677 -1125 753
805 -756 -1014 1638
847 -1432 877 332
595 1515 1140 1445
599 1967 -939 804
1238 -1949 -1778 628
1645 -634 640 1474
1662 -1585 -179 1742
1712 1025 812 863
92 1008 -1637 668
146 440 1350 707
1330 410 -791 1941
244 740 -1473 168
641 1201 -1724 1252
71 -314 -1232 967
1528 -741 -424 353
1803 625 1063 1752
538 -346 193 886
195 -1082 1453 1862
264 -177 119 1882
1054 -1827 99 1544
945 -81 -663 1032
767 1567 1901 1016
1337 -1380 1082 1560
1669 1988 -1028 63
110 1439 1630 500
594 -1817 -1586 1013
1315 1859 -691 387
1335 99 -108 660
808 492 -1412 288
469 -416 1444 1141
95 699 978 1844
1373 -1995 -1999 1265
1176 763 -346 134
1920 -416 -1259 48
1077 597 891 1057
542 -1170 -10 1357
342 -1863 -1171 493
1050 -646 -1695 63
380 -1609 -715 355
243 -386 -951 1279
249 -1945 -784 1757
955 -1608 -1523 1288
253 1853 1839 1346
1556 -1124 982 1633
1065 1829 768 1406
189 1823 -315 772
527 -1000 1722 343
152 819 -493 1898
496 -1898 244 40
469 75 -1343 1980
347 -443 -1822 1368
103 717 244 114
595 162 -1497 243
782 150 49 1846
777 -1813 -1431 879
1562 -542 1695 497
1229 -1680 746 423
174 -318 -507 1436
1760 1609 -1328 1187
473 -485 -1445 1903
163 74 -748 1900
1565 582 -229 789
1240 -594 -488 299
1595 315 -1735 901
96 -52 1215 1690
1684 1120 923 648
587 -1724 1185 1057
393 800 -1834 1993
122 -463 433 1289
1867 1018 -496 1999
318 -688 582 588
1370 483 -1718 1044
489 1204 -1584 514
537 40 -1612 561
1900 -349 -528 4
599 20 -1803 1903
6 1371 1885 971
1575 1685 -999 1638
1675 -1199 396 865
136 -1678 -1804 464
9 1844 1891 1773
1356 -602 -1028 70
787 -898 -1264 283
1572 1984 709 401
1353 -798 -1893 369
1073 1141 341 361
381 969 -1480 26
148 591 -891 1528
911 1886 1845 862
1933 -1759 1327 647
1057 1715 1159 934
927 -1121 -1839 111
1826 1241 944 763
1337 600 -718 1160
1350 -1581 -1254 775
110 -1134 -1325 1676
1003 -1975 421 1730
765 -1671 -1218 1732
164 -246 1482 1973
24 1815 -284 105
242 -354 1592 1898
1392 -353 -1826 1588
133 -1305 1531 1832
1846 1840 1142 13
1390 1791 1786 554
491 -217 -384 1678
1486 780 -1618 185
1295 -1655 -27 1536
1975 1223 -1266 1676
1397 489 417 203
186 -1126 -229 1598
300 -1786 1905 586
870 -297 1192 151
215 -221 494 164
783 35 645 609
1429 -527 1373 1555
1699 1170 358 1027
952 127 619 1119
325 -1078 163 1304
1809 -1111 -809 1491
53 -1671 212 1368
1377 -416 1672 1990
453 818 1721 749
1913 -537 1806 946
1509 1872 -1862 1791
217 -1880 -1909 1392
1063 -101 -1191 743
708 145 -216 296
1915 156 869 734
1705 -1061 1531 324
1522 -1389 -1637 1501
683 234 1 1981
526 205 -1384 798
489 504 -1491 1244
703 -1396 543 1769
1925 1931 -999 1690
1846 -680 905 1543
1360 514 1826 1375
565 889 1008 146
1435 709 -681 1957
140 1207 -60 1682
1031 1296 1123 517
877 -1049 -1263 880
197 -1449 1882 1512
1576 -770 -1697 1749
1941 1613 288 1478
926 -786 -805 875
1482 1386 246 1257
241 -1722 -781 90
819 -718 -621 1866
865 689 -1142 1355
626 463 -1915 866
1840 1160 1027 567
1816 -1794 -1560 1193
1566 -788 1916 1704
470 1619 -1058 937
572 676 -1484 262
1453 -411 1056 1227
1868 -332 -558 1290
1918 546 876 1544
286 1972 289 830
618 -78 -1041 312
20 606 313 793
818 260 1768 582
894 211 459 1398
1926 -387 -1355 1609
925 -1116 -1526 1278
1736 388 51 459
899 1248 -461 1656
698 -221 -655 724
416 -992 1678 1423
363 -671 220 1902
325 -534 -1753 379
749 1091 1911 451
1876 -464 -1489 1430
977 -1987 605 1353
413 1944 -1704 1255
1352 -1170 -1082 108
290 -472 1405 1785
1186 -1307 -392 723
435 1085 719 1380
546 1783 1912 1817
1634 -1945 875 1570
1736 911 1725 116
110 -56 372 506
276 1947 387 1248
491 281 718 1479
424 -120 1458 1077
1431 284 -1516 1345
1397 117 -1297 907
1893 961 -362 1522
1357 -1987 -751 44
1318 -1247 1153 1554
527 -1104 -1215 1
1337 1024 -958 1178
1372 -1202 -1256 546
130 -1672 -1115 963
823 1825 81 1033
47 -149 99 230
480 53 -1270 383
771 -837 1316 157
1895 1787 -1127 1309
1710 279 1504 48
895 -925 1236 1324
1938 888 1208 1577
1975 -512 705 1348
1407 8 524 223
705 -135 -864 1279
1463 1834 -1621 973
1934 -1208 -837 1750
1946 -502 1731 491
1439 -1073 -1948 1602
1545 194 456 1299
1621 -39 1445 1563
1254 170 257 796
1777 1942 966 1643
1697 1775 -1880 1793
212 1867 1895 811
283 -1409 1246 1818
1054 1716 638 884
294 -603 -892 193
194 1557 -124 1086
1042 1037 608 382
1535 721 1751 260
449 -1211 1882 1674
343 233 115 1837
83 1861 -728 1198
1259 -299 1223 1298
746 695 168 131
1100 1004 1080 1726
421 -1675 -1930 611
1627 1264 792 1272
264 1362 1411 1206
617 413 954 330
1745 -571 695 1333
919 -1790 -138 589
723 3 -543 1530
1557 -1618 1245 1674
510 1161 1641 429
1718 -1122 -1513 1385
1220 -30 246 343
1305 -1571 1164 388
69 1970 1679 1921
864 -1109 -416 1076
1395 -990 -3 1061
60 -1165 -1281 1874
190 791 -1575 619
238 -528 407 486
983 305 -807 652
871 -838 1611 282
1056 -240 -1033 290
1224 1204 -1009 1687
985 1751 1580 916
1810 -495 -1309 790
452 171 564 1229
565 -222 -185 287
976 -1264 -253 133
68 513 -294 1821
961 138 634 534
190 -440 -128 1255
677 647 -1533 1672
1157 -944 -1733 1398
1856 1266 -475 292
1626 677 -617 725
1840 -1201 -1459 435
1614 1221 3 1787
552 -519 63 879
866 -1461 886 146
808 1772 506 1023
1351 802 1046 1091
2 -1262 1408 383
382 1026 -1 1303
1862 71 1796 693
1431 1173 1379 102
901 1306 -1483 940
325 1769 91 554
1825 1106 -1957 1899
919 -1674 1341 1676
842 -293 1931 270
1408 -870 1615 261
434 -178 -1522 1483
1151 -955 -153 45
393 -906 -1197 493
1718 1250 242 206
1520 576 459 428
1414 403 -310 1393
1129 698 1085 1153
1375 -1256 640 1215
548 607 -309 453
1300 -893 -1936 65
1954 1341 -1341 1250
53 100 -971 1407
101 570 -488 320
1282 -1814 1391 1091
1662 -1288 904 1944
1406 -1129 396 6
1628 253 1828 1716
696 -630 1815 1312
739 1403 270 364
626 -378 -369 1980
1233 -32 -1652 1353
717 -1734 -1241 849
1545 1859 -1483 484
234 -640 -833 137
1275 -1566 -403 87
1034 741 1018 1052
1689 -561 1242 1098
622 87 914 1493
1635 631 336 1622
278 -1991 -1396 523
746 -422 -1518 436
1925 -284 575 1352
1888 -1187 -1481 494
170 -723 396 1748
853 -1696 1747 1964
1336 122 -1449 1786
1659 1145 1293 1927
1582 367 973 1921
114 1756 32 1945
1470 1656 1045 1411
555 212 -1471 1305
1849 -1865 -198 1849
40 -598 -1358 418
1344 -1330 556 1227
649 868 -1217 269
835 -358 -1155 787
592 -1121 67 945
1269 460 -357 458
1261 -1772 -541 441
1430 1823 1631 1529
273 -83 1798 1165
1798 1704 -1926 1353
766 -845 488 1654
1511 536 -1862 1330
564 -1800 1235 926
954 -1834 -1203 926
1413 1581 -182 1709
1857 -1863 45 374
1568 1588 -642 300
299 685 1447 755
25 1329 -353 68
553 -1856 848 1789
1534 22 1390 1247
430 202 93 1630
867 936 -282 1669
938 1643 1536 1887
646 -315 -1326 191
1181 -1551 -848 73
1930 647 2000 1654
1802 931 171 148
127 -1281 734 1348
1680 166 -1958 1947
1335 -808 45 257
497 289 247 1493
898 -632 32 1350
1630 -1177 -1596 1675
1761 -1684 -1025 1053
1848 -1037 1684 1288
1238 1065 141 1262
1088 -953 -1169 579
1409 1190 -354 1474
1175 1806 1638 102
1604 -1453 -62 530
1294 1602 1767 1482
1279 -1039 953 8
37 -350 -1471 1288
1507 -576 -1635 44
975 -1370 163 136
1282 -1540 749 647
1099 -527 -398 212
764 -654 1777 1106
43 1524 686 1957
1379 1920 -286 167
896 1929 -1362 1556
1607 -548 334 94
1915 100 -1135 1801
1049 1514 1135 1488
1613 -1163 -1543 142
267 1364 -1719 1782
1095 -168 612 1724
925 1812 1942 954
266 151 157 204
528 519 -1866 516
406 192 -1448 390
678 906 1390 605
1934 -1314 1765 1813
1968 -194 -1065 1151
1985 1957 1587 688
1213 1174 -974 1185
370 706 680 193
784 1987 598 366
928 1383 -1371 144
538 378 -584 895
1533 -1468 471 1895
123 -1671 -1448 1019
1002 -217 -1486 1135
1540 -1089 427 589
1943 1923 776 977
1638 -289 -1424 1981
71 421 167 518
1635 967 -923 821
1210 1147 -63 710
1404 -759 1921 236
464 416 1220 1451
1553 497 -1370 1053
1388 -1999 -810 1470
259 -1333 1519 1504
1069 -590 1260 1384
1683 -1889 1115 1631
1237 -1717 365 545
1155 906 934 1681
901 -1484 -109 1892
1172 -670 143 1169
766 -595 -1454 776
1430 -395 640 1112
1089 -1331 293 406
1610 1397 -1748 237
1726 131 11 921
1521 -257 862 1227
648 -369 1072 1192
1149 -1291 1805 1706
287 1855 1617 493
1598 301 -1035 515
1811 -1508 -195 993
758 -53 923 144
406 -1016 -284 1772
1125 1344 -471 840
1385 -492 -226 1129
1341 -1730 502 1046
237 -1159 -466 1983
1502 1228 -606 35
387 -962 82 1528
41 -574 -427 1638
780 -483 980 1660
1088 -287 -166 474
1625 122 -1774 502
1203 -1828 -731 375
539 -278 231 1165
339 -1161 1707 855
1426 848 -1142 1611
2 354 983 1666
1025 -928 1092 888
544 141 844 976
1351 1574 1741 1855
1199 -827 -1072 493
1814 -157 -22 775
495 -586 -1553 1647
735 901 -395 1946
721 6 -1340 609
1555 -761 848 1217
887 -1263 1834 1499
51 221 -1585 692
1601 1605 -786 1030
1008 55 -1283 126
1233 -1227 1754 1180
1642 -420 591 1350
1703 1401 960 1093
948 -1415 1008 837
1316 -1176 -1567 1418
1869 -1142 685 1462
1978 167 469 612
504 -1334 1447 1168
1657 -804 1775 268
900 -247 46 1181
1778 -155 -1491 172
1843 -585 412 86
1623 -1980 107 364
822 -1537 1451 324
361 -570 -491 1174
990 1496 1892 1135
711 -1263 -427 1266
1851 -345 523 178
1012 1889 -1150 1848
1952 -836 169 1347
1105 -698 696 1284
413 -1240 -78 1486
558 1887 -112 300
610 -324 1411 699
1052 -1136 -1134 1739
65 -794 1060 770
429 -781 -1792 1529
684 -364 -1642 1677
1825 1909 1776 1215
738 1865 -1725 1173
969 416 1622 7
1493 -830 1571 818
375 1671 70 216
1798 -730 -1004 990
123 661 300 61
581 1320 -1997 1202
1735 -833 856 1951
1829 -1970 355 71
1963 -1208 -190 1989
1270 -1455 479 502
360 -212 -1107 1546
440 1806 147 1943
1808 462 -1971 966
1965 202 -1983 276
1203 -1689 1948 1315
1175 -721 -1310 70
1155 -266 -777 904
1621 -762 1665 1478
991 -3 849 1920
313 1717 -1636 236
987 -1397 914 1331
1860 -1744 969 1442
1190 -473 903 955
758 1015 1802 465
881 -1453 1702 1056
1378 1004 219 1474
877 -781 -257 842
1608 127 -1583 318
1020 460 154 1685
680 -1452 913 1005
718 1018 199 631
517 591 -422 1513
1077 1247 1139 1067
302 -638 -828 1707
1457 -1990 1006 905
1141 510 -1465 1979
884 -1007 1005 906
603 -1458 1879 1380
1117 913 -437 1832
321 475 1613 1565
112 948 -368 1883
504 -742 687 1951
395 -1841 1501 1276
288 -370 -905 1525
993 1369 886 1204
876 954 1591 1814
307 -1920 -1421 493
1675 -956 -838 1501
1568 1564 -1004 1919
1536 800 -120 32
1068 -1314 715 835
922 1521 1737 395
1461 665 300 162
187 -364 -155 1654
1918 319 -1223 1190
484 -215 -1029 1801
1848 -484 -1256 711
1846 -692 -871 1790
1906 -1345 -433 1614
1986 -1384 -151 1837
1711 1091 -2 725
905 1850 -47 1841
432 672 1342 195
587 -1059 -1943 1857
85 328 -404 1267
1563 157 1270 1127
1535 1316 -545 1486
104 1842 -541 1836
784 1833 -1889 1739
1173 271 -460 1513
440 1582 565 1013
1633 756 721 1702
361 -248 1595 1940
158 650 -342 1501
610 -300 -1258 257
1293 288 1641 375
1687 -721 -620 1286
943 749 1024 1980
422 -110 1806 219
516 -1679 -717 631
818 -122 -333 1881
1583 -1169 1876 1439
1036 1976 -768 490
207 -522 1064 1790
1364 -1779 -1780 965
87 314 -1901 253
571 735 1759 1909
294 1802 -1509 676
1906 -454 658 674
1838 -259 1035 1677
300 -564 -1627 358
1312 -108 1647 161
1879 1687 -127 665
1597 -1088 -939 857
342 -882 951 980
438 -1228 -1629 141
1289 -1492 -147 1648
908 -1945 663 1384
1281 433 -1340 534
1984 -1438 -729 369
1040 1817 -375 592
130 -31 -335 1842
263 1603 687 1878
356 1761 -872 483
1141 181 -411 34
1528 -622 437 1822
1182 682 1016 555
333 -544 955 1597
1152 1481 -1331 1932
373 -870 1074 918
494 1118 1839 93
1153 -1689 1961 1109
760 -451 1319 1864
930 -656 -181 706
1552 1011 1194 500
841 -1722 -698 757
86 454 1746 284
646 -95 476 1944
1196 -20 1362 872
1388 -872 391 707
561 1353 1456 658
602 1233 647 1329
1529 -648 872 1585
1027 -604 -852 729
34 1735 688 496
902 -749 -1710 1381
159 453 608 1464
165 1602 477 398
1425 945 -52 880
129 923 446 172
1912 -1183 -1192 291
1883 816 -850 234
789 -213 1421 665
676 -1917 -1696 431
89 -22 -182 1243
1820 525 390 708
198 97 60 1363
1974 1911 -476 84
1501 -861 -1096 1017
1649 1362 -360 1526
1054 595 -1674 1654
1424 319 -1110 1701
410 -512 1687 1555
770 -307 906 791
274 781 -1610 522
873 755 676 920
440 969 987 131
1382 -1279 476 559
1485 -223 925 1623
1082 -328 -1752 7
1008 -692 -1805 95
1222 -921 -1332 711
1284 -1070 -1187 837
1386 -1085 1952 1288
362 -1146 815 1345
441 339 -825 1861
1458 -1214 -1376 1068
370 -1117 48 1861
365 1303 -1127 352
312 -132 -924 722
45 -1908 -1721 997
1306 1995 1900 1941
674 392 364 820
1338 -1683 -53 662
1101 468 1802 1766
681 685 -397 1856
1136 -589 348 1157
1928 -228 1608 1386
795 1902 -931 1064
1304 387 -1198 574
1232 64 -868 746
218 -1469 604 164
527 -1937 -552 116
1998 1035 231 647
1193 -1955 1938 1021
1991 1460 -356 1086
1088 617 -1858 1840
1652 738 -1045 1747
1028 -1824 -1442 805
1959 167 425 1982
1111 1810 -300 1206
1681 -204 -443 410
1993 -1976 -136 1291
820 -310 1402 1102
1899 1956 205 173
1630 -1939 750 1636
847 733 -1041 485
579 1866 -10 1093
1349 -1194 429 1996
435 -1282 1029 1097
1663 -894 -611 620
143 919 1997 1994
1757 -1042 -763 301
1703 -1058 1422 1345
1024 366 -699 1768
1693 -619 796 1271
1066 73 -1769 183
195 1974 759 613
1323 429 -672 1618
840 -1097 1389 1715
1700 991 918 802
990 1119 -457 1755
775 -1 -1570 528
1686 -673 1663 1030
532 1629 408 582
129 860 -1936 397
493 1645 410 1260
1280 -55 1580 1944
34 -489 1407 187
1139 267 1461 1313
613 -572 1870 1788
1309 1474 1808 1937
853 -122 -509 121
1101 -311 776 1649
694 332 -960 1946
1653 572 -1330 521
1494 817 -660 1896
1207 -892 -1527 723
888 -374 -795 396
1570 -1430 -1489 232
1581 -1026 -1094 880
216 1343 1000 529
1508 -521 -120 812
1609 -1335 -943 1191
1601 779 -429 1017
1384 1299 -934 274
258 -476 270 497
1669 -501 -1637 1932
1978 -591 -1398 28
224 627 -585 110
697 -424 -76 51
476 -1316 -1731 656
1793 832 -1227 1263
1352 -381 -1781 829
210 1688 -113 1338
1638 -338 1000 412
1710 -1142 -645 524
1015 -521 688 1575
645 891 -922 1598
1836 -1776 1710 726
936 -248 1440 1865
726 -1969 -1097 852
969 518 442 695
678 215 -1896 1736
1512 366 723 1280
1901 -612 1840 892
726 1237 -217 957
1467 -1161 384 1608
1109 830 478 1239
179 -1265 -341 1735
837 -1706 1527 696
852 -367 -897 1792
552 -741 1460 552
544 -263 -1238 29
878 -1367 226 1136
1336 1609 -547 55
41 -406 -435 58
845 578 1140 550
8 1300 -958 654
1232 -1523 -831 293
1871 1384 103 741
1746 1629 -1981 747
1212 -22 357 1720
1828 -545 -740 882
354 -1003 -1924 1473
374 1286 -1414 66
1234 -1610 -118 1303
923 -685 -719 326
1323 -1819 71 550
386 580 -462 1461
1872 -229 -752 532
797 282 -1372 441
1090 -1995 1104 540
1053 -977 -288 938
337 1422 1357 1173
659 1666 107 1635
1534 1072 -491 1371
960 769 340 1179
875 -1213 -1178 164
1269 151 -46 1100
1448 1447 -857 91
1715 -633 1799 1230
7 770 -705 216
538 -1398 -1289 1996
632 1859 124 148
125 -827 1268 509
204 957 999 329
1947 65 -950 219
885 492 539 1662
518 -912 325 1615
131 -342 1163 1982
1663 -519 1162 1777
1095 1070 1286 930
919 -410 -993 476
851 -1411 -153 1505
47 -1399 -1339 1287
1495 -1015 1852 1974
296 -306 1889 748
933 -641 -381 1929
1923 -948 -1707 451
893 1932 256 1379
320 -1188 -873 1783
80 1084 987 1614
1634 1596 629 1119
1488 1485 799 1522
1176 489 -847 1845
653 259 1210 1544
1765 459 1788 1185
249 1612 1072 1562
1880 -235 -863 1518
276 1156 -1189 1151
739 -1761 1551 1059
1791 -737 -1443 930
1799 415 -1521 394
540 -1502 -615 1707
757 -322 -556 140
811 902 31 148
1293 -1872 1072 721
1774 44 460 1845
1746 -1458 1806 1395
868 1906 -1371 1351
1395 1712 200 1819
1905 -391 409 131
1283 -657 -687 1266
739 -1116 1283 531
257 1922 -1602 337
1198 100 -713 958
1951 -421 -188 1280
1520 580 -1219 1663
1214 -1102 971 569
1612 1826 199 895
1167 -1966 1904 1397
466 1019 -1830 1429
243 153 1035 1101
1188 380 411 1052
171 1804 1423 41
386 1206 -794 1004
103 80 33 227
733 -271 339 1071
234 -1813 1043 388
1047 -878 -1638 1932
163 -786 -425 677
1152 627 257 30
1301 -1481 -294 1038
346 -16 423 1726
623 -1000 1354 1674
1973 234 1678 147
1443 -883 25 815
1746 311 446 1416
1538 -625 -1881 1161
291 -1733 919 1733
1341 508 1235 592
1080 -1082 -1742 1683
740 -1259 -1322 796
1043 -1770 620 140
314 -355 -1401 615
292 -1939 1341 1623
255 593 202 890
1676 1488 -1689 543
115 -1543 -1794 941
1245 -12 1426 1341
1288 -1901 -9 1403
1783 -1387 1401 456
672 1163 967 1227
300 1754 -900 171
506 750 599 807
1884 -412 1828 1134
1064 -1036 -256 1799
760 951 1685 1979
1338 1635 -756 1702
562 -436 -866 1049
35 -773 -812 139
10 1337 -1379 339
963 408 -448 880
1985 -1105 15 1458
954 -1731 -296 222
1225 -909 1101 1805
283 910 820 573
562 -432 1766 1055
1109 1974 735 535
1246 -1163 1376 560
1162 1179 1223 1253
1213 1815 -1269 857
604 -804 -1691 1088
1616 -1115 -973 580
122 -1278 -1534 529
1785 -1892 -1708 1464
1445 1570 777 1664
1576 -538 -1144 832
864 -379 -1742 311
1999 -1256 54 869
1675 64 1227 1903
1102 276 1396 142
1526 -1379 885 48
246 1142 616 1542
356 -265 452 1237
105 344 1608 453
740 1975 -1419 1045
1655 -432 1947 597
88 -1062 -1722 330
1138 -802 557 269
1058 1321 1972 956
410 -1429 -851 744
737 -1055 -635 166
272 727 -758 1950
1622 1009 1559 1823
710 309 1578 105
1652 -1227 -196 1777
1452 1926 1256 1088
1163 1603 -1347 645
227 -633 -862 1534
1516 638 576 867
445 311 524 476
1159 -190 -671 69
235 -1166 1164 305
1310 -1523 -1588 244
1740 709 -216 696
1059 642 -1216 1689
403 471 -372 937
1445 -629 -760 397
433 -136 -1158 221
1318 1406 4 1080
6 593 -151 1662
1655 -737 -731 660
227 -495 1067 740
1096 -175 -921 186
314 26 -227 1560
924 -182 916 1282
219 -1668 -1075 579
1987 1118 386 983
487 -12 280 1215
589 -206 1054 1408
944 -812 680 1668
1053 1138 -517 1671
630 -1545 1712 347
674 1638 -937 1813
1963 -1029 -844 605
222 -1051 -5 1058
846 -1456 -1387 708
1442 1498 624 1384
1939 1472 1208 1768
895 -253 1592 1088
1449 -986 651 1762
1158 976 532 1715
849 -219 -1835 1820
824 -1678 -1712 617
300 430 1916 1565
117 -334 167 205
716 1419 1410 1968
1088 -2 1035 134
1698 1871 1669 1502
136 726 630 1085
333 610 -1539 990
1119 -1355 1614 1213
960 152 -539 1115
1798 -788 -877 461
668 1453 1586 1437
1711 701 1995 311
593 1508 -797 973
1816 -1690 753 1060
384 -1598 -1373 1045
1045 1766 532 349
1947 -632 -1119 1677
1126 -881 1916 26
1794 -387 -1771 1102
844 -1691 -304 597
838 -1793 1277 1313
87 450 -1014 151
1273 -1874 -798 1056
1258 -1713 -6 121
667 -1527 494 1011
676 1768 1858 1651
1054 134 1335 931
1975 -291 -1206 1264
850 -1154 -60 1082
804 617 1390 1751
984 -1871 1842 1615
844 -1086 1514 1153
1186 413 844 733
992 783 469 1897
1168 -620 -1033 285
705 397 242 1190
1092 -1423 -1596 1094
1951 1663 1051 1378
558 1495 274 1107
317 -1299 -374 710
335 -728 -1676 1628
1450 -1754 -56 1723
393 568 -1963 1962
665 336 1398 425
1020 -1256 1554 1223
1129 1810 -1310 1114
521 1969 -325 859
1564 -1895 -1823 679
1202 -1312 752 1071
1715 -1368 1866 121
984 1352 1527 1292
879 -1147 -493 72
1434 -1069 31 1452
1424 1420 -1381 62
1851 -1866 651 1719
1449 -581 1458 1588
28 692 1343 1206
1946 1241 -861 867
333 -396 -938 723
35 -1111 -880 771
1023 714 580 1813
854 456 -626 350
1156 -615 -267 1655
789 -1502 -1292 1645
700 -1085 -394 1122
1247 298 381 649
344 1973 836 173
790 -1574 1294 1563
1738 755 -615 1555
1771 -796 1457 779
930 299 -218 1244
1470 1774 142 1827
626 -864 -1740 769
690 539 1641 412
1962 1376 -1469 1868
1191 -223 -1093 1806
107 -1337 -1271 1845
1309 -690 1078 228
1367 -306 1624 1669
630 -779 -1021 981
606 1456 -1565 197
980 -823 397 1355
386 -1447 778 463
454 -1095 1531 670
211 -1345 1687 411
1406 1689 -1952 1657
1538 424 -1395 626
1821 -1312 559 515
1921 270 1483 541
308 932 957 550
1648 -533 1335 1286
3 -359 -682 971
1904 -1255 -854 1365
957 1154 -1882 1898
195 1404 4 1587
737 -260 1617 1629
1721 1946 -1701 1450
530 1741 -800 1933
228 1559 1536 1618
1807 1397 881 515
836 -998 1681 1924
378 -1197 -56 1960
1867 -1595 1811 841
1476 -1952 171 676
232 1293 943 986
398 -459 -588 1153
959 -610 1436 1345
585 1205 1599 152
1470 569 -77 1430
1141 1865 -1038 226
24 -570 -264 1027
277 -1735 208 1975
1902 -1291 596 1983
1128 -727 -152 129
192 311 -198 1541
1489 1894 1471 409
1023 811 262 1277
719 -829 1647 56
444 -1158 -471 1393
1428 708 200 806
1641 1184 -1939 153
801 -886 1130 1597
1047 -409 581 1421
919 -122 -13 566
1573 584 -856 1785
839 -1728 -12 634
487 1266 -1184 739
658 -343 -522 177
1547 1870 -1577 1958
536 -1876 -320 1750
644 660 1661 378
1612 767 -1773 1024
1490 738 -622 1912
1101 1798 -647 281
1031 216 1232 874
1502 -705 103 1737
179 1161 -1573 1240
1374 -1856 1572 1514
776 -831 -752 1819
1103 -784 1608 1574
1461 -642 -62 636
1682 -1001 -1355 1187
238 827 723 1989
984 -1786 523 957
321 372 -1016 734
657 167 1758 75
17 1301 1376 1360
720 -779 -1183 312
1119 327 -421 1204
516 -1747 1991 906
1739 -344 824 740
1136 -108 627 141
1926 -1078 -1251 1064
611 -1583 -515 153
1746 229 -337 841
415 -1131 -1787 1318
399 -1177 765 1136
437 -1217 250 1438
558 -1443 991 1511
6 -871 -1502 874
1921 -1952 1813 886
291 -1865 -1943 1138
1448 165 1052 1430
221 507 1474 304
36 1066 627 1777
757 -979 -1336 1757
1511 -53 -217 767
11 628 -1479 578
802 -721 -584 57
1810 1313 -1311 1352
1509 -95 945 424
345 546 -149 1255
1409 1197 -65 1014
530 -1746 -1225 537
1799 1139 -1599 363
1070 -381 410 1303
393 -816 286 1920
46 -689 1083 1354
327 -97 1492 1758
739 123 1079 1130
1715 1496 -338 1279
1182 96 -1839 1585
397 -990 364 1051
1359 -645 135 72
1079 -1018 357 1403
1385 984 -1365 536
113 960 546 216
1851 1581 -709 841
1852 1472 1304 1212
1784 -1972 -633 774
1497 1907 -1009 1551
1039 -1110 1279 1878
922 -561 -294 1594
1362 -1957 237 642
1744 -118 -240 1447
866 -1367 222 1381
251 -91 -333 1038
448 1232 930 470
1692 -1162 -293 1864
1293 -1537 599 879
964 -1266 -688 750
1145 -624 944 57
1461 -782 -1339 1434
295 1813 -1373 1405
1344 951 906 1475
918 -961 148 451
1045 -1902 -1718 1044
1097 -654 284 1093
1541 -1265 169 150
1871 1250 1408 268
1729 790 -825 880
970 -1086 697 977
1515 -251 914 1341
1595 -142 -1876 172
20 1079 1140 1734
291 -1164 547 1095
1691 -1341 -1703 1138
51 1310 -1190 795
1363 256 -1479 188
1483 -1988 -1454 1297
1197 22 -867 124
1630 1260 -896 1873
937 1378 473 587
1420 -785 -972 1654
1592 1640 677 434
133 437 -209 1703
236 948 374 1531
1115 -115 -1907 1821
1237 481 -1386 1822
639 -1923 870 595
1812 -1525 -1889 1189
1058 1308 278 1552
1131 -1346 695 727
1509 1596 -15 1390
1754 1408 -1166 1663
1657 1909 300 1910
707 1508 -768 1509
863 355 -1529 1921
886 -1985 -805 1250
887 -1306 1912 583
1476 -1070 524 16
980 -160 1912 738
1935 1871 1522 375
741 -299 -90 427
1783 -1543 1648 1392
1276 -1307 1449 1979
318 -799 751 964
363 -483 -1627 474
1188 1014 331 285
65 -1205 1206 1266
1290 -1636 223 1395
1568 -527 506 492
1746 1700 -792 1807
1784 1059 -800 1889
1740 -275 -1799 315
76 -914 455 1546
298 1845 -78 399
1468 -940 1741 319
1500 -1054 -1913 1044
1560 -1062 1963 10
1331 1073 -108 1459
1379 1023 -1653 852
1505 -1244 -101 1157
332 1079 -1870 1797
1094 1114 -258 1668
1253 -1514 -103 760
227 1554 1634 952
719 -1632 -1526 1492
1354 -155 982 1179
1499 -1183 684 211
28 -759 -1724 1924
378 820 -897 941
792 -760 -1713 750
1453 384 -1590 1037
1233 1780 522 993
148 -289 1859 442
1080 -1369 1346 759
1586 -1357 -441 830
652 563 1954 919
1334 -38 -64 1265
1089 1971 1252 1884
98 -517 1384 414
645 -1857 -409 1567
1384 517 -202 12
747 110 1295 119
903 -511 -803 677
228 342 -221 1487
1857 -830 -1516 1090
928 -114 -1040 1551
1942 -595 1740 1179
1728 -94 810 1296
57 -201 1434 1258
581 1437 -15 76
586 1459 -58 840
449 -1218 121 1178
265 1067 -901 750
357 -1267 1308 1957
521 927 1485 933
720 -369 -218 662
105 386 -467 837
21 -826 757 1204
635 1165 664 1128
1989 -1867 -1739 1818
384 239 -224 1687
1488 162 737 1872
1577 -1039 1235 1947
999 -650 -555 1696
1095 502 1338 764
1148 -927 -1175 1441
475 750 -1659 1172
1279 1518 1008 1278
1670 1960 -1784 140
1969 -1606 -1654 511
1032 1892 1338 989
1028 236 -1820 78
1108 -1527 -1243 255
25 -802 -222 851
1417 -912 581 1853
1679 -645 89 1639
601 -1439 684 1182
1465 844 1582 1315
373 -1774 1394 1259
1752 -1092 264 368
1838 1879 -420 1503
475 1046 712 1192
1765 -127 -1641 945
1030 -1753 -1626 867
731 -1453 1648 555
135 926 -1976 347
1409 -1022 -943 950
1969 1608 658 1479
231 227 -1826 667
1973 -589 -907 1602
1824 -1279 -1664 322
466 -1868 -1589 116
347 -217 168 1765
1452 -57 1798 246
1418 -1294 244 909
1201 1786 1740 1746
318 -5 615 419
996 -1200 -1851 960
248 1547 282 767
1797 1340 1863 681
1257 -391 1390 571
166 -979 -66 1287
258 251 1745 176
1511 -112 819 97
724 1803 1103 103
346 935 -1563 706
671 628 668 1768
1711 -1716 1930 1459
1830 -501 1304 590
471 -1037 159 1499
504 -85 -1600 320
1044 -701 -1966 485
1223 416 1811 1816
726 -1272 -186 425
373 1079 -1508 1086
1070 1411 -1848 1296
593 -719 -1528 268
1070 730 -1948 484
892 101 -714 1787
1942 -1226 301 637
537 752 -1058 772
1064 378 388 356
1048 -962 -1530 1280
1668 966 -1882 194
1946 934 445 791
1851 -1754 -89 993
1071 1925 -1291 563
175 1163 -1036 793
601 1588 -639 1677
1312 1045 1927 1507
442 -864 796 1726
112 145 -1245 200
609 774 -1023 1390
191 -652 73 1858
1568 -1630 647 1544
1822 984 1136 489
1224 -718 -1310 1267
1119 1910 -17 710
794 885 1296 344
482 -1381 -1337 514
966 -1425 -1269 258
1609 -1545 -925 1591
1151 -1300 412 200
500 1406 -1190 637
1924 1018 1255 1492
980 -1893 -1417 702
1480 -1047 80 1887
491 -1372 -1182 385
1290 789 -1674 657
1529 1800 -1484 1601
1276 -1101 885 1093
607 -9 697 1894
1823 1634 -197 274
1455 171 -1707 521
1572 468 -1909 1042
793 -595 1301 1668
124 -260 -1402 1373
655 1909 169 799
1656 902 1287 430
1569 184 1636 227
632 -492 78 28
576 -453 152 409
1583 -1279 -710 833
862 -174 1941 1483
1948 -1984 -1877 773
1803 -1691 -110 1825
610 -1254 -841 1379
841 -1909 1454 1988
1504 -1105 -102 626
136 62 162 526
24 90 -1725 396
505 -1458 1070 326
1931 -829 648 1914
622 -695 1868 1159
634 129 -1184 612
247 -1431 -46 442
518 730 -1981 1029
614 -1127 -1095 742
783 -1383 -924 1332
363 -297 -369 678
616 1833 156 1194
1655 155 705 1122
576 -1298 -1074 1474
44 543 1169 819
873 -1393 965 579
602 1872 -648 419
1605 1626 -1398 391
1235 -1228 -669 746
451 1004 549 599
23 -1202 -1676 1217
117 1951 1689 508
1079 601 -302 1313
1676 -651 29 398
37 1328 -697 52
1064 -959 -1757 136
1601 -1235 -476 1858
124 879 776 992
572 1643 -955 1588
1895 304 -272 178
1832 -1266 -243 388
1260 -279 246 598
213 1420 -127 521
1114 225 1754 1060
453 -549 -156 1294
1331 -1652 -1232 1702
1256 1562 -270 428
825 -812 62 69
975 792 977 1802
1675 747 -1138 505
620 -1346 402 1667
810 1870 1610 156
367 -1995 -1031 79
937 1260 -1712 695
1450 -525 1802 1335
520 -1268 208 1267
1053 -1927 91 1429
1383 -810 -338 1593
889 -1956 470 49
585 -1577 -84 1649
1712 1168 -1072 1092
349 -978 -926 1477
706 418 -1720 1751
1685 1762 43 878
17 -1997 989 644
1891 -679 -623 21
605 -1546 -1054 467
870 900 1523 1170
1127 -236 -617 1149
1008 1500 -348 143
273 -337 -636 315
177 1330 -484 1829
779 -1811 -492 695
124 795 -618 1053
1046 -507 -1486 697
193 154 -139 928
228 1253 641 970
272 -48 -86 1430
550 -1479 -1383 436
1019 -353 477 57
1579 -195 1634 1646
1044 -1868 -629 1266
342 -1638 -317 1876
714 -1856 1873 9
904 -573 964 1820
111 648 -1367 1368
1121 948 -1162 1840
1524 1002 -148 825
1218 -886 1893 282
1354 -725 -587 1442
669 -583 1629 1490
1921 -1317 -1361 607
690 569 1945 1858
892 -1291 1130 1655
546 696 60 785
1386 -629 -999 917
975 -611 -729 986
366 -70 -1488 1887
1513 672 995 1525
1447 1919 -937 113
1810 1967 1035 396
1191 -1939 1920 419
1706 660 -1220 310
815 -60 1014 557
1458 407 -920 1470
1408 -32 -1333 1321
1964 -1503 -192 1485
1803 -148 915 1727
1576 575 635 1290
1569 1471 -592 522
1111 -384 -1288 1472
1202 1220 1626 641
1403 1035 -1681 199
545 639 -70 622
1541 -1733 909 1592
1261 -983 1774 154
4 -1077 -1388 1789
1320 244 -1800 1630
1867 1025 699 622
788 603 698 194
555 1732 1016 132
208 -1101 -1104 224
1540 -1511 -1723 1192
1278 -44 -961 961
1879 -224 1257 308
1390 256 1961 1309
262 14 -1623 527
403 1372 -1760 847
1921 -1582 454 1637
1357 80 -455 478
1641 510 1958 748
124 -860 -776 52
1312 -454 -1025 895
659 -1120 -1813 266
790 441 -749 1494
881 1185 361 1064
1005 1374 113 1962
936 -1423 -1515 1784
53 -837 -1235 1524
1401 65 -71 755
303 1551 1066 1662
997 -108 -1816 450
877 -1300 -1399 1600
1213 -639 -1687 1277
1135 782 -1713 595
1202 1990 -422 1791
183 -1600 -1700 1329
468 -1050 1501 1775
613 1755 -898 690
966 -1843 -988 1927
538 -1623 1544 1823
935 -906 94 1823
888 1883 -1401 1089
1738 -1095 -959 1761
1167 -614 1971 1874
750 1769 1716 1191
864 -82 -660 1641
885 1002 -331 999
989 1320 1141 1394
1952 -440 -826 1437
407 -1739 -420 995
1616 1333 -1650 336
1245 -1564 -1612 1815
486 1431 -319 1787
1442 -946 -1335 774
1362 -108 1876 1397
743 142 558 841
1159 -673 -656 1991
812 -74 -1130 809
1940 851 1643 172
866 -1221 -492 480
716 194 -712 811
1067 -319 127 1030
958 66 1996 1118
423 -379 1989 500
1612 9 -1529 702
263 1790 -1457 1748
1511 -1691 755 35
909 -860 1243 797
1536 -1094 952 888
1705 -359 -1875 715
1079 1099 1001 708
285 1948 1640 1796
271 -1352 178 1888
441 1988 -1809 690
904 1987 -702 1575
638 1900 -1300 1023
1586 -1520 -1184 704
942 96 657 1171
384 -1324 -1465 549
745 1986 -1770 8
1793 502 1346 863
1377 -321 -1623 453
439 1580 1238 391
1974 -157 1910 1845
339 1830 1720 965
1513 -144 1296 1504
726 -1551 1918 1668
1932 -1875 -1067 1840
1057 -323 -1854 1467
1503 -1740 275 413
1764 -31 1260 755
595 -1989 1771 1952
1986 1152 1283 1383
1066 -1348 1497 738
330 553 1134 878
84 -1677 451 764
1023 -979 -656 130
867 1960 -380 728
640 1880 126 1420
455 702 -930 1998
1551 945 1844 100
1474 -497 1844 551
1181 1723 1622 453
1971 -1924 -1110 1677
1371 -1883 -159 950
62 964 -783 184
794 -672 -1563 1681
241 -54 -683 513
506 -1066 1115 1358
1471 241 735 1825
30 513 -1622 712
233 -1768 -1855 818
198 470 -502 1654
1775 1307 -968 220
1970 -1354 -1541 50
562 1702 -1305 1304
1508 330 -136 1428
387 -876 59 1391
1517 167 874 439
884 1373 391 1643
974 -1810 856 114
6 361 -1198 660
1848 243 -591 479
1288 1012 1611 1859
172 -1601 -423 1271
1534 -310 1923 1378
299 -1727 -1610 1730
118 -1140 74 1209
197 1990 -19 1370
899 -1574 -197 1041
1757 58 -1567 760
1493 -1887 600 51
1170 1983 -1610 1285
334 1106 1715 952
1575 -374 564 1530
1086 792 -635 1082
1563 -1529 -551 111
487 871 1935 273
1696 -1072 -106 1102
1865 1212 -39 87
471 1948 754 1840
1765 -248 1765 131
1713 1063 -1341 382
1036 -651 -245 1376
222 214 -63 272
881 -277 1658 486
657 -486 1556 688
1682 -1696 -1666 927
346 500 -863 1143
2 -48 622 1426
1737 -1747 -1278 1598
625 19 1583 218
1040 1471 735 589
1585 -1407 1942 431
560 -1303 -196 1118
1874 449 1659 139
202 -1191 -1119 1754
181 -1936 634 214
431 180 -88 1770
1532 -14 1852 649
416 424 -328 999
1991 -1986 -1587 1069
990 -679 -1601 1481
1832 1199 -1079 139
810 -1501 -555 1098
1231 1281 -1440 1613
788 -1752 782 1043
125 -574 -1078 1115
1743 573 1547 1036
1796 -92 -1488 463
1210 -580 -471 1152
708 1801 -1301 848
1463 67 1141 102
574 -429 327 1369
55 1452 1304 792
964 -1851 194 114
123 -1090 523 494
1318 1059 1406 693
1492 1672 -92 371
1142 555 1007 1865
1939 114 1169 510
1572 779 1766 1657
1864 1183 -800 1401
1618 -1 -1522 1069
998 1660 -619 444
1760 1649 -153 1759
1244 948 1180 402
783 -662 -952 55
1341 -200 459 402
1040 -53 1930 478
1800 15 1176 1398
70 -1655 858 205
1999 -5 1765 1175
1695 1679 88 333
1971 -1740 -1211 733
206 -1718 186 792
581 -1345 -1788 835
1123 1378 711 1558
566 87 -1929 496
704 -1323 -1020 768
870 506 -669 1438
645 -940 888 128
1816 -146 -1381 661
371 1368 393 1902
1771 997 1306 336
1196 -1705 -1127 707
354 305 -470 422
192 -233 1498 344
1420 -1893 1682 241
1456 -507 386 727
315 -667 -1674 617
494 1073 1879 40
496 -1736 547 329
283 1818 172 276
1932 237 1962 200
1190 541 -247 853
288 -1346 -393 1456
1331 -1712 1469 1778
77 -1680 1841 1129
1840 1212 1133 694
1907 1449 698 1118
592 940 -1950 1977
1861 1949 -812 1398
115 897 1180 1029
338 -132 236 1467
1195 812 752 1618
1500 -664 -1873 1110
472 -1097 1591 793
868 32 753 1983
795 1598 754 771
795 792 1675 1025
1350 -1568 -225 1514
1858 1929 -248 1203
1321 -586 -1310 21
1546 489 -456 1855
150 -1837 979 1696
580 -1478 -461 1373
1997 -1409 109 833
1920 -467 -846 168
