2000
717 -659 -758 190
918 1510 -870 963
1899 1857 542 825
244 -1893 -1753 375
1663 -774 1278 663
330 1930 581 24
251 -1827 -1280 478
1880 1177 -1868 241
1263 -843 -732 1178
1760 1478 623 89
1837 -983 -1768 1953
113 -857 1370 490
502 1229 649 1871
1933 537 -1965 398
1354 688 -998 1611
758 -478 -290 1260
748 1721 1976 1198
780 -1424 -688 1855
362 -132 1913 1010
863 994 -1043 382
295 258 -1143 111
514 -1865 -504 148
852 1211 109 1903
22 -1292 1668 1432
658 627 781 426
458 1018 -1942 1349
337 44 860 442
1024 112 217 1010
1315 60 -727 408
1082 -1476 -1974 1674
857 1813 -522 1372
696 75 1716 660
1939 1414 -1567 1759
250 129 403 235
51 -1022 399 1627
1731 -1035 -718 935
985 -1632 -1421 1033
1395 -1806 1362 144
1223 -39 -31 1665
364 -438 -737 1905
990 -812 504 1372
1869 1741 -1977 1570
1630 1815 -147 1188
1513 -99 137 891
1449 1623 -1281 242
1407 -1493 -126 183
720 1758 1792 110
210 1912 1230 110
1299 -339 1951 353
1538 1705 503 1896
1412 27 765 149
1136 -1847 1353 752
1507 -1739 1058 1587
1950 91 1907 494
1843 725 -1846 1459
507 -215 1372 779
579 571 364 351
361 465 103 1935
212 -601 235 31
234 1079 -1174 485
744 -245 -817 1021
1070 296 425 1797
800 -146 1733 673
1158 -812 -617 616
1932 139 1554 1093
803 208 -583 39
158 -552 398 1649
214 1406 -515 618
935 404 494 1343
1185 86 1469 988
407 831 250 359
403 -555 -459 581
1632 -1610 699 1347
1199 1835 -235 1198
1715 1856 -1559 1547
181 -959 -438 992
288 226 405 1385
1398 -1958 -1999 324
425 -1071 1335 869
1875 -1204 -1159 1683
1455 1478 1215 1401
909 -280 -123 1382
1058 1675 1149 973
1909 395 978 694
1203 1330 -1785 635
1837 -1152 1192 764
1077 -258 918 1323
228 769 1788 1185
823 839 -1379 551
1965 -1612 347 766
507 -1019 1097 712
1176 -352 611 460
737 1619 198 998
1494 1055 -304 980
667 472 -1832 106
920 1350 -402 239
1658 1741 -1556 1934
384 784 441 214
1822 -705 -339 155
685 -676 -1383 1234
1737 1062 -304 1225
1410 1310 -785 1932
236 -1636 -998 465
815 1460 462 1326
887 -195 968 221
228 1261 -1597 1423
1756 -1949 80 598
1412 -1254 1771 569
1515 -1425 -764 1556
736 45 677 661
1606 589 -926 176
743 763 -548 1884
1742 1365 -1638 148
331 1428 404 1879
307 272 -1226 889
1022 1169 806 800
167 932 -1797 1783
1312 186 1005 686
1019 -1955 -91 888
1090 -243 -30 939
640 774 1042 1364
1365 -1751 560 1873
1685 1855 -1165 1940
810 -1474 -760 1799
190 -494 1993 451
722 1796 -560 391
122 1112 1991 407
639 -1060 -1736 746
1083 -1518 682 1212
1120 1810 344 522
642 248 1928 424
1224 -185 1781 910
1551 499 638 759
119 -1800 1609 737
756 -472 -570 1999
446 -710 -742 442
1937 1489 432 732
526 346 115 835
1112 495 -1622 84
632 -1453 -1900 470
458 688 -1280 739
1950 1511 687 58
1096 448 -111 1071
447 -1069 1333 1498
770 -1767 1150 1316
398 1876 1876 1389
857 -206 -1216 1529
1787 -741 -1843 926
1567 43 1679 1159
1207 -262 -497 1220
1365 -1985 191 1672
1955 434 605 794
236 1769 1079 20
896 1942 702 391
1268 -1241 -1810 501
1472 162 -291 1462
911 1330 -1287 1604
1138 -938 -320 1806
1950 1060 1259 1321
441 -731 -781 1386
1233 581 -1310 205
869 584 -791 1681
1370 406 267 458
455 437 -1334 1406
41 58 1555 1704
272 1492 -555 1321
736 -869 -811 593
1857 -1068 -14 10
1696 793 -1888 254
1980 -38 -1484 1804
729 1989 112 327
656 828 468 1287
1629 -1789 1024 646
272 982 1839 355
1533 -1129 1149 995
1372 38 1373 427
1321 -15 1788 311
1813 -580 935 1047
1379 703 -1205 908
124 1171 510 1903
1563 1531 -1167 1803
1778 312 -328 126
1316 -446 634 1260
152 -1312 1839 1084
285 1764 903 1545
1040 1828 -1108 1394
343 1977 -393 1738
1626 -1934 727 600
276 -1187 -1691 1145
870 -191 -1902 1977
1781 -468 715 1326
1671 -1565 -1077 1869
234 -214 233 1362
1038 -1710 1724 1421
1765 -751 398 336
426 304 -799 18
1991 -669 1573 942
1357 -55 -1372 1493
1760 -1523 -586 1752
809 -891 1756 463
66 549 -721 1636
269 -89 -218 41
382 661 -1558 1342
684 -1577 -1282 1019
1620 1388 146 29
710 -1484 428 1136
134 771 1444 218
76 -1796 655 656
869 -695 -1209 1903
1343 478 1189 516
513 -100 544 1988
1585 -473 541 1861
1356 -515 -513 643
385 1140 -922 1116
1830 1918 512 1172
1954 -395 811 1586
1809 -685 -1631 1537
868 1567 908 1232
414 -649 -1307 1619
408 671 1004 1423
1997 591 669 146
1999 1823 -308 584
592 -1749 -1511 103
410 -1174 -1834 1236
168 1483 -1547 908
1642 1705 540 1725
1141 -1342 -1165 281
705 643 -201 1658
1417 -154 -265 632
1646 1281 1365 1829
501 -605 -1890 1874
1476 676 -428 551
777 740 427 735
179 -1921 1884 1545
423 -475 -1973 120
1036 -300 340 1636
1743 -1380 385 552
384 -1026 526 1729
195 -1152 1968 229
945 989 698 266
1572 1085 989 42
142 -943 169 1926
1682 1700 1413 800
314 -1680 -1052 799
1328 1315 144 1119
148 -760 2 1118
1100 1526 -1631 81
111 -682 -1386 1069
1610 142 -659 1198
267 674 1221 1795
473 660 -122 1535
473 -884 685 1674
442 -1289 1339 1055
939 -1199 -89 1996
1311 98 -1142 1988
1680 -1926 -177 1072
1145 -1911 -800 825
347 1480 517 1200
1113 540 -1862 215
1692 -1238 672 598
655 -43 1084 758
1475 -1422 -892 1881
797 -335 -545 976
451 788 -1966 1411
243 -25 -1490 845
717 -5 1560 158
1123 -327 1794 1943
1104 -480 218 849
1582 -233 -1094 215
1982 -345 1978 807
37 97 -1336 260
329 838 -933 727
456 1497 1581 10
833 908 -917 1803
792 325 689 912
1830 19 -1265 1901
1848 190 548 1455
1147 -1162 845 692
1014 1754 -583 1
1233 -1475 -299 1163
1110 -425 213 1918
1415 855 -1326 873
135 713 -177 1024
655 1714 1343 1577
1915 1462 126 192
555 -758 -1844 67
1571 -152 -190 1109
1035 502 919 1103
1615 -770 477 347
911 1977 -1203 824
833 492 446 953
794 -446 205 325
857 -448 1160 1688
1661 736 -1891 1265
1449 955 -336 866
231 -451 1274 132
1810 1190 -1608 1728
1882 -662 777 1782
1252 -1313 -194 1178
1608 1410 -1475 1746
1249 -620 644 345
912 -943 -1418 1712
10 1600 -1165 1624
1861 -42 -981 1400
575 1427 510 1485
535 -197 352 853
722 -1126 1809 195
1927 1741 -1072 735
1924 101 940 915
839 984 -1454 1999
917 969 1516 1685
1686 1689 -638 1277
1927 859 -37 675
423 -288 -265 68
1994 -1608 -1058 853
921 513 -555 396
560 -1995 1214 68
47 585 1427 990
1786 1358 763 1227
873 -827 -1294 1619
1240 170 1428 1696
1480 472 456 1763
1180 -516 -951 335
61 -402 937 1737
391 67 -685 830
1066 714 483 1405
201 -1438 411 1625
446 -1629 -1692 904
324 -875 -1895 70
1772 1615 -838 211
1977 -1201 1829 1073
164 1859 -1565 1655
216 38 186 1888
855 -632 983 221
1411 509 1498 1791
70 -1056 1250 446
699 1642 311 485
450 1146 -751 595
1120 1643 901 635
1372 866 -1362 1941
1364 185 -1335 1339
1846 -996 1018 749
1607 -1687 1550 61
703 -1925 -1575 260
1723 207 1139 1739
1450 -74 1101 1091
977 -849 -659 526
679 777 -1325 355
393 -149 -1495 749
1463 214 317 109
581 -257 -761 1812
427 1336 -833 1930
150 -1905 -1540 1050
1477 -808 1702 579
972 -419 -1647 616
1652 1308 610 1105
1065 -998 222 1928
1547 -238 1669 1069
702 -221 599 163
698 1292 537 944
427 422 -14 1697
305 -732 107 1459
866 -1227 837 1051
260 951 91 1680
371 -375 -906 43
193 -1849 1102 958
1808 1416 -1370 1738
858 -1039 -251 1127
1546 -1808 -1105 736
336 971 1265 1380
625 -848 -653 7
1109 1427 1039 1342
744 1693 -549 71
1449 -347 1284 1375
269 670 1460 681
77 832 -1900 1758
4 1675 -130 984
1954 -1749 -985 485
1468 1867 589 1482
617 -1241 -1635 1646
150 -154 137 714
291 -936 980 592
1220 -1513 -734 881
1362 245 497 197
1671 -1312 -739 743
1685 -1253 -222 599
816 -571 -509 1334
1055 -576 1912 1293
1279 907 834 1814
592 695 939 1905
230 -654 1143 673
1129 615 1430 1597
1989 -1227 -1886 1071
203 1674 694 1240
1006 1232 -1025 842
103 -589 -1367 941
1602 -1490 -834 1114
1007 1766 -769 1907
1554 1103 1461 681
1730 -1104 -1978 980
974 -590 -1015 368
1443 -1058 343 906
1639 -1123 -1422 1014
642 -245 244 60
688 -732 -295 263
608 -66 448 117
1431 -1767 -1803 1642
1966 -414 -764 476
864 1500 -177 648
477 1238 -44 684
1018 420 -256 491
831 -1192 1416 1692
727 -313 -1175 683
1875 1908 486 423
328 290 -1386 1058
476 1433 1631 1141
493 125 -647 489
218 -54 -1962 1262
1096 -1229 97 72
1694 -1797 160 717
873 -1636 1916 1656
697 -1139 -1829 1641
66 250 -1162 1539
892 633 -1772 893
84 -1903 -815 322
985 106 1100 1905
1759 576 56 29
511 417 1387 1181
277 -1805 1883 1741
353 -840 1417 204
487 -1359 -707 1212
575 457 440 1958
741 1264 1250 243
26 -104 -1066 1219
1761 1411 -651 954
1267 -1882 1078 1166
108 848 -528 1579
43 379 691 1455
1702 1654 -49 894
868 1875 -541 1087
833 1336 1844 77
589 1188 242 934
1805 652 -4 1456
1209 -1516 1268 495
748 -555 1199 96
1976 1813 -1320 66
1951 -528 -1012 1976
218 1154 645 1096
918 755 -995 1870
691 -122 -354 778
1699 1930 355 589
1105 1912 -703 1921
327 107 200 254
1894 678 724 1477
1586 1429 891 1353
1940 1938 -1398 1009
982 -1710 -849 1880
778 130 153 1981
1220 -1609 -1441 1716
1083 532 -1290 1730
1980 160 -508 484
391 -596 -1926 1913
1152 -101 709 804
1359 -1757 919 475
97 323 280 1323
276 -1567 -521 1281
1039 -493 359 962
1352 1545 657 52
492 1262 -426 1571
666 842 -443 1197
40 -1684 1889 646
1581 -1989 1065 1829
1109 53 1611 901
673 1988 -983 1317
1284 1191 -1646 1624
1351 912 -636 598
613 143 -1930 1113
1520 -1347 1612 673
1178 -1319 1662 321
157 1806 -1542 255
1700 101 -1717 1112
1391 -209 -1304 1257
419 501 -1187 679
536 1320 -534 72
489 728 -199 392
311 -301 1312 294
631 -190 -585 692
847 394 606 1450
973 79 -394 1347
512 -107 1268 1358
1357 1547 -1364 1070
411 -508 1542 315
967 -657 364 143
1681 -1058 1256 1978
957 253 -1488 1711
1844 255 389 1380
1648 1226 -1247 502
3 580 -1223 1315
528 -166 -366 1438
113 -1104 -838 846
1296 631 -1633 703
1405 -292 -1762 271
1486 -1680 -90 1938
538 968 1383 719
846 790 -378 1153
1976 915 -1978 712
831 307 -1299 1461
1720 562 -1138 417
146 -750 1771 38
268 -1970 1103 324
457 1679 1727 478
1011 70 1029 1467
613 1148 -933 229
816 -1039 -360 1197
1031 1953 1604 1621
1491 -1819 -1461 692
1279 -1074 1190 294
1020 519 1158 1242
911 -1222 -1244 642
1694 172 -1894 1606
759 -1935 -597 49
234 78 -297 578
57 -735 -1605 1933
207 -1190 -1294 392
1510 -1300 270 638
1759 -1416 -1210 1679
1039 -345 -605 1134
764 -585 646 1474
1220 1887 1230 69
1574 -440 1302 1864
1942 -1752 1779 445
1181 -1530 78 1996
1528 869 -1404 335
612 433 187 1717
232 1174 148 1555
732 -1981 -878 1534
1754 -1410 -1116 1938
212 -815 -990 990
1309 -53 1632 1974
638 -1420 -1360 816
1123 334 -1606 391
524 1061 145 491
45 -1334 674 47
1934 -1472 794 1802
267 -1738 -1917 1799
1380 -1239 -6 757
1775 -89 503 1831
1969 41 -1691 196
1817 1126 -1919 440
374 -1210 -1469 50
1659 -146 -184 676
82 -1506 784 902
438 -1177 -213 260
1687 -1695 653 1643
314 -1550 468 848
1463 956 755 217
73 -1401 1676 129
1969 1486 1881 232
1188 1141 335 1857
1960 -599 -1895 995
891 -67 1543 1753
444 1443 1099 98
768 -906 1732 497
830 -1706 -1379 814
596 -260 178 1139
976 1358 1610 15
839 1811 -674 935
33 -823 1062 1824
1707 1047 942 358
820 1591 -322 873
320 -1229 1906 619
1768 -900 1073 1795
1656 -518 1618 412
528 1482 -1216 1526
852 -1896 -369 180
1212 -1348 1736 493
308 847 -1572 1052
141 -1094 -1049 1824
1562 -84 337 908
612 -1151 725 1160
1735 -1390 1184 158
1779 -186 1667 1214
1147 -33 835 1770
809 604 778 395
328 -414 13 1482
1817 1059 478 232
1007 -710 763 1046
1795 -1428 -1697 1742
1808 186 1740 488
248 1699 1189 534
1597 1685 1380 441
745 -143 -129 1640
855 -584 794 80
855 -1215 1387 959
94 -1877 651 1865
531 -994 -148 1683
1972 62 -1655 683
1455 467 145 77
1033 1762 -1462 271
1162 1827 -1994 1798
1935 1405 -587 719
135 -1283 -49 583
199 585 1603 1859
822 1253 -1568 250
433 550 -762 21
1880 -525 -1832 710
1343 741 371 222
462 -1582 -224 597
1922 -1169 -1558 678
1306 1884 -1080 1632
218 1273 1082 1574
1371 1063 437 80
505 -232 -1477 1240
1540 346 -550 1710
752 12 604 485
389 1802 -1239 1043
1343 883 1374 1781
1582 681 -1098 488
1432 1827 -283 1425
1987 508 1045 838
1067 1301 -1475 723
1906 372 -921 1095
58 1690 1262 420
1725 214 -655 1010
1142 734 -1569 492
118 -792 -1120 1601
367 641 97 900
204 834 -1615 1101
664 1608 761 343
482 -1403 -194 16
607 -313 -1101 1179
1800 664 401 1649
1928 -256 -1967 1595
1711 -1846 -657 826
66 -1312 1247 912
1752 693 -44 1988
446 385 -932 1682
1300 950 1861 393
494 1089 989 347
149 -916 959 1440
1907 1891 -1766 1955
170 209 17 1635
1086 -1200 -1421 1268
1638 -276 -814 588
303 1859 1304 310
1593 -890 203 594
1032 1833 -68 803
260 1796 -1538 927
1017 1828 -873 51
744 -435 246 797
1284 -612 1187 976
838 -1112 1782 1475
106 -586 -1463 466
1472 -1731 295 108
252 1789 205 83
293 -1634 1260 1007
314 608 -1611 459
1032 780 -1167 1719
1109 39 1425 292
265 -599 -215 1307
1904 -1017 -1604 1591
265 1766 -1727 1494
810 -190 470 1659
409 -1211 1604 1823
724 -17 -501 1276
1994 139 1778 1153
1264 526 1756 17
1678 36 1100 1027
1567 -1862 -1319 1059
1172 1549 -17 960
1746 595 1292 1164
1071 -227 1760 1775
921 590 332 1925
495 100 1141 459
1846 771 610 1110
117 -1186 -267 1644
1257 1490 540 264
274 819 145 1386
1812 -1203 -849 773
551 248 610 544
88 870 -1459 214
566 -1292 -90 1525
1845 -1018 -947 883
1246 -883 -1505 724
1261 771 830 1381
1042 -1900 -145 1109
1809 -593 1546 918
530 -286 -1498 1313
1681 -1431 -841 255
767 -120 708 944
31 405 1644 600
394 1059 -1581 541
460 192 -1029 907
1460 584 -751 1872
968 -545 -995 1008
1583 -1887 -1348 1153
437 -1421 1770 816
1050 -1974 -527 923
1219 -565 -1791 165
1656 567 -1608 678
1396 1517 -1871 1000
425 -1434 755 1659
473 -788 -1091 1585
1358 785 -292 1299
930 1949 281 1466
1864 291 443 1927
913 111 1391 571
936 -962 718 1935
359 107 -1935 254
47 548 -638 102
1396 165 -1218 1675
127 -25 -1901 724
10 467 1098 556
1319 -774 -726 1794
1818 -957 83 1593
1322 -298 1029 377
1076 632 1007 1164
24 1950 913 754
1114 -560 -740 1853
1586 798 792 918
269 -1461 -962 1382
1785 1269 1855 958
1405 1957 1126 1136
1439 -1401 1 531
1788 -1090 882 1379
211 -829 617 366
858 -678 1531 1224
1592 1671 220 1432
425 -414 1016 1977
222 -473 1460 1098
1770 -1427 -493 62
790 385 -66 1565
1581 -858 1834 1713
1601 -183 1812 378
68 1622 -1031 1563
1680 276 1339 938
256 450 -279 1860
468 -1272 -1181 1926
1217 870 789 293
1743 -1105 1330 583
281 648 675 1064
96 1184 1407 198
1113 176 -97 1941
1434 1711 1859 93
1121 990 70 1495
1677 -1265 -437 1891
1811 -1353 1317 52
1146 1173 -669 18
287 -213 -210 23
1026 1017 567 1491
1799 -1029 -1280 1721
1927 553 -210 191
1356 -1814 1531 1442
24 -1949 123 255
1503 204 681 875
1640 -139 -994 269
1200 1472 338 286
614 921 1296 1296
736 575 1696 612
1477 -697 1574 1010
610 -1512 -445 1205
1989 1190 -1514 956
1349 23 -1506 1963
1847 974 365 232
826 1986 -413 510
221 -517 -1400 1069
499 1902 -1720 648
246 88 -1010 309
849 499 -861 1825
869 -696 20 58
1621 -131 825 739
234 -1209 358 1443
1887 -329 515 950
725 -419 272 1834
1009 -540 -852 1348
761 -149 449 121
1899 -830 -870 1765
1431 -1705 1793 647
319 -1558 -640 99
510 -302 1002 1151
830 1899 1452 1526
1920 -654 1554 488
1897 -1550 -778 792
687 -1759 -1870 621
1920 -903 691 257
1995 1967 -743 997
1348 -30 -1694 1147
1093 508 546 651
888 -43 1617 718
846 1553 1507 918
1723 -1068 1094 1636
423 1264 555 913
1374 1539 1575 838
721 1522 -783 1091
211 800 -344 348
1629 -83 -1353 1783
875 -1684 -946 1343
717 -1734 -1235 596
647 1743 757 329
97 1453 -1352 1621
1175 101 -1462 1666
1625 1475 1151 1089
1101 338 -259 1092
296 1963 -1754 1011
1065 1020 -668 1816
543 405 -1871 643
749 -650 -1662 1942
1901 -1333 143 873
1322 1616 -763 1879
660 819 -108 1088
944 -1036 703 1734
22 11 1740 560
33 437 1206 1321
194 309 134 385
830 -702 921 1835
1579 1266 63 1150
1415 -391 1316 1669
1217 415 -1650 1663
1966 -1838 1508 447
1877 794 -756 620
628 489 -1471 1266
233 -1796 1723 592
1577 1107 1088 1113
1196 -1246 -1801 1347
1663 752 721 906
1601 -1278 -1601 494
1174 521 -1959 1424
1991 -1815 -433 601
208 1644 -271 1876
689 343 -1586 1039
1838 -437 1954 1630
815 1570 846 1448
1360 1401 415 1240
1138 -607 -792 509
680 -1479 -1426 746
1467 1905 -640 1287
311 -1855 1053 1022
1996 1968 -766 1007
797 -1228 1824 156
1540 -585 -299 350
1548 -1342 -1712 1774
1158 -732 1773 76
1397 -1173 37 556
1762 263 -1817 772
1016 1254 1068 1440
1017 837 1842 46
711 1944 -955 1778
828 -506 -1003 1651
99 -951 -496 1340
1036 1540 961 1676
348 1559 52 1223
250 1908 1073 1826
532 -1735 1986 1530
904 -663 384 1230
859 834 1560 193
1509 1242 800 281
1971 616 1508 35
1492 1421 -95 892
525 947 -100 153
1237 -1368 -1980 496
1177 645 1912 445
1561 1801 -1757 750
1353 1398 -463 375
17 283 1275 1919
446 -1356 -468 1665
543 525 -530 349
1896 1182 -984 1876
498 -1376 -104 927
1977 901 -88 664
1021 -1997 416 1519
738 256 965 1046
1488 832 -407 1254
1091 -1214 1533 1816
924 70 283 1661
1582 -1471 975 151
834 1065 936 1501
707 -1815 1276 1195
1763 1189 -1124 111
1636 1861 142 334
1632 476 -1687 1165
786 -402 954 440
1035 -280 1251 894
1950 1460 1247 2
1235 441 54 508
520 664 1535 1606
1115 1335 1728 1664
1185 -1623 942 1901
1235 -139 1454 436
540 -1329 1629 911
1116 -670 1838 415
1256 305 -489 1222
423 -110 -1240 971
150 -1774 -1129 1242
1013 -617 -1458 401
792 852 -902 1397
760 -673 1418 891
415 1574 785 143
1007 -1173 1642 352
332 1531 1906 1394
1869 214 1399 1306
207 391 1718 198
2 956 -1630 115
394 -1431 -1323 1557
1375 -967 -1322 130
429 786 733 631
165 1517 1507 610
1114 2 1085 1382
117 -1409 384 1050
1522 1447 1512 346
1489 290 961 1557
998 1317 1828 1069
552 -1095 1439 346
886 -926 206 551
653 -858 1879 211
531 -498 803 1330
32 1924 -1339 458
1360 141 -886 86
1010 -1919 247 630
108 1063 1757 669
212 369 256 930
904 -1922 532 1664
535 949 774 1285
1766 745 214 343
861 -1484 -98 330
151 498 650 1259
869 596 -1154 857
1708 -451 -22 886
1522 -984 -619 1562
1669 672 195 1632
100 -1830 -429 952
660 -1815 304 19
364 1947 -1568 1034
1577 80 1952 168
315 -1264 -918 1835
870 1433 1717 423
1730 -1131 -412 723
1484 -579 -598 1673
1587 1945 826 1114
1307 -147 1036 696
1805 224 493 363
165 166 936 589
243 -1464 -1938 1118
587 -986 -1419 32
389 -449 385 1435
493 -1851 1998 379
500 1915 -285 157
1901 1735 1872 1366
913 -601 -257 1164
700 1011 729 90
1501 -581 618 1409
170 -1581 725 1201
250 -1812 1650 1428
1529 1542 -471 372
663 -503 -902 880
169 1956 -876 667
983 -1625 -796 1885
668 -839 -1387 64
1994 145 -1004 596
83 -882 1520 1531
641 1553 -618 1085
174 -257 -1511 1446
1165 1231 1136 963
1727 210 -1106 1465
1919 -1568 -1494 1054
1671 -383 1764 622
888 -612 1155 1463
1206 -1012 641 781
1690 -1830 883 1495
1054 110 -943 752
804 -130 1428 375
1360 -26 1233 1231
1497 -238 690 864
1852 175 1327 1028
377 -655 -511 1451
260 25 1340 135
85 -965 -1220 1265
489 704 -766 1346
974 -1871 -584 1915
1275 1969 -430 1069
1430 1708 1205 306
556 988 -1728 1010
1276 -1563 -724 607
780 396 1869 1850
211 1581 -1855 1371
1437 -1148 -782 13
1499 -583 -7 943
1440 -1769 314 900
405 -493 1677 980
309 -55 -526 793
482 -827 -1215 755
1550 -1132 745 1156
979 1537 -237 1157
396 868 -88 975
649 1464 -753 1379
1679 -1884 1434 867
1286 687 -1168 1334
313 -955 -1087 776
521 281 120 1991
1739 1331 -1011 1559
1621 1718 539 1647
277 999 364 794
1034 -1716 472 1479
1209 -384 -214 106
1161 -1786 1657 1593
1687 430 -93 623
1123 1502 504 700
193 1245 -990 1474
1690 -1766 801 1754
520 753 1270 78
861 -594 -1580 1292
1421 -391 421 313
607 -663 -885 1019
1424 1678 737 1262
1263 -1203 1698 737
1010 -32 1191 598
112 -1388 -329 1765
1030 -1719 -937 361
1458 1049 -1453 369
1723 -207 529 753
871 946 -455 127
1042 -375 1410 678
1870 -944 1215 1030
1981 -338 849 1090
825 1640 1339 208
1853 -983 1374 285
1834 169 -220 7
1987 -1394 1440 353
1921 1839 -256 786
543 -52 -1671 614
1774 -1119 -229 59
835 -562 1213 1878
997 -1047 -1115 1068
1487 -76 -616 377
4 643 1533 1180
1573 738 -342 313
509 1263 1329 1397
278 1661 1699 30
1121 1311 1214 241
1427 45 1316 1218
1618 1529 560 1719
44 -798 1914 1725
1120 597 -303 722
1586 -1141 -969 985
1132 -1426 560 1641
456 1301 -1707 254
295 118 -1065 663
1581 1026 -1572 198
1346 1477 1295 1187
1058 -145 63 1482
1246 701 1945 232
489 -1604 -217 881
92 1072 327 765
979 1008 -594 503
974 -353 -516 1869
481 1938 210 1907
1028 608 -1709 624
1299 907 1882 286
127 1740 1286 910
955 407 1407 1202
927 1672 780 1730
9 1879 438 1560
1992 160 443 1699
879 -1221 1496 984
984 375 1278 300
606 949 791 1227
1345 -17 -408 1781
566 373 1085 1243
1013 -27 281 630
1209 -1203 -553 1457
1988 227 1931 410
600 -905 -411 181
110 -1025 614 1897
179 1952 -187 560
390 1405 1608 1595
124 835 975 1565
188 1972 1436 1387
180 -1953 464 1314
1634 194 -1988 1249
987 -757 1337 1018
1063 -1866 -1888 390
115 1051 261 1518
302 -988 -162 642
892 -1094 -1593 774
198 -1600 -1607 240
680 881 1460 748
706 1066 1924 1544
696 -1935 776 872
658 -1709 1099 707
1308 -42 -396 852
1287 1737 -1796 650
230 -29 120 40
1538 -843 278 838
1191 -1395 -1412 190
1877 1540 1261 399
255 -1471 -392 1678
383 109 -1716 176
800 582 -1133 1714
1299 1133 -1464 145
619 -1231 -1349 1074
1857 1257 -334 747
80 613 1773 920
1738 -1629 454 1367
753 814 -947 1788
47 -1260 -1473 1166
1535 717 1713 1848
1505 -1767 1835 1433
1626 1957 -1915 1780
1009 1655 1653 1649
1300 103 -344 1738
1745 -1359 1678 1599
605 -296 1686 307
1568 391 1924 1996
679 -901 273 1526
929 -233 -669 1521
195 41 1117 1567
4 -1559 800 1303
945 -1946 -1246 1269
154 -698 142 1015
707 1896 1603 1601
708 1908 1291 954
1194 -124 1019 349
1876 -1541 1581 489
1254 -515 -1666 754
1481 -471 781 1405
297 1475 1696 648
790 -1084 -250 1040
1172 993 1769 1592
1595 -884 -397 457
1319 765 -1384 1420
1689 -1501 271 1618
740 -828 -1280 1757
337 -691 -1755 900
1275 -885 234 291
1188 -90 251 360
990 525 -1777 311
243 65 -696 247
910 1351 -479 99
48 257 1089 1899
284 620 -294 512
1722 1978 -962 299
1288 -1439 1848 278
1732 -215 -1104 1537
1459 775 -379 943
1838 -1289 -510 1062
1472 251 1473 435
1385 223 1362 580
558 482 -1169 508
454 1340 -1719 1986
622 219 -1471 898
1734 -1032 -1946 1146
354 -752 1565 318
1451 -942 1939 358
107 1291 1983 1195
100 -1198 1674 957
234 -29 105 1919
1236 -361 1452 1865
1631 1510 -1507 502
1579 1669 1301 772
652 -1425 1285 934
1626 -939 -499 1125
1729 -1935 -486 299
1778 -688 -1857 790
881 -1781 213 123
1732 -898 389 481
90 -201 -630 1442
34 -1476 526 1149
1328 -433 -1826 599
747 -1884 -361 325
1282 559 203 1715
114 -1466 191 1376
1457 424 1513 496
1015 -516 1652 1993
1584 -705 725 1334
1995 -1912 855 711
1326 60 809 639
1199 1115 885 469
1676 1475 1554 1971
1572 -643 1099 1962
1660 130 531 1804
1436 1557 -1818 1681
911 -346 639 1843
1398 1693 996 513
1990 983 1754 1264
1253 1817 1980 69
1425 -217 54 1164
697 -1425 -1550 501
1170 -1207 1674 625
691 -761 -843 1273
1545 1889 -1610 408
1556 -884 -799 620
728 -829 -1771 425
1709 -590 -621 1285
304 1849 1068 429
512 1848 590 15
1761 -23 759 1006
1916 -295 1468 146
493 -962 516 693
1876 773 -1916 870
1781 810 -1222 1962
952 1747 -368 182
809 78 -1573 726
1865 -960 -1113 1914
1499 -770 -850 451
1160 16 575 1067
12 -635 1574 842
1078 1160 -502 1393
1868 48 -320 1683
245 1678 -1287 23
525 1120 1937 1944
68 474 -1309 629
1855 232 -1455 1569
102 897 -1545 836
52 773 -865 88
1371 -848 -1426 1276
1837 -918 -811 1317
1236 473 -664 200
666 620 384 594
1730 -1817 -944 208
509 -276 -1176 55
566 -763 -1684 813
311 -1429 36 142
881 -1509 1426 584
56 -1801 1268 1967
85 -777 -1406 842
1234 -687 937 340
1649 849 953 428
422 10 1406 421
1080 1219 -1430 1591
964 158 1202 572
698 -565 33 195
1806 -1754 258 209
1288 -1764 1675 523
1237 887 -156 1982
35 1596 1454 1671
1609 1630 452 1835
893 1562 -1131 640
156 1550 1466 434
501 -1259 -1191 591
1518 1036 1220 683
942 1460 -931 1821
225 254 643 464
1784 -475 945 339
1430 -1850 409 1578
340 -1623 1307 426
1325 -529 1792 1409
275 -1031 -1400 396
1832 1105 -506 462
966 -1579 431 1072
888 -700 1821 1115
1006 -1408 350 1600
29 -770 -399 929
397 873 300 709
1993 349 -923 568
306 -432 595 840
93 -1714 -1813 1161
1008 1900 -1035 754
1897 954 1966 782
1447 -754 -338 1900
383 952 1943 640
104 -696 108 1791
79 -1968 502 455
1796 -295 -243 1861
907 595 -557 700
397 1936 996 5
1684 -1538 811 1033
1154 -1210 -550 345
1099 1700 870 567
1238 556 -1736 314
256 915 1110 254
56 -565 -1504 1025
1844 531 -498 1016
1899 1720 -671 1016
1930 1640 -508 525
1407 -1388 1824 70
1745 -401 -1210 1718
806 1113 978 1029
1578 -1657 -711 446
1519 -1220 730 1135
456 398 296 1115
1516 -833 -1725 1291
953 -65 1350 1801
1823 687 1328 451
1505 -1916 -446 654
1448 321 850 417
1599 -633 1232 1862
1432 -998 -1376 428
133 -1382 -1598 1319
528 -143 -451 1950
803 997 -754 1165
481 -1420 236 1873
1900 -1241 -1315 46
1084 86 -897 1756
1502 -1072 -1206 1238
1426 -1501 -400 234
349 1394 -264 1563
501 -88 943 802
1688 596 -1157 1545
1221 -1471 -884 703
432 -1970 1433 1431
883 833 -173 168
1352 781 920 14
1008 -132 -655 1448
111 -297 -1848 1096
1597 158 1256 534
566 -55 1307 1709
875 1557 807 1805
495 152 852 1927
1275 318 1145 740
1675 -167 467 15
127 -549 324 1366
747 826 -1208 413
535 1147 996 970
1599 1909 1651 586
1764 -1453 485 251
1481 -1173 -1825 1664
1415 -1514 1165 513
169 -149 -1365 1800
753 -152 -1956 884
753 -271 1058 442
19 784 -743 223
1762 -1255 25 943
1422 149 -1297 1465
1100 1998 478 1313
676 -221 1041 173
1505 1015 897 1241
1157 -920 1957 755
1074 -517 -33 111
1921 881 227 1875
1007 -1714 -838 220
1531 -725 -1564 728
762 -1195 1429 1770
579 -1907 1040 1962
148 -351 988 578
1755 1069 -1427 1426
1821 -176 1534 172
178 1250 -296 280
695 1636 1659 1506
267 -170 -1143 55
434 486 -1548 572
1109 -337 -1519 423
352 400 -430 324
1779 -1569 -1912 1457
1458 1185 1891 898
1269 1083 -1089 398
1160 -1324 -466 288
812 1143 208 854
996 -1241 1390 1382
1209 1390 -1793 1620
1527 1781 1065 61
1390 -886 -1323 1392
177 1360 -363 1824
1770 1064 -976 1763
1476 1276 -237 1686
256 -386 -277 230
433 1942 1044 472
960 668 -1123 1346
952 1416 -540 208
1659 1751 1396 1088
1451 1459 -1604 1030
1538 1378 -1964 489
347 1816 618 52
1942 1372 -215 1622
408 -64 -169 1890
1880 192 1616 1232
1396 1421 1118 1274
1914 -1486 -1092 1152
463 -665 1664 260
1755 849 1251 207
59 -740 1240 1866
622 1123 1196 1222
969 -1258 -906 645
1587 1850 -119 1214
569 992 -862 445
491 727 860 1264
205 1280 1968 1771
343 -1054 -1439 565
1718 -1709 -1738 1577
169 -1718 -1908 518
1332 -80 -688 351
960 1953 1995 284
1257 -259 756 1719
1391 -1619 -1974 1344
1222 -585 -143 250
1286 1747 -751 1579
1883 -1834 -1185 1424
950 -1107 394 423
1738 -1600 815 1059
928 -1109 -542 107
979 -934 1795 1739
1477 -985 -175 1777
104 -398 -1897 657
1846 81 964 1778
1962 -826 -1208 1071
389 -1352 1322 1351
890 313 -1729 734
1889 319 -1174 714
856 -1037 423 854
1741 -312 904 1074
1477 1057 1474 1313
1177 -1784 1844 1753
1748 -584 -1444 1367
454 1131 1889 744
260 -721 -1736 1889
1141 -1252 1986 585
54 1644 1732 938
1831 1029 -215 147
925 -1612 -1816 408
878 679 644 256
1991 -801 -1167 1894
1097 -1452 -1088 682
1000 -1210 960 1821
1147 393 -144 568
1247 828 725 1877
100 761 1820 1876
1934 -422 -1442 616
549 -851 891 1800
1221 -1665 1765 1630
303 1873 934 123
263 -922 70 481
1348 1997 814 1256
354 164 1542 330
659 816 -958 678
1162 1884 -298 1936
207 922 -277 1904
1790 -544 1832 511
1415 926 1238 813
1663 1171 993 1246
590 922 1606 1895
720 -1496 -838 1174
964 -257 -1025 1912
480 -451 -732 1025
170 -651 1937 23
208 -1281 1597 1847
706 594 -26 559
210 305 1624 1858
571 898 727 1368
1271 -1682 382 43
1192 1231 178 1178
608 -777 -1981 649
856 579 -418 464
1741 620 -375 1448
1870 -91 -313 465
1520 -594 1750 1263
842 -1950 -295 1800
1593 1956 236 1703
605 -492 1468 1021
58 -975 -1722 1306
1000 -1714 796 376
916 1679 -1562 305
909 -160 -1452 292
951 -502 1759 644
1307 -1001 -1527 328
1829 722 -964 1709
1637 -1353 110 927
1647 -934 382 948
779 -1307 1423 497
1877 -326 1504 514
1710 -1166 -1421 535
1321 972 -1898 673
1759 -115 48 489
1484 -724 -1274 874
175 692 -737 962
622 1799 -1952 53
432 -1309 -1751 378
961 -141 1236 844
593 -602 762 1306
1589 -1433 -1576 1863
325 1121 -389 1642
1916 1200 778 63
732 591 1092 629
1575 617 -1614 1535
1591 1733 -1195 931
438 1989 393 413
1591 1529 -1525 381
859 1427 570 1045
557 -871 1410 396
135 1654 -919 1005
1882 1691 -1611 1465
1370 -473 -1926 1
864 835 1017 269
1830 494 675 87
1870 -1668 -1514 848
1772 -244 -431 1227
1671 257 -1242 1245
652 55 235 51
155 520 1446 1996
1560 -1618 -1173 955
1819 1788 1409 1782
1313 -1412 -391 1962
777 -1333 -1717 1188
1479 54 -1282 377
708 823 1094 543
92 798 614 914
734 -889 269 1520
672 -762 158 989
9 -1474 -422 1968
261 654 -399 580
1381 -1493 -1033 360
1196 -760 1238 1152
1267 1804 -745 1985
1061 1108 -1163 1592
436 1495 -1718 548
690 -1665 -1379 728
1641 762 -1921 1258
1396 1017 -691 615
803 354 -639 236
11 -1435 -787 1838
36 -836 -470 148
521 1456 -809 1159
459 -231 -596 1193
159 -1191 -1306 491
875 1171 -1975 965
1325 559 -225 882
292 152 -1018 273
53 -1663 1504 485
1511 1915 -1763 1062
1047 1076 -431 1246
1829 -1184 -1766 1021
709 -1099 1510 806
1440 -1781 -654 1888
208 -1403 888 613
455 887 1393 1782
1049 -370 -1033 1749
1565 -180 -338 1401
1376 1382 138 654
785 1325 -535 898
822 796 -1909 1065
6 -910 -866 1899
1438 965 410 1393
588 680 -1969 987
23 -895 1445 1276
53 -1539 558 1468
1394 -435 1670 597
432 409 1603 1911
1458 1150 241 101
1567 -963 1787 166
469 1733 -1863 1364
980 -12 1681 512
1871 1228 -1092 236
815 -119 1688 847
1423 1467 888 1989
753 132 -558 1853
407 590 1122 1353
507 -168 -1238 177
967 -1020 -21 1104
1278 -1897 638 1926
578 -1344 -588 1492
811 -1151 -1157 99
1558 893 -1086 1517
1379 -1640 1120 370
71 -1269 869 1813
1256 1601 1711 1741
36 1308 1075 85
1322 587 1733 1355
718 246 1915 1540
506 1580 269 407
936 -694 -1144 1454
617 979 189 1352
833 1675 481 682
808 26 266 1033
282 846 -62 1089
1192 175 -1152 1185
1877 1549 -46 349
1258 -1570 781 1163
1875 1538 288 22
912 -786 1284 271
1525 60 -417 1286
106 225 1895 149
443 -1482 -333 1030
313 -756 -1913 1496
1607 -1019 -926 734
398 1910 -658 831
441 1585 -1123 167
922 623 -59 1957
1939 -212 717 1547
1710 -1591 1147 1330
822 208 -1938 1027
1755 -1579 576 1886
578 -1872 562 263
739 -1351 -1460 1428
1017 -827 621 592
310 -652 834 1980
1020 880 -21 248
596 -1451 -666 1838
1659 -1142 1528 1080
1984 1638 1587 501
72 1583 1988 72
1978 1101 -557 665
1012 1390 -856 1778
4 1497 -396 146
1343 -722 -461 1966
429 1856 -1293 1435
427 1008 -269 262
1224 -380 857 1852
328 -578 -944 514
420 1106 1153 590
584 554 -1851 1403
276 -1486 1977 202
76 -891 -906 108
328 -1836 803 1512
132 -1035 26 139
1233 -1831 1128 739
162 -1872 1814 660
480 815 -883 1843
1479 -1149 1971 1021
615 -373 -762 113
179 -1186 -77 1058
661 979 1171 1542
1480 -771 1914 665
1341 1780 -283 139
631 -1943 -714 926
159 -957 -450 89
768 -427 -1517 71
140 -1578 1392 1113
1125 1939 958 976
821 648 -399 900
1335 -728 -1835 240
555 -148 457 627
246 41 -1908 1616
1727 -892 1099 767
1668 632 -1341 1786
675 484 60 497
1745 -1205 -861 1702
983 -1271 -1350 610
1279 887 1218 1406
171 -604 -1955 1291
1599 -1282 675 1146
1426 -1263 330 1221
369 124 -1418 324
604 -390 1785 169
1927 1912 -1357 709
1514 -1947 -1640 1136
1090 -1236 1085 789
1406 1443 1447 307
354 445 93 1197
999 -610 976 811
1081 599 975 1623
216 -305 604 785
264 358 -328 1740
1457 387 -577 1502
543 -1626 1785 1956
259 179 1746 123
1488 604 -1916 184
1359 1602 -1301 1650
315 301 -1229 1858
1238 -406 -1142 1706
1634 542 560 1611
617 -1377 -235 125
374 33 181 491
522 -816 1161 1892
856 -525 -1042 1804
152 -232 1163 1080
8 -1393 -1235 662
1142 1715 984 707
1207 1432 356 322
820 -940 -504 732
600 -926 448 1402
1267 1604 -326 1341
1562 -1144 906 39
1796 -1437 -1918 1071
1406 320 -539 1377
1288 1816 190 1724
743 1922 -178 1170
1889 -1724 -579 1115
899 -1469 264 450
414 1948 -911 710
790 1555 610 1691
2 902 47 1239
991 1881 -1741 725
1837 -1187 -1859 837
64 1880 623 666
1888 604 -84 779
1001 -1769 -1360 1202
1644 1412 1761 1824
621 1682 773 1223
1187 -540 321 574
586 -1910 -1123 161
612 -1108 1193 1935
1412 1220 1902 1658
450 -1651 1979 90
810 -1451 1536 1306
1660 -107 -1382 1994
813 -1642 1116 539
933 -928 -1094 70
2000 1220 -1677 1270
1261 1324 57 1737
1058 -1758 -865 883
565 -138 -1116 266
1204 532 -385 1835
623 1421 86 1044
856 -708 -168 456
1834 -829 1356 1934
1039 1732 -288 722
873 1497 314 35
1530 -1224 -1964 787
139 -648 1066 314
1881 -698 1123 548
483 16 -233 606
1934 -517 1525 381
1969 -1264 443 487
1705 -717 -1057 1095
1878 -867 -44 1181
1948 -345 1600 92
675 -164 -1844 1659
376 -1310 1313 325
538 -441 154 393
797 987 1794 314
730 -1890 -1289 1151
1293 -524 636 964
646 -607 -1847 1416
1977 -16 -906 589
1070 -980 803 700
817 222 285 1262
611 -1629 573 563
887 1152 -11 1951
1318 1562 1730 1160
700 1834 -1879 1194
792 113 116 1955
1696 -295 940 1623
187 -1414 1739 1821
1365 1056 -477 655
494 496 1604 30
1355 1732 1535 157
1860 1504 31 49
340 829 1129 1687
1469 -790 -1743 1374
929 367 -519 1176
762 -1298 742 1918
978 -922 -1659 985
1372 295 766 90
954 -864 1339 1106
404 499 1720 1739
407 1153 -1431 1293
1891 99 162 1017
589 738 -671 178
1243 -118 -1751 79
1770 -1460 636 1291
76 1928 -342 1253
1682 -1607 -556 224
150 -1470 -81 340
1460 -1296 -1217 747
700 -1202 -617 133
1762 -80 -212 437
606 1901 -1408 433
797 -515 830 837
1790 744 656 1073
933 1827 -121 1383
1739 -387 1012 382
428 -712 365 1202
327 1464 -1822 465
1250 1393 -1143 1311
132 -218 -1885 691
729 1385 1269 920
1570 -1728 1494 973
1794 -1980 -139 1461
546 383 1343 8
621 1068 1806 2000
1077 -1217 1401 397
1628 1565 -1689 482
700 -1539 910 1173
1584 636 769 915
840 -875 -1810 1161
553 255 588 1612
1947 1419 890 1330
409 -1916 -1256 103
228 -891 -1374 1321
801 -618 -79 1485
1926 -1555 -1744 1560
321 -53 -409 1926
817 -1499 1383 182
1947 -477 545 475
918 -915 -1075 45
687 140 -176 918
1750 1393 -1019 614
1775 227 -511 416
995 1226 1073 42
1100 -950 307 1441
636 559 602 1123
279 -770 -1415 1378
4 358 623 408
80 -863 473 686
1643 31 -303 979
376 1547 -109 1163
209 479 242 1533
786 -878 -121 676
1833 -128 -139 448
461 1901 -1878 1714
1732 -947 -1932 963
1770 391 -1221 1037
401 1266 1041 672
1836 -1362 655 1151
130 1194 1719 1169
1297 1499 1098 272
1417 -940 -1430 1613
1677 630 38 474
1830 -1054 -1236 94
271 1108 572 1973
1242 1384 477 926
105 -1991 -856 955
1174 1612 1198 1556
667 408 -52 884
603 -1722 -625 1738
264 286 88 1802
890 633 -1182 1050
286 1281 -158 1637
1556 264 -432 1627
1617 1047 631 1823
1323 1981 1333 1528
384 913 -340 1008
1311 1493 40 552
940 1019 1957 82
881 903 125 646
712 724 -280 30
1282 -493 704 953
243 -1958 -231 1627
883 48 1844 1372
1886 1714 -1366 1861
1685 -465 899 1942
283 -1644 -348 1587
889 -1565 -1122 1730
795 -991 596 1982
353 -276 -1396 151
127 1968 -908 992
269 -1753 1469 1408
1495 1433 1469 1042
1550 -902 -1821 1108
1077 650 1496 556
1429 1079 34 126
1049 -1526 -1525 1303
1939 1031 -1261 1174
117 1218 -1221 429
633 1989 1586 1444
1754 1396 -374 1735
1400 -492 127 115
520 -1343 1949 525
1442 -1549 1797 651
1249 1003 584 152
1767 -808 -178 1812
694 810 400 2
1911 1436 -845 1833
167 -297 -1183 1060
1109 1137 -1656 850
294 -1003 1814 582
418 -1060 -538 39
68 -1461 868 1618
1869 1043 1233 659
1793 -183 -688 1920
680 -869 -1190 1694
1839 -1892 575 393
517 505 -1478 1553
750 448 419 503
851 1220 1515 565
1552 266 177 275
693 -1328 1293 1810
582 1233 -394 581
171 -21 -486 195
1248 774 1335 1783
390 1051 835 1024
833 532 61 849
1159 181 983 1826
7 680 -1598 1341
1520 1444 1158 450
1190 1373 -618 1171
1184 482 -1143 809
1820 -1673 1476 637
970 873 1684 1984
1677 1941 1455 1411
142 -1650 -12 1760
584 809 -125 1391
1133 1259 1204 1825
287 -1114 406 585
1224 1439 -1593 110
771 -1239 -371 1051
1856 -1500 385 735
404 0 -1300 1630
838 -1830 -228 29
1748 1185 -1604 1642
556 -1817 -1098 785
1859 510 -211 1496
578 -1543 -182 1572
1315 -1261 -1512 690
1752 -256 1281 95
117 125 417 1104
1201 846 -668 187
153 -691 -1938 348
221 1491 -450 1297
1073 -809 -1721 767
622 -721 890 1019
1486 707 -1728 321
963 -321 -1373 208
64 840 -1225 1739
830 -1551 628 1050
1769 -233 -1090 1591
1409 1083 -262 1026
490 1014 950 1406
1708 129 1690 369
1939 414 -1255 1144
288 136 -1430 1376
1222 1575 -1931 1966
846 1985 -120 88
467 -25 -264 362
983 -1299 1939 1603
1164 545 -487 69
1436 1512 -1291 312
994 -436 -1436 1063
1599 -24 284 65
1126 726 1635 921
1647 1731 1181 343
824 -985 273 901
1215 357 -344 1171
1209 -640 -90 468
1247 -1398 -1721 1135
748 1406 1566 1358
1872 441 193 1298
1968 625 -1440 781
947 -437 1721 1382
1654 205 1626 1401
393 -1314 125 1397
1761 356 629 1788
1844 393 -317 1654
239 -410 352 430
483 1555 -1924 1491
1924 -1208 1690 121
1593 -86 1860 1574
447 1353 190 1621
758 1796 -191 1862
82 -1150 -967 380
587 697 -1320 845
1181 -1580 1582 886
329 601 -282 981
1043 -1247 1998 1437
210 1146 1965 53
898 1050 485 729
1765 595 1924 1224
894 -1791 1011 1028
421 -1464 -586 677
118 -842 589 1766
145 -415 -1272 1527
59 572 -1359 537
508 1737 226 181
544 -1432 361 485
1334 389 -1022 42
692 -1830 1335 1668
480 -490 -754 77
616 -1259 -1362 799
220 1603 -989 1897
1454 540 -459 142
1881 1547 1573 1077
647 -1894 -1425 618
1386 705 -853 1356
68 1968 809 1709
206 753 -1010 1381
1717 745 587 1391
1224 813 -1265 1899
860 232 999 906
1624 1363 -1228 181
505 949 571 1735
111 968 -1829 1870
1262 1899 990 526
1646 1943 -6 494
1516 189 1738 216
263 -1174 2 1661
1715 -1623 -1457 464
809 -772 -54 1462
469 103 -1441 1484
1095 -1007 403 497
323 56 -1058 615
1089 -1276 1846 950
1901 1116 181 1274
1992 835 1977 1344
1301 1279 327 1293
1677 -1580 36 1031
1340 205 -522 809
1825 -1764 1472 596
1522 -56 -1831 105
1158 -527 1265 1679
969 -1820 -739 499
1499 1215 -992 1923
1873 604 360 146
915 -610 211 1960
1180 1050 -153 463
1054 -1059 29 439
1659 521 -881 834
1197 1073 -1046 169
1422 -483 -769 1605
193 -1004 -737 550
984 1522 -1624 1728
811 272 -168 1241
279 -72 -1479 1197
1660 -1700 -1937 1242
543 1738 -1236 180
886 1669 -280 1266
1039 1690 -1522 1423
585 -159 -1824 730
136 -1969 -1075 1590
501 543 1854 1771
44 1833 -302 1027
589 -141 788 1822
1196 1668 1952 1022
1889 1959 1914 860
