85
14 1805 1374 1097
15 262 -1301 1834
15 1911 1307 1004
18 -10 100 1295
19 -1434 -392 1457
11 1106 1666 1961
2 718 45 1058
5 108 -1049 1824
6 1572 -783 1927
19 -115 -825 1828
4 1034 -855 1005
20 108 718 1389
16 -346 1751 1344
12 1319 89 1707
12 861 -846 1780
5 -1471 872 1921
1 -249 -1314 1378
18 -1944 -1659 1850
3 -1631 -613 1932
9 1276 500 1754
16 -1435 1707 1916
20 -78 1339 1117
5 -499 1881 1219
11 -1125 1141 1735
10 383 -1811 1193
3 -1737 -107 1365
1 -1715 1534 1162
13 1227 -208 1331
6 921 -1089 1603
10 -1131 1570 1002
8 165 -720 1129
7 1363 70 1421
13 -1178 438 1502
2 -871 1645 1960
5 1560 1286 1263
18 559 1097 1951
7 226 1239 1494
18 603 -1126 1226
9 1727 -1425 1723
2 -885 101 1070
19 -58 933 1858
19 -652 -1055 1016
15 591 -825 1653
14 1143 848 1838
1 699 1231 1164
1 -376 328 1202
16 310 -1749 1455
11 -1749 647 1322
19 498 876 1913
15 1626 1015 1889
11 -529 -1144 1695
8 959 768 1359
14 -1587 -201 1523
1 1528 -1071 1519
1 404 -313 1380
10 939 -13 1063
9 434 286 1342
12 997 -632 1616
2 -1795 196 1514
13 1206 1734 1346
17 -373 -1793 1535
8 1895 112 1480
13 734 -36 1841
8 -1119 1982 1838
5 1490 1658 1479
8 1989 -1891 1705
15 1274 1674 1031
15 -750 1387 1568
19 1106 1946 1824
17 890 -600 1125
7 -1887 -1865 1061
19 -1665 -898 1357
7 1263 -833 1608
11 1754 -1608 1057
14 528 -1056 1324
16 1382 -316 1188
14 -226 637 1588
1 1554 -1618 1403
15 -992 -1456 1350
5 -790 -531 1337
20 1856 -81 1052
11 485 -1464 1674
11 841 -1812 1768
15 175 719 1706
16 1928 -1044 1464
