876
3 1089 813 1165
12 1752 -1286 1303
17 569 -534 1012
16 -1040 -1731 1536
12 1518 -1883 1954
9 -1241 1340 1927
8 320 1111 1981
17 -226 963 1984
15 1480 1856 1426
16 665 637 1080
6 -717 1509 1159
19 -423 1156 1359
13 -1256 -1436 1999
11 -1334 719 1789
2 -400 -1711 1643
1 -1375 1101 1176
2 196 -1891 1275
2 1972 1689 1093
5 -397 1310 1459
15 -1139 1030 1316
9 773 -457 1494
10 -281 1850 1152
10 1721 -1900 1436
2 -187 -1138 1204
2 1551 1762 1674
2 -790 -984 1721
14 -1577 -1963 1905
6 -1336 365 1404
3 -1431 -1365 1966
7 830 -1079 1439
1 1780 -201 1137
19 843 1553 1386
5 -738 831 1848
17 -324 -264 1844
18 1507 624 2000
15 -270 301 1925
7 -1273 -562 1068
15 -378 1462 1556
5 -103 -1377 1615
9 368 885 1138
6 1989 -1126 1894
6 -1393 -992 1143
3 1434 -376 1078
7 262 -1096 1152
17 -540 -965 1816
17 99 193 1552
20 -746 1913 1788
6 -1561 -1086 1703
6 911 1390 1121
17 1386 1660 1370
15 1491 1443 1040
17 -1530 -449 1889
17 1538 -1056 1833
13 1125 -1354 1792
9 1411 -661 1445
12 98 -523 1333
7 511 -1802 1647
6 1155 1832 1713
13 -1521 -1533 1654
5 989 1149 1981
16 -91 -1848 1343
12 1528 1019 1219
12 1558 -905 1302
9 239 126 1047
7 -1343 -85 1281
14 1520 -568 1310
14 -1258 -761 1158
19 1716 -1452 1100
9 -1148 207 1553
13 1871 -538 1146
18 89 -1905 1362
9 766 413 1932
1 -1933 -298 1367
8 -444 1027 1764
17 1198 -1749 1846
15 1651 -187 1248
12 -1071 -1858 1774
8 1512 -1342 1723
18 -226 404 1737
6 739 -408 1098
6 1032 -278 1235
12 1972 -1784 1575
13 533 -1666 1221
2 -1578 477 1463
10 1124 -1541 1127
5 1598 -506 1092
8 -1663 -1449 1899
18 -814 1041 1068
16 1771 -1309 1133
7 837 -681 1091
1 97 1394 1669
3 -1984 -572 1283
18 -519 745 1364
13 290 -1496 1341
8 -834 568 1289
16 -1514 -870 1133
13 -1168 1971 1712
15 -12 361 1718
2 -1360 147 1803
18 -670 1521 1695
16 852 1851 1649
18 699 397 1993
11 888 -1705 1205
1 116 -1126 1721
8 -1793 -423 1774
6 -307 1210 1319
14 -312 -1216 1193
4 1452 -507 1518
16 1246 -230 1420
6 893 1996 1723
16 181 893 1176
7 286 -744 1149
2 8 1176 1101
3 -1410 -358 1027
4 13 -324 1388
7 -1584 -986 1230
2 -781 1853 1328
17 790 -447 1689
7 -962 -790 1743
12 248 421 1192
17 1718 -1092 1627
15 -511 803 1247
16 -890 -285 1957
9 -1901 385 1467
7 -379 -1611 1239
5 1643 480 1803
16 -1318 -1160 1768
11 804 -151 1200
19 -501 -1963 1003
20 1428 872 1459
18 -1265 -735 1062
14 1469 -680 1191
14 373 -877 1062
4 239 -1454 1652
3 1467 701 1937
5 -689 -338 1243
3 -1717 830 1712
16 1927 423 1982
15 -5 827 1742
4 -989 1357 1804
15 -1463 968 1782
9 536 -526 1856
9 1840 1798 1202
4 -800 -1952 1770
14 538 -1438 1627
14 948 -1306 1277
2 1057 1925 1610
13 494 -919 1660
3 1596 -226 1917
8 -528 -611 1081
9 1372 -1473 1014
18 -726 1026 1302
18 -807 -1039 1432
15 433 -1872 1926
11 1386 -1025 1995
12 1349 -1399 1159
5 -1517 -274 1337
14 -584 -64 1254
16 411 115 1586
2 -655 -592 1061
13 -667 -1388 1883
9 -1892 -1896 1637
11 1558 -1860 1561
13 -492 1623 1993
9 1546 312 1158
18 -91 -1113 1415
12 -646 1136 1392
4 -122 -106 1341
2 1761 -1777 1134
10 1900 1013 1639
16 -1924 -1653 1459
4 -608 1681 1836
7 -1144 381 1738
8 1722 1222 1964
3 -1877 -1628 1399
13 -1559 -156 1011
2 830 -700 1396
6 257 -1011 1857
16 1646 -1337 1105
10 -1934 582 1719
11 -1749 1496 1719
4 1200 -382 1644
12 662 -116 1630
16 -12 729 1489
19 1841 1400 1862
7 -35 1992 1298
18 -199 1471 1585
18 -89 -465 1774
14 -1324 -939 1597
18 -708 -1137 1137
19 -823 963 1947
9 -330 1418 1753
19 -1846 -59 1321
15 -340 -1862 1758
3 -1093 1556 1894
20 -1685 336 1141
15 -997 1287 1685
15 427 1159 1598
1 -1531 -407 1584
8 -1809 399 1911
9 1516 -1598 1450
8 84 -1000 1625
2 964 1806 1474
17 -1516 1110 1691
14 -1074 -757 1647
6 -456 644 1399
13 826 -548 1649
6 -563 1289 1798
6 1946 1803 1424
13 1470 975 1917
19 -1328 -1653 1478
4 -1109 -511 1830
16 -1340 -893 1497
16 790 841 1152
7 -1200 -1275 1095
14 -1460 729 1523
4 -996 -749 1800
11 1189 895 1159
2 1280 -469 1193
5 858 -211 1803
8 20 -205 1196
19 -1887 -1929 1636
19 -1930 -612 1598
8 -1649 -140 1258
13 -779 -1879 1550
8 1277 378 1129
11 -1816 1302 1970
20 -984 -273 1594
10 257 1313 1024
9 84 1300 1988
10 1125 1306 1181
4 1051 1437 1878
20 -1515 1872 1438
19 -382 0 1853
11 -1980 -477 1775
17 -752 1980 1584
2 144 1100 1982
9 1191 -711 1685
7 -1538 -660 1466
11 949 -1990 1423
14 456 830 1792
12 -996 425 1814
13 -1763 1167 1248
17 -1866 -948 1479
8 1598 -687 1731
11 241 1453 1819
14 928 1666 1174
20 1076 1045 1367
17 517 1954 1195
7 572 -24 1945
9 -281 1804 1231
7 127 -769 1361
17 -1492 -1723 1414
12 1250 -277 1390
11 882 1230 1053
7 -857 -1580 1252
15 717 -1791 1029
9 148 1594 1465
19 1922 -1448 1473
19 -557 -1701 1792
16 792 -1237 1056
15 -1648 -277 1258
18 -726 -322 1440
16 673 951 1241
3 -1333 -1202 1277
5 360 -1920 1555
4 980 -1036 1869
2 1285 -1362 1690
17 617 -910 1435
4 768 205 1001
16 1964 422 1633
8 1574 -1196 1838
14 151 1824 1630
15 772 -380 1418
7 -1495 -1030 1254
6 -478 378 1136
1 -436 1931 1669
15 1521 227 1931
16 -1526 1164 1368
6 -1488 -836 1100
10 1196 -45 1512
15 -789 1787 1595
20 -518 -1630 1309
13 -1315 135 1954
15 57 -1584 1529
4 -1656 87 1779
3 1483 1012 1458
2 1888 377 1586
17 1730 -1065 1726
10 -535 846 1665
12 1252 1889 1756
6 1051 -1127 1862
3 498 951 1951
4 -1536 1073 1967
19 1479 677 1254
20 1557 241 1110
14 1540 -892 1946
3 513 -563 1561
9 -854 378 1493
6 1168 1262 1475
13 1661 1623 1809
14 721 1508 1060
10 -1009 448 1809
13 -1016 123 1107
6 -1861 -1032 1135
2 437 -1224 1927
13 -124 1448 1087
8 331 -1660 1598
13 1248 -1617 1589
2 715 1021 1966
3 -457 922 1279
19 -629 -209 1869
11 1451 -1428 1493
19 961 -1706 1974
11 -518 1061 1605
8 -847 1458 1783
20 -494 -1394 1637
9 -43 -677 1971
2 -1587 1405 1226
16 934 1878 1071
15 1738 383 1961
7 19 1521 1051
12 1721 -1627 1193
6 1282 1161 1568
9 814 -1746 1851
6 514 -1487 1273
20 -1025 -886 1102
12 1547 393 1561
13 389 1243 1663
13 148 -1168 1762
11 -1591 1582 1777
10 74 1505 1945
8 -1273 952 1622
9 -405 -1587 1718
20 650 895 1720
9 -953 1122 1434
18 -1281 1724 1936
13 11 -1490 1804
8 -828 1553 1493
9 1645 -77 1115
6 -1857 1570 1398
10 -1806 742 1055
2 309 -1900 1870
5 -1625 1453 1986
12 -678 -935 1270
20 1628 1819 1779
11 -647 1632 1731
2 -283 1033 1451
2 -595 -1416 1729
6 -1011 1122 1930
14 292 -1079 1425
7 861 -579 1214
9 -418 1772 1054
16 1708 1016 1483
12 -629 658 1080
9 -1766 -393 1055
12 -93 1283 1819
7 1103 -747 1716
17 -1818 941 1090
8 983 -1285 1020
8 -1370 514 1201
3 1562 -1669 1497
12 1848 -922 1461
15 -245 -1181 1061
4 1447 997 1769
7 -1110 1931 1361
6 -1470 389 1916
18 -1970 -1277 1664
18 -1136 -1374 1700
16 -1387 550 1988
18 -1259 -382 1379
14 -399 420 1905
6 499 -1792 1109
2 1593 390 1812
17 -517 -11 1731
11 -1573 -1753 1146
5 690 -539 1158
4 1988 -197 1775
6 844 -233 1472
12 -577 552 1420
3 262 -1209 1487
18 303 -366 1038
10 -235 -321 1381
2 36 909 1076
3 -1072 -1787 1842
17 1319 948 1106
4 -1911 -157 1848
17 1960 -1700 1251
18 1848 1889 1024
9 -878 1483 1221
13 -842 234 1169
4 1556 -1916 1509
7 845 -322 1988
5 -107 958 1567
17 1789 39 1584
19 1859 1879 1315
3 -1064 -1124 1720
2 804 164 1041
3 -1870 885 1666
15 1425 -1988 1254
18 1986 342 1045
11 -1390 -1727 1617
4 -1865 1422 1713
20 1752 -62 1893
19 263 -223 1806
9 -851 113 1249
19 1277 1586 1662
9 346 -435 1236
14 -434 -172 1075
12 162 -1708 1708
17 -825 1656 1208
7 -465 -1199 1133
1 1650 1328 1862
15 -188 589 1383
2 -1977 346 1322
9 164 -657 1696
13 -1873 -1546 1115
2 884 580 1134
17 181 1797 1377
12 -1865 1926 1862
17 -1317 1936 1430
3 1972 766 1211
18 709 -1897 1450
15 1265 1129 1927
14 1029 1926 1580
7 -528 1438 1590
2 221 -250 1874
3 -1184 515 1512
11 -328 946 1202
17 -371 1397 1833
9 1033 1526 1308
4 -621 -1760 1294
10 -290 -1285 1272
15 899 816 1987
10 1965 5 1471
5 -1301 1084 1941
19 1209 -1532 1137
5 544 -1663 1953
10 -1710 1768 1729
7 -97 -1634 1034
15 54 1361 1527
8 -363 -1146 1225
16 41 -20 1251
9 -433 958 1158
18 388 -1213 1851
12 -1258 1204 1549
9 994 986 1738
4 -324 -1226 1005
3 1351 1345 1818
20 -635 1293 1562
17 -1989 -210 1275
11 -1760 -1731 1744
15 1512 1325 1588
8 15 -279 1587
19 -1073 -66 1328
15 -1999 -1267 1238
9 86 1932 1438
6 -70 -625 1654
12 -1077 -896 1604
20 1494 -42 1631
10 335 -1309 1399
7 899 127 1205
11 1024 -962 1388
17 -22 -1933 1005
6 -689 -485 1486
6 -1981 1996 1828
9 124 1612 1169
15 1572 1808 1928
12 94 -412 1930
9 1961 1817 1703
17 1303 -915 1722
17 -1129 1435 1886
20 1993 -985 1703
4 528 1579 1997
20 1180 1535 1213
20 -965 575 1173
12 -1888 816 1626
8 737 52 1085
13 -61 608 1904
3 -532 -42 1921
1 1671 1588 1643
5 -854 -1920 1552
17 -449 -1700 1501
19 -867 41 1995
10 657 -255 1121
18 -155 1867 1136
16 1763 -433 1134
3 -1321 1494 1661
16 -1046 1775 1311
8 -1161 -1100 1276
9 143 -1655 1282
8 -1604 1922 1343
2 -183 1904 1758
14 -649 -330 1066
9 -1566 -814 1160
18 -149 -180 1520
2 -1575 -1675 1960
17 1399 -1717 1028
3 -1153 1930 1842
12 940 771 1250
20 791 -1771 1024
16 552 535 1580
12 -1049 80 1538
15 1224 -1583 1140
13 -43 1510 1688
16 -1188 688 1568
7 1694 -1891 1029
14 1957 -925 1222
9 1739 1976 1906
5 -1646 -1399 1998
1 -431 545 1690
10 1316 -1303 1906
7 588 -1514 1864
18 217 11 1321
13 179 -932 1724
2 -525 -1310 1901
16 1097 -1426 1332
12 1197 -1114 1903
16 1342 -598 1879
19 1067 1658 1484
7 -1492 -1419 1469
14 719 1706 1444
14 142 -707 1312
13 -255 943 1090
17 1290 -1349 1651
1 -510 1622 1944
6 -738 678 1331
15 -109 -661 1442
2 1939 -1957 1297
4 1356 -1094 1286
1 -1353 -1161 1463
17 -1284 -55 1191
9 -206 -1006 1123
4 -1773 1998 1355
14 622 712 1200
5 1642 387 1706
18 403 -1353 1227
4 -507 -1283 1873
6 -1485 747 1213
20 -7 -724 1097
19 69 817 1177
1 -678 -1864 1263
1 -639 641 1925
17 1106 252 1515
13 -1819 -1873 1671
15 -509 -731 1393
6 345 64 1595
14 -264 450 1244
3 1644 80 1626
1 -1865 -987 1557
13 577 -956 1366
7 1350 1038 1256
2 796 -578 1463
8 1456 148 1193
3 -277 1769 1580
1 1520 -320 1033
5 -1937 769 1477
3 1565 -1778 1781
16 -1695 -1058 1083
16 748 1278 1767
2 1850 927 1641
15 1990 -1798 1710
3 -1326 1922 1533
3 1408 1336 1084
17 -707 -1871 1333
15 -346 1648 1856
13 -303 1681 1829
2 -1128 -866 1154
19 1161 1284 1686
20 1260 -1491 1372
13 -879 1918 1448
19 485 -412 1823
16 -63 1267 1372
10 -1540 615 1961
16 951 -502 1773
20 1665 574 1224
19 1640 -1156 1214
8 1308 -1919 1554
10 -1481 -1257 1234
9 -1884 1146 1708
13 1162 -566 1971
11 1945 -578 1743
6 737 -228 1201
3 742 1275 1720
17 1956 -1909 1977
14 -1865 -2000 1552
9 158 -199 1732
13 1659 -1657 1621
4 1228 -956 1965
18 26 708 1180
18 269 1881 1880
20 -343 -948 1125
2 -1873 186 1701
6 1651 1086 1209
6 989 -652 1940
4 -1107 1833 1614
18 -1307 561 1381
11 -639 412 1351
16 -1296 36 1913
4 -1667 -1583 1957
20 -1521 -1610 1769
13 -540 1433 1899
1 1819 -230 1746
5 347 -574 1922
18 958 564 1940
15 1328 998 1112
16 -1367 -700 1586
14 -386 997 1838
17 1405 -468 1643
1 758 -1782 1655
18 -1480 -707 1985
12 -271 -218 1257
12 -371 -1049 1633
12 1453 -52 1486
15 50 1249 1036
19 -650 191 1241
4 -1069 -1671 1752
8 -467 -434 1853
10 733 -717 1409
6 -504 -927 1715
16 -1418 393 1852
16 -1264 704 1522
4 -549 -1849 1580
9 1685 1820 1903
10 1173 744 1371
17 -1784 198 1082
8 542 692 1486
5 -212 210 1683
6 1391 763 1886
19 -655 301 1434
19 957 -1792 1806
18 827 890 1254
17 -339 1452 1858
9 248 -1052 1202
4 -1617 1525 1926
15 -1361 290 1666
7 -1046 -1179 1893
3 -776 1777 1848
4 1154 -1548 1078
5 374 584 1476
19 421 836 1380
10 -1114 1597 1731
6 1121 -1870 1273
20 924 1319 1118
2 43 342 1996
14 1669 -1129 1469
8 892 1765 1320
15 -382 1143 1400
3 -1559 -5 1513
14 -23 -941 1640
11 -903 1028 1404
10 -704 -578 1245
11 -366 937 1668
19 -1913 -1236 1590
17 -1373 1281 1196
6 -633 217 1742
18 1278 -444 1843
8 1639 219 1380
18 630 -338 1900
3 1510 1059 1119
7 391 -689 1369
6 578 1844 1100
1 1693 1230 1963
20 1753 1131 1350
6 -1966 1577 1087
13 -217 295 1393
3 -1609 186 1749
2 29 1080 1268
5 1494 72 1268
8 325 1332 1021
4 -588 687 1129
16 -1234 1493 1463
1 -1504 1396 1683
4 -1615 -859 1084
3 1947 -1164 1514
19 1634 -1363 1280
9 977 1969 1853
12 -676 735 1195
16 1207 1998 1316
6 1492 64 1492
19 -1528 -1220 1177
16 1806 291 1368
8 -453 -819 1364
15 1936 306 1567
7 -650 -1689 1491
10 -1258 1618 1456
11 701 -982 1962
3 1081 -1563 1046
10 -1149 854 1490
4 -31 -1846 1453
8 -824 -1701 1444
12 960 246 1998
19 -178 -1669 1707
2 -147 868 1941
12 576 621 1213
14 293 1407 1719
16 194 346 1172
13 786 -232 1724
19 -652 -1171 1421
4 -1746 -1897 1259
18 282 -135 1516
5 1762 -172 1572
15 -1242 254 1614
19 -1950 330 1805
19 -915 -1730 1702
1 -99 1960 1336
15 1890 399 1588
14 -751 1074 1667
11 -1367 1907 1836
13 -1058 -937 1842
13 -1313 -1206 1685
14 -1413 -397 1684
14 -35 -786 1040
19 1737 672 1633
10 1465 1733 1696
11 536 -1989 1222
18 -449 1574 1960
8 1102 -618 1958
13 -52 -1163 1963
12 -1366 -1484 1328
2 1839 -417 1628
19 542 -834 1707
15 -678 1237 1393
10 -1185 -1938 1715
4 -958 1696 1544
2 1261 825 1840
19 -1545 -1177 1868
16 1196 982 1465
1 -1987 1539 1146
5 659 -378 1610
10 631 1212 1708
3 274 -783 1093
20 -873 -1935 1154
13 -1634 1964 1030
3 -660 -418 1704
6 -713 542 1834
1 1394 1914 1563
2 1727 -8 1382
3 -16 1361 1210
10 1958 424 1049
18 -1783 1777 1518
7 1479 -856 1796
10 1457 815 1551
6 -1743 1410 1482
9 -192 -1625 1299
13 1174 1384 1191
11 -654 1182 1185
7 1547 -883 1651
10 -1629 -878 1961
11 1592 -1004 1598
3 -554 -461 1966
1 1493 400 1765
10 264 1543 1755
10 1263 22 1707
1 -491 -305 1685
11 -485 970 1736
16 -1046 962 1559
5 -284 790 1737
18 1925 -661 1345
6 -1667 -1234 1910
18 -836 477 1907
5 -990 951 1583
9 85 158 1817
5 -1171 1638 1397
9 -1596 -839 1584
2 1178 1188 1388
7 612 -1531 1180
9 256 309 1568
15 25 -1049 1525
19 860 -321 1452
3 -893 425 1339
17 -1637 1051 1772
20 386 -300 1058
9 1148 678 1082
7 -1045 891 1414
18 176 1172 1627
20 -735 -1507 1432
7 -851 1169 1753
8 -1311 -727 1614
16 1133 1969 1904
1 -273 1627 1861
10 -805 576 1650
4 650 397 1820
10 58 -977 1887
14 829 270 1658
9 -1466 -1752 1451
7 779 -1978 1188
12 377 1997 1390
13 -275 801 1662
9 -467 1671 1274
4 -924 -1980 1194
20 -417 1638 1865
11 -1977 -1714 1812
1 704 91 1950
16 -1934 1137 1651
19 631 -1471 1095
7 15 -410 1910
18 -34 -882 1385
7 439 -1529 1998
20 1321 -848 1598
1 -878 -821 1846
16 1407 -953 1384
20 1662 -1295 1380
9 -1160 -160 1907
3 620 232 1684
6 -45 -1948 1359
3 1520 -376 1994
6 -1925 -599 1808
15 -1834 1993 1207
17 884 1828 1123
13 1901 -713 1160
12 -403 -81 1636
13 1992 -1577 1109
8 600 1805 1061
10 314 -374 1841
19 -1255 -488 1881
2 1704 -801 1960
4 -1426 -1976 1479
13 -1941 1616 1787
10 1773 -341 1943
1 -538 1491 1167
17 -1576 -1105 1530
11 1718 -543 1666
13 168 -1028 1206
8 -224 1531 1269
10 -1485 -1600 1148
4 -1778 1869 1789
18 389 1919 1685
20 574 747 1244
19 -722 -122 1926
10 234 -95 1478
7 641 903 1101
7 -62 -144 1900
9 1434 1371 1496
8 -1672 -1738 1364
16 -1973 -1001 1199
17 706 790 1936
16 -412 -1823 1777
4 1122 -746 1032
14 541 -997 1975
14 1426 1315 1756
3 -1351 1297 1928
19 323 -815 1977
8 -1995 976 1611
8 644 1475 1420
15 163 1466 1162
8 1889 -1877 1539
7 694 951 1297
14 1066 -1138 1571
19 -794 1712 1232
20 945 -715 1649
11 634 -994 1502
18 -1214 -1395 1261
8 -854 655 1740
10 1226 162 1542
11 -274 510 1450
9 271 -391 1590
10 804 1943 1766
3 177 104 1517
4 -1331 1527 1709
10 -1704 -745 1502
8 -1564 -525 1924
14 -1889 -658 1868
5 -1004 439 1293
1 -1196 24 1409
6 -1175 -1062 1120
12 1421 1031 1386
15 766 -886 1523
12 -1169 -1349 1807
9 1922 -1954 1600
13 -1260 -1811 1086
2 -1350 -1720 1770
9 127 -1948 1401
17 380 -1967 1482
16 -1522 1068 1484
5 1881 -914 1896
