154
3 1929 -1528 1319
3 -525 -469 1200
1 1014 -73 1999
2 1777 966 1568
11 1511 -1464 1499
10 -1256 -1174 1559
15 1061 -670 1817
4 190 956 1600
2 -1907 -1406 1778
10 1410 346 1647
17 1550 1304 1412
13 -1370 -699 1464
17 1853 -278 1578
1 447 186 1052
15 -1146 1742 1777
12 -1688 616 1319
13 884 273 1579
2 -1234 -886 1433
14 15 -1788 1352
4 419 1436 1033
20 -53 1833 1884
12 172 -1036 1370
4 -312 1913 1891
19 1350 536 1351
20 575 -1675 1923
13 389 -1502 1939
7 1775 1179 1128
12 715 783 1164
7 1364 806 1974
20 1316 -1326 1296
10 122 -1517 1158
11 437 -1269 1023
7 1975 -1658 1897
9 179 1819 1069
12 423 1202 1380
8 1415 331 1530
15 -953 -832 1992
8 -1906 1952 1337
11 -1141 1426 1214
19 -930 -1512 1503
2 -567 -1283 1670
5 -241 -986 1080
6 -500 1594 1703
16 308 1724 1669
18 -955 -944 1887
20 614 73 1277
5 -324 453 1544
19 1589 1388 1759
6 870 1466 1899
9 1049 -1654 1501
15 -784 432 1115
8 76 -193 1714
18 -327 -1736 1856
16 1074 -135 1282
14 -1332 552 1378
3 -1170 -761 1946
18 192 -1249 1496
2 -1422 736 1088
10 1463 1464 1753
17 -842 -1108 1104
10 -95 675 1007
9 317 535 1710
17 -650 78 1108
4 1035 -1668 1850
10 -1161 1070 1358
2 -1579 -1380 1331
20 -1758 -1557 1461
9 1854 553 1696
6 -565 -1126 1068
2 -1423 1196 1789
3 283 1360 1681
1 -445 621 1540
3 -892 -1911 1584
7 106 -1210 1622
14 369 869 1581
10 -1500 1812 1885
7 323 1185 1534
11 894 -1665 1409
14 -383 -1650 1759
2 -183 1508 1384
3 -1307 762 1452
9 239 1811 1441
13 -936 788 1465
4 1946 -815 1775
4 1763 -1145 1134
12 1343 -1945 1911
1 -1453 683 1161
16 -1221 21 1556
4 1968 598 1887
2 952 12 1907
4 -1555 -447 1902
9 1407 -187 1845
5 1628 -1298 1841
6 -1893 797 1506
4 -786 988 1576
17 201 -997 1221
14 -922 -1439 1768
20 326 972 1203
11 29 501 1588
11 -1252 881 1345
6 1952 656 1496
4 -186 -1613 1344
7 1726 -769 1948
11 572 -280 1003
7 -1937 771 1873
14 404 -419 1221
15 -1587 -1374 1651
1 -74 -1567 1525
20 41 -1385 1291
6 -47 1207 1524
15 -534 -67 1258
9 31 -1689 1935
17 1636 -709 1316
20 -184 -1865 1950
11 1040 444 1849
3 1577 -381 1668
14 -359 -400 1530
12 -206 807 1311
7 -1366 -749 1076
20 752 -145 1325
15 -406 367 1809
19 1670 -1523 1769
11 -294 -1760 1230
10 -1566 -493 1282
16 -1384 1109 1229
19 1592 -185 1087
11 1847 1096 1203
2 -605 -1444 1780
13 1585 -822 1978
9 562 749 1138
19 -1186 -1657 1445
5 -828 1003 1121
18 -1207 -1089 1030
18 1071 -431 1943
15 -822 -616 1490
1 -673 1595 1509
15 1857 1045 1623
8 1872 -1881 1784
4 -1365 791 1657
4 413 1988 1135
13 -1466 -842 1436
1 20 862 1511
8 1298 -1084 1276
1 -547 -1218 1389
6 836 1029 1569
8 1468 685 1735
8 247 806 1337
11 -421 1741 1766
20 -56 1853 1813
20 -542 1163 1722
1 939 -57 1204
20 1941 874 1643
9 -128 -462 1231
15 -864 -1354 1587
