1455
2 -1686 1983 1078
2 1110 -1944 1150
16 1122 56 1237
11 -1028 -465 1619
3 -1416 244 1022
9 -855 -268 1305
17 1158 1296 1234
9 -311 1446 1181
17 1334 -193 1154
9 1955 298 1732
17 -777 1669 1401
2 1709 -173 1938
2 -338 -1192 1794
19 -1531 1598 1458
13 -921 1762 1050
8 1930 -759 1792
14 -251 28 1234
7 491 -896 1499
8 -869 -149 1179
3 664 1799 1405
19 1287 14 1058
12 -455 -547 1156
11 -1881 -611 1956
8 1151 -1585 1252
10 65 -163 1223
3 -564 -436 1923
1 -413 -247 1247
15 -1004 1107 1997
17 1847 -1556 1617
20 -662 -1365 1221
3 -1342 -1053 1938
11 1696 1853 1049
4 1108 1425 1843
10 15 364 1679
17 1513 1961 1221
17 1763 -1582 1736
19 1643 -1077 1746
5 1238 -1910 1292
6 -1965 -301 1058
20 274 -1230 1320
12 -12 -1543 1084
18 710 1370 1535
15 -1012 1236 1774
17 1309 -189 1362
2 1007 -266 1085
17 1582 1614 1985
15 -1337 1943 1053
15 -640 -105 1853
7 1155 -621 1441
17 119 -1303 1916
19 -689 1560 1405
19 -1785 1613 1177
4 1234 -1516 1972
19 -1205 -1683 1600
18 -1181 1218 1327
9 -1738 -1310 1910
8 -599 1391 1202
18 -781 -1693 1115
1 -1034 -622 1737
16 -850 1521 1714
19 537 -605 1242
19 -264 597 1759
20 -105 -1607 1043
4 -1019 -333 1707
7 1020 859 1839
1 -790 70 1120
10 1175 1406 1376
15 -109 1717 1425
2 -227 24 1355
13 419 1448 1674
19 -371 1037 1846
10 1057 -1887 1885
16 58 834 1885
19 1142 -967 1842
1 526 311 1295
20 1888 885 1820
6 1292 587 1866
2 1529 1354 1579
17 1917 -436 1407
19 1545 161 1476
12 -556 -525 1522
11 1368 -395 1694
10 -1879 -1323 1075
15 -1003 -1276 1661
9 16 -1345 1569
13 1673 -665 1688
10 -1992 -1108 1035
5 536 -445 1913
1 1449 704 1859
9 1884 -1578 1217
17 1636 19 1644
5 -82 -1758 1665
6 -1563 965 1337
2 11 -498 1954
4 505 -760 1951
10 -1009 -1977 1138
13 -1151 -1847 1504
5 1923 1922 1576
19 1429 -487 1943
8 -23 -1978 1096
1 -1702 -170 1436
17 -451 964 1567
17 -485 1993 1586
17 -774 207 1628
20 -212 22 1577
7 218 -1749 1847
18 215 -730 1811
11 -575 -17 1548
2 -1732 -215 1026
15 1230 1241 1275
20 -1280 1711 1859
14 -79 -305 1642
8 1289 -1950 1698
8 578 700 1627
12 -1189 -184 1297
11 -1192 -929 1256
2 308 -478 1520
11 353 850 1470
13 1611 534 1232
5 1039 -1998 1184
7 830 1204 1746
3 -1833 -1499 1915
13 -1370 -1104 1165
18 -1604 -1045 1123
12 -696 -498 1382
13 -63 -1786 1202
12 1471 -1837 1066
11 -1520 783 1234
8 1691 560 1879
17 -1766 -1572 1242
7 151 -30 1777
6 -1523 1890 1020
4 762 -5 1346
10 1813 1400 1788
10 1583 -539 1503
7 -723 -639 1950
19 1760 1707 1116
20 1320 -1921 1646
12 -1024 852 1474
13 -239 945 1279
10 1932 -124 1312
20 -630 1344 1669
14 -355 20 1733
9 -1858 -1214 1141
1 -500 -1993 1746
18 1442 -1744 1366
19 -1491 607 1936
7 566 1306 1474
11 -1962 -1230 1830
5 1981 -310 1555
20 860 1226 1814
18 -1460 -641 1154
4 -1855 -1664 1823
14 -1825 1697 1704
13 -1939 -935 1505
10 -1179 -1143 1022
2 744 1919 1173
4 -403 -262 1378
9 1827 206 1165
13 -1367 1752 1860
18 1738 -1415 1285
16 1753 45 1441
16 1994 -1736 1700
16 1078 1764 1536
7 1214 -69 1206
6 1148 280 1356
15 1900 -1380 1672
10 1017 -281 1555
11 -1709 1544 1051
1 1436 1328 1310
14 1377 1044 1018
12 1802 1094 1967
6 730 -26 1209
5 -89 -839 1235
8 -616 1610 1085
17 -1121 676 1840
17 500 259 1002
4 -1640 -1402 1770
14 -1274 1209 1404
15 243 -1888 1142
4 -134 -50 1050
3 341 -1616 1362
11 1245 -601 1384
18 -1099 -367 1548
6 1765 -1823 1684
13 -407 -1266 1418
8 -491 8 1733
15 1646 1700 1372
8 534 548 1770
4 -1620 1405 1784
9 -240 572 1824
10 1185 -1802 1153
13 654 -1294 1730
16 1370 270 1186
17 482 1201 1484
6 840 -17 1551
6 -102 -1082 1481
10 -258 1404 1928
1 671 143 1801
20 -43 1535 1796
14 1678 -1212 1990
10 1430 1757 1930
16 -900 844 1452
3 -224 -1124 1274
10 140 862 1668
3 78 -1666 1629
3 -431 -1965 1244
16 1011 -899 1166
10 -686 1861 1997
17 728 95 1081
17 960 1797 1886
15 -101 1110 1544
13 -1546 -200 1707
6 -1313 -1731 1867
3 921 1878 1298
7 656 -1940 1134
8 -962 245 1957
7 1977 -637 1078
8 23 788 1434
20 -1645 1213 1951
18 -312 -608 1404
15 337 1832 1353
13 1765 624 1205
19 -1134 -164 1852
8 -1972 1895 1748
20 1108 -1852 1877
6 1350 1281 1877
16 -733 171 1684
17 -1118 1600 1945
2 -636 -1911 1739
18 1525 1699 1273
2 63 -1106 1543
18 1595 -1327 1289
10 -1571 -697 1117
10 581 687 1883
6 1300 -350 1893
2 -1402 -1256 1340
4 1979 -1450 1851
17 1923 1088 1667
4 -567 814 1609
2 1009 -1136 1014
11 -1566 1740 1619
8 1653 -1604 1717
15 355 -59 1772
14 1477 1396 1855
16 -1796 -1621 1942
18 -922 1805 1633
7 1399 1699 1196
9 1516 506 1260
10 -893 1259 1267
16 475 581 1525
13 645 110 1483
16 -568 -1947 1722
6 -677 573 1067
18 -13 -86 1668
9 -860 -120 1367
18 -8 1409 1453
15 1739 919 1500
3 1850 -1395 1356
18 -1336 -983 1633
4 -2000 -1971 1192
10 131 -1324 1960
11 -1913 -976 1404
17 -214 494 1730
13 411 526 1591
7 601 148 1865
19 220 862 1164
9 954 -1784 1117
10 -438 569 1382
5 202 -899 1227
19 -142 -972 1984
11 1726 -1574 1721
15 -746 -889 1806
1 1895 -468 1823
3 531 -551 1645
3 -1186 543 1052
7 154 -941 1267
18 -1671 -87 1701
13 -1851 -362 1457
16 102 -273 1297
19 83 -266 1668
13 -1362 875 1153
8 1427 -1433 1224
14 1533 -1271 1712
2 -1875 199 1774
1 111 -532 1633
18 -1239 1939 1661
6 -562 1451 1287
9 -48 1405 1124
7 -1944 -134 1139
15 1188 -1350 1816
8 -1073 -357 1554
3 -1051 1404 1495
7 1067 670 1674
1 -627 1570 1035
19 1037 186 1783
5 -1413 -1561 1930
20 -726 -788 1525
13 1967 1530 1420
16 1316 -1467 1820
2 -1303 -691 1907
14 -1675 -35 1073
14 264 1069 1503
15 -638 1170 1851
20 -1169 -308 1908
6 1202 1132 1329
1 263 -974 1687
3 1022 -300 1484
16 -717 1889 1147
16 1824 1305 1376
5 -463 1690 1058
8 -1124 41 1439
4 1114 -1637 1451
7 1658 -484 1606
4 -381 -1749 1444
19 -1110 815 1075
4 -1852 1093 1384
12 170 -1962 1845
6 -1234 -758 1802
4 1657 -1580 1283
7 1612 -177 1603
19 1964 -462 1614
16 -448 -1191 1671
18 1858 -1013 1800
18 111 -242 1965
15 -1881 1632 1649
2 34 1566 1436
2 1674 1006 1958
17 -150 526 1225
20 1606 -152 1243
7 1912 1883 1371
7 1676 -1670 1630
7 377 430 1243
19 730 -1025 1383
12 1793 897 1414
10 1725 491 1952
8 -1089 -1405 1033
16 831 1350 1932
20 1331 -1139 1264
7 748 308 1968
9 -1610 -1415 1780
18 -1870 616 1940
16 844 -874 1594
9 387 -1165 1353
14 1961 1561 1343
2 1660 984 1782
4 -594 -30 1636
20 -483 950 1940
2 1309 346 1574
7 -1582 -405 1476
3 1616 -329 1940
1 1673 1461 1589
6 668 711 1984
2 1638 282 1235
5 -873 -283 1519
16 629 666 1171
1 594 313 1131
7 169 1783 1102
15 -1889 -477 1295
16 1475 -1647 1103
16 -481 595 1919
9 -1770 679 1520
5 1651 -54 1882
6 289 849 1420
7 104 -537 1853
17 33 865 1135
14 -1994 -1826 1558
9 -1983 817 1503
13 -1835 -300 1711
2 1642 -1738 1949
19 1304 -2000 1447
14 -444 -1028 1612
2 830 1300 1616
1 340 1217 1977
11 1206 -855 1684
13 1005 -1301 1240
15 1922 -1062 1657
13 153 -216 1697
3 -34 -690 1335
1 1351 -1409 1940
4 1114 889 1611
7 -1562 1809 1840
3 -1775 -1303 1977
19 1684 1852 1587
20 1571 1942 1628
6 823 -407 1259
10 74 -1686 1689
2 -994 44 1808
4 -840 -1093 1237
19 -967 -59 1037
13 928 -191 1338
11 -111 -649 1801
4 -1752 -23 1987
2 758 -1742 1008
3 -319 -1319 1926
5 833 1709 1797
3 -1980 1894 1501
18 -166 156 1638
12 -1056 408 1740
9 740 108 1305
17 -88 135 1621
11 1066 1848 1635
10 -1430 -487 1336
18 817 -1519 1486
3 1354 -637 1079
3 1252 1318 1579
15 43 -1521 1322
13 307 -802 1760
1 -1719 -193 1174
8 -562 1243 1802
3 -1406 -1167 1859
2 -1526 1750 1164
2 642 1641 1945
14 -883 1783 1397
15 -1654 -1738 1170
16 -1779 -1038 1546
11 1590 -188 1731
10 1399 202 1431
7 -1167 1958 1098
12 1661 -119 1936
11 -1815 -1756 1332
7 1558 -1697 1006
14 1770 -1678 1969
1 -1045 -84 1851
19 361 -1944 1919
2 -117 -1839 1355
5 -1106 -1346 1079
16 1523 -1672 1194
15 723 -1481 1077
7 -1458 -1022 1148
3 1586 -32 1970
8 578 -511 1857
10 1037 -1719 1771
5 -1549 240 1647
1 530 -1687 1072
14 1987 -1457 1510
4 -1376 -21 1125
5 -1144 78 1818
18 -692 -217 1588
10 -1288 -241 1056
19 -304 73 1861
6 -1098 -430 1854
19 1586 -363 1743
15 -677 93 1481
12 1204 -1419 1174
13 1508 801 1005
19 -1899 1399 1028
14 1788 -1489 1090
10 -215 -1692 1478
9 1131 668 1871
16 1044 -545 1861
6 -1971 -284 1089
10 -1407 -565 1295
3 741 -844 1790
3 -1946 1065 1742
8 -685 1469 1478
3 -1955 1660 1956
11 346 1718 1973
18 -168 656 1445
3 -1966 -1679 1072
11 866 988 1696
4 -1346 928 1671
5 -1001 1385 1584
16 833 -675 1460
18 -573 -1548 1204
19 -963 406 1565
3 -957 -129 1927
10 1536 1370 1994
1 -1373 -72 1069
3 -1861 -1211 1377
5 -553 280 1571
18 -1546 1140 1235
8 1880 723 1166
5 555 -206 1690
19 -1900 -781 1292
20 223 -1584 1319
6 -217 117 1948
20 -640 -384 1920
8 -1698 -489 1749
15 -1041 1993 1358
20 71 -880 1800
13 1780 -1511 1514
20 976 959 1949
4 924 1090 1896
1 -902 236 1911
12 -26 1951 1017
4 -1332 -1000 1538
14 595 1515 1728
14 -840 1925 1636
12 146 1528 1794
20 1967 -445 1627
14 -423 -430 1358
3 890 -237 1674
13 692 896 1125
11 -453 596 1612
11 1520 326 1865
11 -1312 -685 1753
13 -485 -1601 1863
2 1237 790 1722
14 707 1491 1270
19 364 -1031 1124
1 -227 -1737 1837
13 187 -916 1047
3 -1033 35 1114
2 272 1056 1486
8 -1666 1648 1346
11 799 -1629 1280
5 1643 -868 1497
20 1931 -1037 1316
7 1623 -161 1304
8 279 -18 1246
12 1290 -1646 1859
11 507 265 1378
13 -1506 -997 1170
13 1420 970 1819
6 1456 1934 1303
17 -464 -1612 1577
4 1867 -733 1432
2 -872 -1058 1618
16 1699 -616 1858
2 -1281 -387 1249
12 -986 -1024 1227
6 563 902 1203
17 -392 -1207 1078
11 -1676 333 1324
19 1695 -799 1669
6 1505 660 1395
3 -688 1732 1242
19 779 1074 1718
6 1003 1425 1967
13 407 -1591 1919
10 -1106 -135 1695
8 -695 1686 1742
11 1214 -1568 1111
12 -1356 -591 1714
15 352 218 1617
7 696 -365 1915
2 487 789 1433
2 -1290 101 1651
6 1655 1247 1933
10 -639 -850 1109
11 -841 1838 1331
8 -522 277 1076
14 -381 -1181 1598
5 -1175 -1343 1125
13 -945 -18 1766
10 -774 -670 1969
4 -818 -393 1972
4 783 878 1732
4 493 -1618 1583
15 -436 741 1310
7 519 -1119 1468
10 -635 -962 1367
9 1226 585 1725
16 -289 1039 1375
12 -665 -345 1262
19 485 1502 1556
4 -422 1559 1432
4 -1524 793 1646
2 1103 -518 1600
12 -878 1223 1532
20 -1746 1772 1174
16 -668 -1727 1626
14 119 -803 1130
9 -854 1893 1260
14 -1079 689 1373
19 -1887 -1638 1441
12 -1047 1003 1894
1 -761 1654 1896
1 337 -1878 1117
18 758 -936 1649
3 -1028 995 1548
1 1750 -1122 1966
2 1638 1368 1840
1 -780 -584 1704
19 -413 -1185 1710
16 -947 -1221 1293
4 -438 1929 1776
7 -1338 -1238 1790
10 1033 646 1506
11 -987 895 1135
20 1860 -293 1043
4 -589 495 1979
5 77 208 1156
5 719 1037 1320
6 -1866 -1705 1992
10 1436 132 1344
11 -1896 -662 1807
19 -327 -651 1486
1 -253 -817 1854
2 122 1404 1970
6 573 724 1359
5 -532 -460 1836
18 979 -1794 1350
19 -1718 1267 1625
18 -1512 695 1347
18 769 341 1387
20 -351 -1060 1681
11 -1763 -741 1853
8 1139 1929 1795
10 1936 -786 1962
16 1081 -1210 1907
18 1939 -1684 1595
4 1523 -1123 1201
3 -1168 -1483 1531
13 890 986 1685
17 1983 1394 1093
9 -1058 -277 1085
10 -1358 7 1918
16 786 -2 1595
12 982 404 1336
4 -510 761 1095
14 -1985 -551 1871
8 -881 -262 1349
18 180 -1854 1790
20 1676 -1100 1319
5 1353 566 1595
19 -1209 550 1084
7 943 -321 1325
14 -1490 1145 1072
7 789 1696 1204
14 -1414 -343 1455
1 1251 -1978 1828
5 -1692 948 1404
13 738 698 1027
19 -543 -1492 1639
14 -985 -1021 1967
6 -1053 1059 1489
15 248 -641 1600
2 -1857 -205 1048
10 1836 -658 1065
9 1118 -1174 1522
16 -664 -957 1059
18 -651 544 1988
10 114 1671 1725
9 -1127 -86 1694
13 442 1361 1626
16 -1374 99 1605
5 1362 1864 1085
2 -843 522 1114
17 937 -1994 1613
16 -583 -1144 1424
12 1781 -363 1669
13 -876 -1298 1141
17 -946 1924 1821
17 997 -219 1446
15 -875 1536 1815
14 -1077 1459 1879
20 -1752 -1787 1706
15 1971 -259 1600
5 1553 1718 1382
17 1755 1896 1519
7 -1524 682 1296
7 -709 311 1650
11 1480 1621 1135
4 -777 1459 1025
10 -354 -345 1252
13 -9 289 1490
16 1057 1236 1710
6 -934 599 1096
20 -1162 1400 1640
4 -160 668 1119
1 -207 -1901 1145
9 1419 -1750 1250
18 -55 -435 1141
13 -175 944 1745
18 1796 -1237 1615
2 1913 1316 1199
7 -988 -1631 1110
15 -1707 -1736 1524
10 680 -969 1573
12 1924 -1502 1939
20 -540 1512 1746
11 1181 1974 1198
17 463 -751 1800
3 -1589 1004 1733
16 1902 67 1341
9 -1063 -941 1709
20 -1252 -1895 1067
5 -583 -64 1420
20 -701 -1523 1782
12 1100 -1810 1131
3 161 -964 1724
19 -1142 -500 1757
3 -1415 -927 1564
13 -283 -771 1883
13 1933 -1775 1606
12 522 -524 1365
10 11 -844 1271
11 -727 -1188 1748
15 -1831 1672 1099
18 -1110 -1913 1962
1 203 -511 1338
6 31 -1184 1440
17 351 -916 1159
17 -1483 -598 1885
7 1774 1766 1219
16 -406 -1094 1279
1 -1111 1093 1736
14 239 -936 1247
13 -531 -1001 1383
15 -1433 -351 1486
18 1671 432 1408
5 1766 1330 1436
2 -1226 -57 1921
19 -995 -1317 1730
14 709 -1906 1703
9 -403 1477 1281
3 -1662 -1330 1447
1 -403 -1688 1203
2 259 1613 1687
15 -896 920 1406
15 1378 1339 1236
13 403 -1432 1659
9 1025 1721 1021
6 443 -115 1349
3 -1584 600 1386
2 -1402 -1143 1304
8 1214 -523 1315
3 1953 252 1963
15 -1457 -1550 1657
16 -510 -1499 1684
6 1252 157 1512
6 165 978 1806
18 1977 -116 1940
13 -489 197 1496
4 -257 815 1783
18 1558 -825 1626
5 185 1247 1033
14 145 1913 1352
1 -52 1274 1512
15 1806 -1596 1128
7 582 -1449 1725
6 -707 886 1305
14 -1991 -805 1105
3 -1219 -1362 1618
1 -632 1176 1232
11 -1472 -134 1769
11 1575 -1452 1074
11 -96 -59 1813
18 121 1363 1614
1 107 -1627 1924
3 650 315 1019
6 -582 -1990 1390
11 1735 1903 1026
17 -25 1752 1055
7 -916 -1356 1349
17 -294 -1901 1482
11 339 1837 1256
11 1760 178 1957
14 624 431 1127
7 -51 -481 1211
15 -1974 1319 1817
14 820 362 1967
13 -280 -1410 1484
10 1327 1643 1209
3 1588 918 1564
19 683 -1748 1799
19 -368 1557 1929
2 -1220 1213 1967
2 -1056 920 1867
5 1876 -172 1823
13 -1860 -792 1807
8 210 -1044 1059
17 -880 -749 1129
9 188 -1211 1467
15 1311 -473 1591
16 1971 -1317 1389
15 -699 -1086 1002
6 -187 -80 1206
16 963 1435 1072
9 644 -792 1152
1 1943 -369 1505
1 -51 -1690 1916
4 1406 928 1831
20 -253 886 1637
18 -1359 -454 1606
10 -256 1476 1440
13 -1965 1758 1387
8 770 1886 1813
19 1532 -363 1901
20 300 1609 1929
16 -745 -28 1122
2 -1871 -493 1544
16 785 1120 1678
16 259 1731 1329
16 -1343 712 1702
14 -1135 1566 1150
20 1761 -778 1324
13 491 1983 1597
6 -547 350 1226
19 1992 -1471 1813
4 1947 -965 1994
8 475 587 1365
13 -1363 1021 1046
17 -1635 1644 1443
7 1302 1137 1064
4 -1863 -495 1719
11 -438 -58 1001
17 1555 -1287 1622
10 -792 -62 1697
2 1409 1963 1387
1 -1665 -428 1312
7 361 -1124 1825
12 -1174 -1590 1098
6 -313 967 1146
14 943 -155 1529
10 1611 1411 1000
14 -263 -17 1815
15 -570 1924 1680
2 1437 698 1444
7 1178 1576 1008
12 1239 -1009 1622
17 -738 1174 2000
3 -781 393 1093
2 -946 -1572 1817
1 -1973 742 1464
1 -1381 -1148 1032
10 277 1674 1253
6 1965 -92 1623
5 -18 -1243 1082
11 -367 1370 1252
10 1936 -82 1031
19 1693 -1821 1196
5 1639 44 1260
2 1145 1008 1349
9 1722 1912 1949
14 758 1404 1841
1 -1448 949 1956
11 1225 567 1833
11 1300 1035 1653
11 -808 1112 1098
20 790 -765 1224
18 -706 632 1875
13 -398 581 1650
1 -211 1972 1200
11 699 -433 1196
10 25 -230 1295
3 1062 -120 1575
13 1913 -794 1714
10 -455 -229 1297
11 526 1962 1173
20 -1330 1281 1579
18 -19 1342 1215
16 408 663 1336
18 1716 -1240 1848
5 -1682 1295 1753
17 -1006 316 1490
13 -601 401 1846
15 340 -876 1111
9 -1581 -304 1759
2 1110 -171 1776
2 -7 -394 1860
13 -1876 -222 1756
5 -492 1260 1835
8 -1119 548 1842
19 1450 88 1983
5 746 -1451 1836
1 1 -1381 1550
3 1228 -1202 1368
19 -1640 -1611 1244
3 1156 -702 1228
4 -747 -978 1852
4 -1526 -1363 1576
15 1899 -1203 1777
5 -453 -287 1996
10 -1873 -1428 1244
3 -1961 696 1227
6 424 515 1041
18 565 1319 1052
4 -265 -1369 1099
3 -209 -670 1283
17 -1969 1876 1173
20 1382 444 1316
6 -337 -1347 1963
13 224 656 1658
16 1015 985 1305
8 -1508 -1064 1571
3 1298 -184 1046
5 770 -1067 1686
2 -1247 -329 1543
5 295 1530 1810
12 -1799 374 1997
6 -876 -804 1626
11 1046 -612 1163
8 1564 1164 1066
12 1031 -1088 1689
12 -173 1206 1964
8 1331 -594 1914
12 -926 1806 1704
4 -516 1679 1824
8 -1531 -1379 1068
9 1457 398 1546
6 -1622 -973 1356
12 1774 1782 1296
14 -1609 -844 1689
9 -766 1903 1760
1 1985 -1244 1013
15 -206 1432 1647
9 95 1574 1302
5 267 822 1551
18 411 695 1948
10 -1276 -1982 1170
2 -1266 98 1789
17 463 1821 1987
1 -1283 -814 1510
20 -158 -569 1133
12 1624 400 1827
4 -866 -365 1128
17 -1943 -1764 1974
18 -836 -1954 1599
8 1318 1148 1584
6 1771 -269 1200
11 -49 1062 1985
15 -666 -68 1757
5 -1653 -794 1977
8 761 1636 1741
14 -1209 -1145 1540
20 1106 -1987 1776
8 -608 -447 1992
2 -467 -1823 1013
3 -1527 613 1922
12 -1887 949 1422
5 1962 718 1530
11 -1223 483 1111
9 215 1519 1931
12 -65 772 1598
7 306 1477 1223
20 509 1689 1578
5 -503 754 1078
12 -878 1316 1184
15 1165 -91 1143
8 1076 1030 1487
14 346 -820 1056
19 -1899 1988 1999
8 222 1228 1157
8 1631 1539 1436
1 -976 424 1669
10 1320 -1231 1773
7 1832 -1743 1206
20 115 889 1019
18 682 -549 1601
16 -1701 -340 1233
15 -1712 -798 1317
11 -1547 -667 1885
20 1273 -1238 1801
14 1546 1977 1508
1 -1153 -1274 1012
1 908 168 1611
12 -89 -112 1132
19 -595 162 1161
17 1079 -1469 1314
12 1005 37 1854
1 -446 -1086 1761
16 1687 -600 1308
10 -852 -1334 1997
5 -1178 -575 1381
16 -1315 -505 1702
17 688 147 1332
9 -139 -1483 1302
15 1422 1400 1984
9 -968 424 1659
13 930 476 1323
17 1770 940 1812
19 28 -1742 1031
11 1804 395 1624
12 -739 -1660 1357
11 180 -1418 1415
16 -1268 -770 1329
2 149 926 1086
15 1213 -1740 1912
2 1670 1001 1595
4 551 -588 1781
15 621 1261 1941
2 1452 -228 1721
15 -1654 -1557 1323
7 1083 1414 1818
2 538 1112 1869
5 -549 -1721 1348
1 1708 909 1190
3 -554 -1324 1811
10 1272 317 1424
10 -1549 -1048 1723
17 1340 -120 1315
13 -1574 561 1435
4 -393 105 1320
20 16 724 1377
3 572 -1122 1154
3 685 -572 1184
11 -1097 118 1682
13 -361 -1389 1626
10 502 672 1960
5 -1494 -112 1505
16 -1573 -471 1985
9 854 794 1477
11 -887 -853 1429
11 -263 -1999 1069
15 999 379 1345
10 692 1736 1286
5 -1649 -354 1052
7 -158 -1951 1033
19 -1218 1524 1837
9 76 746 1852
5 -503 1918 1824
4 244 -178 1446
4 1719 -1930 1672
13 208 -1631 1195
10 1945 -188 1993
16 -1407 -457 1198
16 -55 1071 1034
7 827 -1113 1144
13 -789 -987 1466
12 -1871 -1570 1471
4 -416 -1430 1728
18 50 1583 1844
2 1146 -1769 1805
15 1039 880 1982
7 729 545 1388
4 589 1796 1221
12 -114 393 1483
5 -1863 -1991 1151
7 -1675 -594 1288
1 -1949 -403 1604
4 -1108 410 1585
8 250 -424 1241
20 -1986 1420 1107
6 473 784 1286
17 -1754 298 1464
10 293 1611 1055
19 -1202 -1525 1081
15 500 1610 1901
8 -819 -307 1276
7 307 1696 1405
3 -558 939 1582
15 1747 975 1612
4 922 1992 1572
4 -1201 52 1387
14 22 1284 1738
3 -1476 1455 1056
18 1547 -511 1871
13 -588 -161 1356
13 12 -69 1733
6 -383 869 1076
9 -812 -1737 1479
17 -1816 1572 1508
15 -1007 -718 1621
17 -927 -1073 1247
6 -1463 -1981 1862
8 -1161 -1854 1790
17 -404 1509 1963
11 -419 1639 1590
17 -1793 1656 1875
4 -1173 -1860 1309
14 1639 491 1586
13 1447 -1558 1264
13 -1621 -1751 1701
14 363 1395 1926
8 -169 847 1336
11 578 -1127 1458
3 -485 -912 1222
9 1044 527 1998
15 -1539 -736 1117
16 1130 361 1094
6 1745 1933 1895
15 -1056 716 1837
16 1371 777 1909
17 -1787 15 1589
15 261 -1777 1984
8 -1996 383 1455
19 -260 1597 1493
9 1548 -457 1442
17 -667 1250 1605
13 1651 -550 1314
11 1672 -1787 1030
17 -74 -435 1707
9 1023 -228 1072
6 1349 1850 1563
13 747 -40 1775
8 1962 1571 1778
7 76 -856 1877
6 925 -1686 1116
20 -567 -189 1226
7 -1080 1854 1455
14 -245 1740 1281
2 -1099 -1926 1494
17 -660 1933 1306
6 -457 -1107 1026
10 -1143 -1400 1947
5 -1307 1910 1534
15 1876 -1849 1549
12 220 373 1565
17 141 462 1181
16 1347 659 1234
15 -108 -978 1067
5 211 671 1800
20 1856 1405 1925
6 -1323 -1471 1869
13 435 -933 1393
3 -919 -1522 1964
18 225 1454 1086
16 -909 911 1219
8 1210 -439 1784
15 -1881 -688 1442
9 -3 -601 1754
18 -801 703 1907
5 -820 -1522 1426
12 -218 703 1367
17 1789 186 1289
7 -990 -1717 1452
11 389 -828 1370
12 1330 1629 1633
19 -115 980 1095
3 548 73 1680
11 -132 -998 1934
11 -1424 474 1178
19 530 626 1452
4 671 -1449 1550
8 -1341 -813 1659
6 -854 1035 1428
16 1401 1928 1467
7 -800 834 1154
11 -77 323 1497
9 197 -1530 1017
15 1361 716 1915
3 -217 -1248 1285
4 1428 1730 1817
11 -1639 716 1632
19 -1998 -1093 1134
14 398 -1140 1307
10 -457 -1736 1752
9 -941 -695 1985
9 -1552 997 1125
16 1111 1936 1109
5 -1214 21 1031
10 -654 -450 1811
16 590 1264 1072
18 -613 715 1884
10 -73 -1763 1428
19 88 -549 1948
1 369 -239 1769
4 1676 -175 1328
17 -1398 -1389 1695
3 1431 1466 1980
12 1718 1766 1464
13 1590 -1048 1778
5 -928 669 1539
15 -1083 -139 1221
12 1106 951 1931
2 -1027 -1407 1122
15 636 610 1801
14 -820 1247 1370
17 -404 547 1795
6 1803 1563 1976
19 -1614 1044 1915
9 361 -194 1548
5 1716 -1886 1319
6 -1378 165 1000
4 -523 -1973 1974
20 -1049 -1437 1988
5 -136 1568 1453
5 -1478 -1654 1957
2 1192 1566 1963
6 -62 -134 1051
12 569 -594 1593
8 429 -106 1131
6 101 -1251 1004
20 -1120 -1431 1045
8 638 734 1144
3 -500 994 1665
8 -922 760 1772
1 1020 654 1081
17 550 -1003 1325
13 1038 -1276 1868
11 -1637 -473 1288
2 -1202 -1237 1236
16 -931 -1181 1816
11 -1374 641 1805
16 23 -1043 1571
15 -222 -1548 1713
9 -1337 -1592 1171
8 -712 1499 1007
6 790 -155 1405
3 368 -38 1311
11 679 -1847 1952
5 1069 -226 1805
10 -1650 -63 1123
6 -306 1477 1109
18 -1707 1525 1891
13 -1359 1447 1173
4 883 81 1796
17 20 -867 1560
4 1695 912 1840
9 95 -1393 1307
11 -1081 -1986 1870
16 690 1717 1817
15 -176 -1970 1084
20 180 -856 1285
8 -954 -1222 1019
10 1784 -1556 1448
11 -1111 -1061 1826
7 -1533 -342 1603
18 -1560 73 1926
12 -1582 -577 1825
13 -1864 1649 1027
14 1369 809 1743
5 -997 -1985 1803
14 1252 53 1035
12 -579 -1499 1660
4 1252 -1437 1950
19 -1190 -453 1239
19 -859 -989 1572
10 -1160 -686 1811
10 577 -1016 1681
6 1555 1250 1377
15 1767 807 1704
4 -791 -1707 1704
15 -756 1970 1582
6 107 -324 1546
7 1023 489 1282
12 705 313 1179
8 -159 155 1377
12 61 -248 1103
11 -608 -123 1461
14 583 -1348 1430
16 1208 29 1966
4 634 -771 1095
6 1828 -1007 1158
6 1167 -1294 1429
12 178 -254 1791
1 -1174 -151 1673
9 -1051 -1562 1885
10 -1549 1998 1330
12 -1918 328 1985
19 -762 -992 1164
11 -564 -1427 1128
13 1164 1857 1950
19 1704 707 1769
16 754 940 1625
5 171 -1202 1114
17 -1788 -678 1750
10 328 -17 1401
17 966 328 1964
6 -716 -296 1318
10 -1581 -1000 1793
12 -1701 -486 1759
9 -1185 937 1459
7 -1623 -1333 1621
2 901 213 1950
14 -1035 -1312 1603
2 -91 -1701 1344
16 -1770 19 1797
2 -1790 -1156 1325
11 484 324 1300
8 -1145 -828 1894
20 1601 -1075 1596
13 -1528 -96 1865
20 45 -445 1066
12 1476 -898 1514
16 -1810 1689 1717
20 368 -433 1697
20 903 1649 1076
14 -1508 -1931 1584
3 969 263 1809
2 196 -1732 1168
1 670 262 1278
9 -1161 1335 1558
6 -1863 54 1726
13 -1319 1406 1937
8 1548 1946 1255
2 202 -921 1154
20 1152 -156 1588
9 116 -626 1928
7 991 -1962 1786
16 -1398 1929 1482
6 555 1159 1725
3 -176 567 1093
2 1405 -533 1651
4 -1024 1809 1615
8 -1855 -1013 1666
3 618 1542 1334
4 -1881 361 1251
17 1534 -1284 1147
17 -1452 -165 1774
20 633 -194 1049
6 -1589 1136 1176
4 -919 -1610 1614
1 1139 1542 1168
3 220 357 1700
8 -1582 -1210 1893
17 -1521 1307 1496
18 1802 1451 1376
7 236 941 1206
1 -643 971 1074
19 70 1905 1491
1 -1131 -109 1512
13 606 28 1273
13 53 1187 1216
19 1205 1371 1214
1 255 1079 1891
13 323 1936 1494
13 -476 1135 1760
20 1689 1624 1142
12 998 -679 1022
2 1332 613 1622
1 -581 1925 1953
3 -81 -236 1606
14 1846 444 1946
4 -1598 -1016 1376
20 794 1502 1434
11 -1038 378 1104
4 -1616 -1212 1709
17 -58 435 1013
11 -1658 -1112 1931
1 -1813 -367 1807
14 1014 -1768 1033
10 -1843 1239 1754
13 1652 -1927 1047
1 1376 1908 1473
15 -39 525 1178
13 207 -965 1299
11 655 249 1867
6 -87 1581 1568
3 1866 -75 1639
10 -178 1070 1598
9 186 -893 1897
4 6 180 1461
20 129 416 1204
13 59 614 1166
18 1167 -59 1605
1 -64 -128 1264
11 -138 1966 1763
9 1928 -1128 1246
6 -1199 106 1484
6 1275 609 1836
15 1546 -1746 1858
2 553 -571 1986
18 284 -254 1419
10 337 -1085 1815
18 -305 1561 1135
1 -176 -81 1705
18 509 234 1088
6 -676 -1270 1588
4 599 934 1489
2 -856 -1565 1261
5 -865 -1586 1148
5 1919 -1228 1934
2 -1316 -723 1234
8 1531 -570 1336
16 1853 1054 1809
1 -1123 -263 1666
12 517 923 1271
8 1199 -1356 1633
3 -1401 -567 1677
18 1053 -1696 1493
1 1524 -661 1383
9 -1752 -1862 1283
5 -1587 -910 1665
10 691 -1598 1900
6 1335 -1481 1328
12 -1016 -1178 1038
10 -272 -712 1085
2 1453 1252 1790
18 -189 -880 1920
9 -1552 1709 1708
3 164 1170 1878
16 162 -1483 1741
18 698 -915 1898
7 -866 -708 1780
20 57 1914 1456
20 -279 679 1216
18 112 1619 1525
10 1649 1666 1849
4 -29 1914 1500
2 601 1028 1765
5 1132 -486 1890
15 110 -935 1103
4 703 -555 1902
9 -1830 826 1823
3 -246 -371 1125
10 -671 636 1986
3 -223 1008 1617
1 1124 1241 1774
9 -822 -333 1162
2 -1550 -169 1999
18 -1702 1107 1556
7 1510 1417 1937
19 1848 -1110 1966
20 497 526 1772
13 -407 1228 1839
3 1790 -808 1785
8 277 1254 1501
12 992 -820 1900
15 -1005 1351 1803
12 -449 -1850 1002
17 754 727 1961
13 -1074 -454 1564
20 -881 535 1027
19 1809 -1891 1072
14 566 -316 1405
7 1637 1110 1711
6 1477 -786 1399
7 -984 1128 1434
5 -1572 -402 1036
11 1934 -1721 1832
6 882 -1003 1855
13 -367 -1567 1432
9 1625 556 1819
17 -1739 920 1079
7 1191 -1866 1036
4 -805 -1996 1149
8 933 295 1685
20 -498 -751 1865
14 -1702 -1416 1879
9 -1812 -91 1584
19 -538 1226 1733
17 1739 -435 1700
18 1310 165 1488
4 -1204 -1576 1178
17 -335 848 1271
15 542 -1871 1660
13 1447 -1251 1589
20 235 -650 1836
11 219 506 1543
7 911 -1037 1205
15 900 1931 1206
10 -539 -781 1419
16 1980 -940 1629
1 1458 -1553 1336
9 -1708 -1862 1503
9 1348 -202 1954
5 -1777 -973 1770
16 862 868 1963
15 -556 1700 1402
10 1073 146 1690
5 -1337 -1561 1763
4 -1409 1871 1508
16 1681 -424 1236
4 -143 -204 1723
1 1804 -388 1310
10 1608 -1249 1696
9 1947 1418 1293
16 172 -332 1054
9 1314 -341 1972
10 1812 949 1958
9 739 -512 1635
9 -1784 1644 1299
4 -1912 134 1393
7 -524 1509 1217
17 860 20 1962
20 -882 1617 1268
7 1345 -293 1285
18 1930 1540 1944
1 -171 -1877 1951
17 -1841 1820 1467
1 -1310 1857 1374
