544
11 304 -366 1252
8 708 1801 1340
6 -665 335 1756
13 969 1697 1177
15 -1214 -809 1760
20 -1750 -71 1314
1 143 1017 1294
1 -1026 1051 1499
16 824 -77 1368
10 1263 -436 1086
6 -1470 -1264 1887
8 -760 1319 1933
2 1901 859 1102
8 1408 509 1297
12 1494 1288 1453
10 1937 -1472 1718
1 -375 1759 1493
9 24 -694 1124
2 1259 1003 1178
8 1741 -1196 1776
5 1035 -1478 1008
12 -1285 330 1083
10 -1430 -1224 1412
16 -1232 -629 1868
11 1064 599 1690
7 -904 1035 1308
11 474 -1430 1409
3 72 -1309 1166
1 -225 -1805 1760
9 -1802 1191 1138
13 1718 -1965 1547
6 1030 -1304 1346
8 -543 1481 1645
6 -367 -165 1358
20 322 226 1678
15 581 -1640 1832
5 1030 -399 1191
14 1731 -1678 1429
8 1039 798 1298
20 -46 177 1632
15 477 1740 1167
9 1622 770 1119
13 162 193 1736
7 -1703 1361 1151
9 -1527 973 1329
15 1698 -1212 1565
3 -33 1499 1534
2 1857 1816 1885
17 1992 842 1039
9 -825 -1375 1435
7 -504 1508 1470
20 -165 -298 1346
6 1635 -1745 1183
13 -748 928 1036
15 494 107 1658
9 -1391 -789 1730
19 1670 1432 1393
8 424 276 1927
16 1211 -1894 1498
5 75 1442 1741
18 69 -341 1562
7 1267 11 1724
19 -589 1163 1539
12 -115 1459 1113
10 642 -1378 1821
12 -871 1791 1082
2 1081 -316 1351
14 -1364 -109 1646
15 -173 -398 1908
17 -256 -1436 1699
3 -1921 -848 1603
11 153 1109 1032
13 434 976 1217
8 -1033 50 1082
20 1184 1764 1693
11 783 -432 1568
13 -1020 1697 1563
15 1053 -810 1698
7 -400 1786 1182
10 1751 -723 1504
17 -1345 -488 1831
5 -464 1671 1458
3 -953 510 1121
12 237 -53 1901
18 1174 -1512 1952
5 747 1764 1161
16 -1569 -244 1640
18 -186 -829 1768
20 1582 -1003 1280
9 283 -843 1524
5 31 -1487 1708
10 -9 -1575 1005
12 -1933 -788 1342
16 1656 -174 1210
4 -1211 1996 1655
13 449 709 1125
4 1700 357 1417
6 1296 648 1244
8 -883 -385 1811
4 656 -1902 1231
18 621 1394 1623
3 -461 1406 1503
13 -1672 1618 1593
17 338 1967 1347
20 281 -1395 1035
3 733 -1214 1564
12 -788 1320 1188
2 -1130 -115 1869
12 -1090 -425 1796
2 -119 1496 1945
19 -321 -1493 1939
10 -1336 -596 1527
9 -1311 -709 1667
1 -1750 -897 1465
11 -300 -488 1568
4 -1127 347 1729
10 -835 -1122 1102
18 -1492 -1928 1231
12 1317 1501 1209
18 1587 715 1328
1 -440 -1179 1990
14 -1913 -821 1031
19 -336 -615 1470
15 557 -1079 1750
5 -48 186 1133
14 -894 1818 1122
6 1380 250 1747
3 -1821 -138 1146
18 -548 -1518 1938
12 -733 -1907 1545
19 -1771 -1495 1381
18 1597 204 1040
4 -830 577 1776
10 82 -198 1835
16 1611 1474 1258
16 990 -499 1642
19 1468 -532 1771
18 149 1478 1534
19 -1644 1519 1703
1 700 753 1856
19 552 -1396 1120
6 1440 -1667 1354
18 -1289 -209 1105
18 -481 22 1035
1 1155 -623 1893
1 1746 -1952 1587
19 426 1191 1387
1 -1521 1694 1036
7 -1262 1805 1207
15 -1324 1240 1629
5 -932 41 1027
7 -305 -276 1515
10 -382 1125 1482
3 -1024 -963 1343
8 1903 -891 1606
16 -1310 -410 1350
3 455 656 1754
11 1410 1291 1836
12 -1073 1762 1828
13 1079 1666 1450
8 -72 1296 1126
6 -1827 1595 1496
13 1195 -1664 1892
8 949 86 1951
19 335 45 1974
8 -1478 -206 1853
7 -1695 -573 1051
19 1115 1346 1702
6 20 -1354 1745
13 1715 890 1570
6 -1284 422 1901
9 -513 1043 1637
11 740 -1298 1122
6 -886 -1152 1554
14 1303 1808 1613
13 1560 -1003 1320
9 -12 1329 1065
17 1481 334 1627
19 -289 -904 1736
1 -910 1008 1229
11 -813 1161 1224
7 1719 -278 1356
10 -1565 253 1294
16 -61 -398 1932
7 1273 1071 1076
4 1647 -1453 1387
9 -1866 -1031 1175
14 170 199 1771
8 -1930 -1316 1451
9 -582 -680 1103
17 1890 -515 1056
7 -306 -1093 1776
10 532 -365 1854
12 -1075 -779 1565
7 -1493 1250 1364
15 1820 -1393 1887
1 -1526 -1655 1046
15 804 278 1781
5 -402 -1778 1828
14 -642 1842 1246
5 -856 -1267 1425
12 -946 -1348 1722
9 -1439 1305 1900
8 1163 -493 1197
18 1716 815 1975
5 1888 743 1954
18 -1434 423 1801
1 -97 -1192 1406
16 -385 -1012 1900
17 449 247 1646
19 -381 -767 1135
1 1372 -348 1090
8 -1803 -1442 1608
8 -1111 693 1095
2 -375 361 1128
13 -70 -755 1319
16 905 -117 1801
13 -765 -1791 1757
2 -405 146 1736
7 -1402 767 1064
17 877 -1707 1628
10 -914 -424 1447
19 -1311 1535 1480
16 407 -1687 1579
20 -917 -1456 1864
6 724 103 1566
13 -1433 1309 1580
9 -589 1069 1947
3 -1774 -928 1112
13 912 -243 1460
8 -1882 664 1161
5 208 384 1690
20 694 -1729 1559
3 655 1764 1049
20 -1673 1342 1012
7 1052 1229 1694
2 1701 -805 1607
13 163 25 1437
9 -604 1693 1160
1 -1752 1193 1044
4 1412 -1265 1696
17 -1719 -500 1213
16 935 -1193 1305
14 -274 998 1761
8 -407 1659 1977
20 1745 -1385 1000
11 1105 487 1838
13 -1010 323 1047
17 -890 -451 1648
2 -822 -1391 1219
19 -1947 -1746 1127
20 792 -763 1998
19 -1783 673 1992
16 639 -543 1861
13 -716 1753 1659
2 218 -1277 1566
6 1926 -1245 1007
4 1014 1694 1125
15 -7 -1122 1735
15 -1553 -1242 1941
14 -455 -711 1042
8 1908 -115 1892
7 1440 1052 1605
3 -1596 828 1263
7 1424 -570 1276
3 -1326 1739 1432
7 1695 750 1218
6 303 -38 1764
9 -1145 381 1660
12 1324 -883 1933
13 -922 941 1057
5 1342 -105 1965
12 1990 -442 1774
13 -1889 -810 1798
20 -1404 -1276 1705
14 1105 401 1281
1 -629 -264 1805
9 1270 -1439 1613
12 -1999 -830 1637
14 930 -684 1256
6 -7 -637 1686
20 1112 -1476 1841
16 -1525 -1301 1530
14 -74 693 1409
4 -89 1969 1149
1 -1788 1893 1720
18 1382 709 1335
12 -1222 1694 1771
16 564 -399 1530
14 -1982 -1213 1060
5 1130 -1828 1714
14 -1762 43 1066
20 1667 35 1721
6 -638 742 1996
13 -271 363 1206
2 -1896 1938 1281
14 -841 1714 1634
10 -1331 1278 1777
14 -346 1643 1458
18 1459 -755 1994
20 -325 -1531 1254
20 -644 -1287 1411
1 1331 -747 1892
8 1118 -1657 1488
20 413 300 1179
13 -1289 837 1865
8 -592 1021 1998
18 1486 -696 1370
1 -1514 1185 1968
13 633 999 1766
20 -1680 1164 1701
7 -1086 159 1819
15 -948 -937 1211
13 1180 63 1608
2 -857 1714 1041
3 574 -891 1361
6 -1531 1392 1410
7 1049 1322 1166
8 293 734 1955
18 -856 -1240 1081
14 1136 1885 1274
8 -424 -1823 1922
19 438 -1111 1641
20 763 -1437 1347
7 645 -926 1543
9 -1005 -265 1234
20 1705 -641 1014
17 244 404 1231
1 484 649 1198
1 36 -802 1812
6 -1276 778 1111
5 530 472 1442
20 -1761 -561 1242
19 -1017 1560 1813
20 976 1869 1067
20 -691 406 1416
12 -21 -334 1371
9 -617 307 1186
20 1683 1504 1958
18 1041 -1692 1820
17 -712 1046 1853
14 -1021 610 1772
9 1228 604 1965
20 -297 879 1767
16 -354 340 1742
6 1621 -153 1667
19 1758 -540 1098
8 1702 1748 1876
15 1132 -4 1214
1 1409 -1576 1953
10 1301 -717 1038
8 1170 781 1888
4 1906 -1168 1084
10 -273 -740 1687
6 422 1325 1574
6 -698 47 1842
13 -1939 1464 1681
4 389 -298 1688
11 1601 1114 1554
12 1398 -845 1328
4 -771 -1039 1703
12 8 -1379 1141
13 453 1638 1624
20 744 -357 1871
11 -1891 -626 1593
11 -1189 319 1252
16 -1697 -1242 1027
8 -343 347 1155
8 -1809 926 1604
17 -1356 1252 1874
16 1098 1113 1598
19 -145 851 1845
6 -459 -1375 1481
6 1742 -559 1322
6 297 -1441 1452
13 1274 1891 1627
5 -1608 1750 1617
15 1112 1865 1868
8 187 1469 1050
13 -546 -1350 1294
8 -743 764 1057
18 792 5 1072
19 1717 968 1596
1 -208 695 1745
9 -229 424 1554
5 622 1420 1677
4 -1441 1898 1606
8 1336 804 1855
15 -503 -1588 1265
14 1776 1805 1260
5 922 200 1202
14 1451 747 1077
15 -903 744 1528
7 1265 -1540 1489
16 -1774 1921 1378
4 -494 -424 1634
7 534 58 1497
6 -498 1674 1277
20 -332 691 1478
16 846 80 1713
4 1068 -749 1701
9 1867 -577 1838
20 162 133 1240
19 1931 103 1949
10 -1596 -123 1506
11 -247 -1499 1031
2 1263 768 1196
13 -1236 -512 1927
1 -949 518 1037
16 347 -1920 1716
13 117 -661 1734
19 -1446 -1143 1814
10 325 -1626 1609
20 -1776 -1642 1432
5 535 1556 1947
11 207 1340 1897
3 -639 -753 1659
11 -1627 1040 1387
10 1872 -1264 1865
7 -1495 592 1881
10 -616 33 1771
13 645 -472 1969
12 869 1432 1958
1 248 548 1809
9 145 1329 1936
10 642 1463 1537
7 1502 901 1061
7 1084 982 1907
14 -832 -1196 1622
14 -1576 -996 1628
7 1215 346 1498
16 1067 1495 1081
4 -988 -1697 1435
13 453 811 1103
13 500 -491 1834
7 928 -1752 1701
19 1067 -305 1482
3 34 1093 1757
19 311 894 1943
14 -403 -1797 1465
14 1141 566 1388
1 -1572 508 1236
2 1222 -1855 1365
16 -1240 1838 1578
7 1436 7 1206
13 1327 1683 1882
19 -684 -32 1726
1 762 -1973 1343
9 689 247 1971
13 731 -114 1690
20 390 -764 1387
9 -1916 -1137 1705
16 468 1519 1227
11 -1476 -675 1028
15 1194 -1053 1840
8 -1875 -224 1936
12 -100 781 1378
17 1524 1923 1858
18 439 537 1091
18 994 -1290 1226
9 -1892 -939 1356
9 540 1536 1856
3 -1302 -843 1965
3 -476 -161 1442
4 -1338 -1173 1619
9 -1907 1049 1749
1 67 -822 1032
20 921 -797 1490
15 603 -304 1208
16 -1 -1449 1317
16 -6 1023 1205
7 -1348 -833 1034
11 823 -636 1795
6 -311 -260 1164
7 376 1000 1412
13 -705 22 1087
9 595 -606 1087
11 -1866 64 1554
16 -1268 -1749 1563
3 -1426 -1001 1915
15 -1253 -1386 1457
7 -1164 1505 1241
6 -565 -647 1111
7 144 -131 1946
15 209 -1574 1478
6 988 -1922 1767
9 -1190 -1016 1167
15 417 -1687 1052
15 -1606 1572 1543
4 1853 825 1981
17 -1343 -778 1396
17 -1601 1506 1294
9 3 -1699 1347
13 -1628 -1777 1075
7 -280 1189 1145
3 865 1301 1382
8 -1788 -1978 2000
1 -1958 617 1579
13 -462 -1688 1737
12 826 -853 1479
11 -1344 936 1130
20 1682 1968 1501
4 -934 992 1202
16 -1344 1178 1946
16 -556 1086 1459
3 -1522 208 1514
13 166 1842 1110
15 -900 86 1272
6 1000 1696 1669
12 -215 566 1220
14 -795 215 1130
5 -1991 -1204 1554
13 -1868 -1666 1051
17 1044 -1171 1676
12 1205 -364 1763
10 -611 -368 1893
1 1883 1258 1229
12 -1205 -504 1476
8 -1743 -1116 1293
18 551 -4 1830
2 1912 -378 1314
19 -1529 -262 1554
9 -1386 -1969 1892
5 -1426 1281 1584
20 545 -1330 1832
16 77 -1774 1701
10 -1537 1479 1167
19 133 -1854 1414
4 132 309 1764
17 1627 59 1183
9 1711 856 1539
12 -1353 -1831 1784
20 402 619 1574
17 -1417 -1924 1931
5 1942 952 1321
1 -773 1128 1271
17 1891 -1619 1313
16 941 1279 1708
2 -728 -671 1797
16 1333 -433 1913
20 -1637 133 1924
2 -711 -1652 1240
16 474 1821 1469
18 1492 -999 1289
