1712
8 -1996 -660 1912
2 1777 375 1519
14 -656 -639 1315
10 -863 612 1890
15 -1465 -654 1425
16 1671 1654 1900
15 -962 1824 1633
10 1786 -1036 1661
8 -1943 -937 1467
6 -1058 -302 1652
10 1384 -1764 1280
11 1513 287 1435
14 -1154 -1684 1795
15 -121 -1244 1468
10 1347 541 1542
3 855 -723 1775
14 -1806 -1589 1489
8 -1038 1809 1177
20 633 550 1222
14 1134 -714 1938
20 1393 550 1878
20 -279 406 1891
12 -121 1866 1716
9 -1796 1016 1021
15 1824 215 1472
20 1888 1577 1324
13 224 755 1023
4 1319 -515 1157
16 -1531 1478 1476
7 -1824 1069 1105
7 1549 1350 1599
10 543 -249 1804
2 -1688 1971 1027
2 679 1709 1270
15 634 1572 1916
16 877 786 1805
10 1991 -1827 1163
9 1662 1763 1254
17 -1139 923 1513
17 753 -214 1630
12 1328 776 1489
11 -1272 1627 1948
4 -1451 585 1688
10 919 -298 1701
7 121 129 1443
20 -339 -536 1601
5 492 -1161 1317
7 375 1533 1691
19 183 -1626 1189
2 -1123 -1622 1918
11 -406 101 1810
11 -618 1371 1325
14 -1755 1163 1892
2 -1533 982 1050
15 -1325 1987 1994
10 1401 -1148 1615
13 614 -1140 1809
7 -1487 -584 1088
9 -188 -1093 1876
1 797 802 1216
15 -78 -1553 1322
11 1000 -1598 1261
16 678 1955 1501
20 -1173 -387 1885
1 380 -71 1227
10 112 1304 1565
8 811 1111 1207
2 711 -1161 1692
10 246 -942 1538
13 219 -1403 1140
19 -1063 162 1653
16 -119 1421 1440
20 1673 1000 1603
12 -1734 -521 1755
18 -972 1836 1139
13 491 1931 1302
7 -904 -707 1719
10 -163 -1003 1575
16 -1603 -182 1780
2 -1463 817 1193
12 1617 445 1590
4 -762 -320 1797
7 1107 -1116 1355
15 1851 -1947 1005
7 1206 -999 1916
1 812 -470 1272
3 1677 578 1696
11 1214 585 1259
7 -1392 -112 1899
14 1010 1391 1285
5 1684 -1821 1015
7 1871 992 1821
13 -1736 1013 1372
14 -1565 1245 1328
16 -1237 1661 1885
6 957 -981 1105
4 812 213 1888
18 1881 -557 1144
18 -1732 176 1495
1 -1757 -1922 1126
5 -968 681 1173
10 -16 -1394 1728
16 832 431 1319
19 1600 623 1520
20 354 1297 1816
1 -346 893 1158
9 -364 -621 1783
5 711 512 1439
20 -1818 -1514 1032
12 199 1631 1967
6 -894 -541 1834
10 1291 1410 1976
9 1183 -734 1260
10 1100 1686 1231
14 -506 251 1666
15 606 -443 1149
16 389 -19 1020
4 815 920 1129
19 -1180 -1435 1454
8 1699 -1496 1074
5 -1308 -1668 1188
1 920 -1745 1825
13 772 -52 1702
16 712 369 1811
3 272 -1220 1738
14 -906 1689 1091
9 -476 142 1734
16 -454 -1100 1054
7 -1143 417 1788
10 1172 -1523 1857
11 675 1760 1159
7 -263 -1957 1263
17 801 -144 1250
18 1350 1774 1252
6 1421 381 1830
2 -1813 -14 1924
20 -1100 -1484 1152
6 824 795 1990
15 -881 1378 1495
20 -1542 1768 1539
12 -321 -420 1277
5 975 1403 1798
9 -611 -1965 1837
10 -1201 22 1430
18 -2 1748 1648
8 1299 676 1018
9 -4 883 1491
20 -736 -1383 1673
14 -1898 -1026 1924
2 -1572 -161 1422
10 -1025 -1583 1144
13 652 1570 1113
19 -910 -95 1568
8 970 702 1494
5 1331 1646 1970
17 165 994 1009
10 743 -1215 1132
5 1314 849 1347
2 691 1737 1309
13 833 17 1699
2 267 -1213 1872
18 1812 -541 1244
12 1288 -649 1797
13 214 -141 1610
4 -1168 242 1031
15 1923 -1521 1611
20 -821 -287 1901
17 -670 -618 1006
4 139 572 1177
7 533 -303 1448
13 -1565 -1916 1266
11 707 -1773 1266
9 1335 -484 1204
11 741 1156 1933
12 65 -414 1823
14 130 -1484 1015
19 -1436 68 1564
6 -1478 1283 1623
8 -521 99 1941
20 601 -1131 1670
15 -1810 56 1320
5 -889 -341 1682
10 1033 -1954 1371
1 1856 1865 1659
1 -1141 -862 1144
11 -385 1508 1723
2 -1243 1542 1067
15 -1071 391 1333
16 -35 223 1453
17 -1296 1785 1914
11 -1961 713 1591
3 -128 1172 1381
5 -148 591 1004
14 934 -1774 1726
9 1169 268 1721
12 1002 450 1713
12 203 -1045 1202
7 -1875 -114 1759
9 -26 -1931 1913
3 -74 1348 1140
4 739 1914 1545
20 1128 -1772 1647
3 -591 1847 1104
3 -1533 -327 1046
17 -1008 642 1135
8 -23 -1598 1187
10 137 439 1677
18 1137 -1992 1969
12 -222 1492 1783
12 1411 -549 1428
15 -850 -22 1914
20 -382 -812 1828
5 -1886 1251 1671
3 -1827 -676 1326
10 -1192 -517 1470
2 938 -856 1078
7 -1349 -1687 1963
6 -1861 -1904 1802
14 1853 1575 1636
20 914 37 1302
11 -642 -603 1391
5 34 -498 1271
19 1006 756 1748
13 -558 -1906 1303
12 501 504 1381
3 -10 -581 1066
14 -1705 866 1949
14 547 934 1088
11 1775 741 1879
16 -248 -838 1972
7 660 140 1797
10 -1582 120 1605
19 -975 -1973 1226
9 -118 -46 1675
1 -852 -934 1463
18 -614 -1231 1479
9 -762 1133 1760
6 -632 -1049 1086
9 1914 376 1577
13 -1605 724 1768
1 572 764 1460
10 1560 -168 1230
18 -585 -865 1332
16 257 -867 1881
2 -514 1512 1291
2 -322 274 1987
1 -1245 1952 1737
7 -1562 1756 1965
17 591 492 1160
5 764 -199 1656
6 18 -1615 1272
13 -1085 1273 1706
13 1942 -1881 1772
4 -1552 1566 1271
16 -753 589 1276
11 -463 888 1433
19 -722 1609 1063
15 -1510 -1106 1094
12 1346 -640 1093
20 -513 335 1826
6 -4 -662 1003
5 -1489 -920 1782
13 1197 -20 1773
13 964 -1895 1309
7 516 1757 1059
6 553 -1588 1763
7 658 -653 1723
13 1289 -31 1681
6 -1999 -1294 1708
7 -1781 739 1734
4 496 -216 1538
17 1412 -173 1888
14 -1668 1579 1091
12 129 1284 1088
14 -1047 336 1406
13 -525 -257 1191
12 -291 1342 1901
20 -1349 -1868 1808
13 1033 1577 1082
4 -898 177 1616
11 -677 -1974 1571
20 1862 -1932 1087
6 1092 985 1853
7 -307 -501 1746
12 -1352 784 1451
16 1186 -1699 1435
17 -640 -1473 1483
17 982 614 1223
18 1529 1544 1715
19 -884 1709 1164
13 265 -246 1709
2 1508 477 1204
6 354 -1674 1959
13 227 -406 1565
2 1251 -1483 1843
20 1378 693 1859
3 -217 -1813 1279
19 1900 1766 1510
14 1230 -189 1833
1 169 -961 1503
2 -1617 806 1485
5 1782 -99 1075
2 423 1042 1513
1 772 -551 1650
3 242 -1681 1695
2 -1660 -1701 1377
1 -1466 1843 1207
17 994 185 1742
9 -1915 1102 1692
3 1801 -1009 1776
5 1119 392 1643
17 -521 521 1554
17 -956 -1807 1366
7 1638 211 1310
14 -1448 695 1357
16 -1109 902 1676
6 543 646 1843
11 -1292 -1508 1036
9 1209 1316 1259
7 -718 1634 1494
13 -724 1569 1130
7 -1352 379 1682
2 1448 1701 1464
9 -1295 379 1723
17 -1518 1249 1936
14 -673 1908 1994
4 1337 -1127 1423
15 -356 -378 1847
3 -764 16 1133
20 1841 426 1031
12 770 -1392 1256
4 -767 1246 1503
3 1829 840 1294
15 -1638 -1555 1638
9 466 1342 1423
5 1492 441 1294
4 -1030 496 1327
4 51 -1925 1742
12 -19 1674 1758
9 836 702 1676
7 -431 1597 1014
6 1295 -605 1248
12 -592 -168 1155
18 396 1808 1385
11 716 407 1023
10 1378 1125 1606
14 -1361 896 1391
9 -1131 1772 1165
17 220 -708 1747
7 -388 -889 1105
10 1269 -1705 1786
20 1626 1203 1066
4 -244 -1361 1067
15 -1856 -19 1819
19 -45 -1754 1966
15 650 1038 1806
9 -1613 307 1807
10 601 -595 1648
18 610 1067 1738
13 1586 -1672 1674
15 194 -132 1021
1 -526 -535 1438
14 325 -103 1704
3 -1562 -1154 1476
7 627 -556 1942
20 -1389 -1202 1256
12 509 983 1724
17 -194 -1016 1634
9 -165 1850 1499
18 -213 947 1986
19 -1395 959 1813
6 1000 1166 1261
8 196 -1979 1939
20 -839 1443 1327
16 1760 -369 1453
18 626 -1627 1187
1 -365 1660 1116
5 1626 679 1319
19 1910 -1873 1782
10 657 -249 1314
7 -669 994 1363
14 -993 1365 1361
11 -1219 -1908 1123
6 1566 830 1014
19 1811 944 1025
7 -1095 -376 1806
4 328 -774 1046
1 -1533 -1470 1341
20 -389 -1016 1402
15 691 830 1150
20 968 -1327 1892
8 -1836 24 1995
7 -190 -281 1226
10 -766 71 1737
20 -1164 -561 1381
7 -913 1672 1614
16 -12 763 1067
2 153 863 1133
19 1557 -1712 1332
9 996 -1134 1905
2 1041 -827 1746
20 -969 -1549 1333
2 1346 -494 1528
6 -574 317 1910
13 -680 -1623 1302
3 1183 1933 1478
20 -266 1182 1486
19 969 1503 1252
11 -1167 -242 1684
17 -1066 -926 1260
3 -1685 706 1501
20 -361 694 1118
17 -736 -146 1197
18 1380 874 1249
15 391 -427 1203
20 1051 -1430 1152
10 -1833 -1068 1117
19 -31 -1454 1369
10 -260 1300 1750
4 -283 1495 1550
12 -150 -748 1214
7 135 529 1975
5 1086 1807 1694
19 -1145 408 1758
15 -778 724 1157
20 280 545 1915
18 -281 515 1835
18 341 -810 1146
12 291 1157 1803
19 -686 -832 1289
9 -1194 -1990 1628
8 733 -1152 1906
7 -1210 65 1919
10 1506 -1413 1171
10 -1664 272 1114
10 424 553 1653
15 1600 -57 1425
5 -365 1746 1786
16 175 -1724 1301
8 -114 1004 1815
13 -1501 -847 1318
20 -346 -371 1781
19 -863 -107 1121
1 -1021 -1619 1764
16 -1418 -1237 1648
1 269 64 1894
4 1790 886 1356
14 749 -769 1177
13 1206 -1747 1077
15 617 1700 1954
7 -548 -1729 1946
18 -1487 860 1832
7 -1770 -572 1818
12 -350 -430 1089
19 492 -865 1330
6 1198 1489 1947
15 1259 1469 1138
1 -1046 452 1729
13 1705 853 1882
17 -150 615 1835
9 -66 -215 1732
13 -1596 1017 1197
8 -1217 -1432 1044
12 517 269 1982
8 1863 -512 1496
13 1998 912 1140
5 130 1255 1419
11 -464 -891 1815
8 -557 202 1164
4 1799 -528 1911
19 706 -246 1521
5 1905 -647 1873
7 -381 -1426 1704
11 677 526 1055
19 1010 -957 1089
2 201 -845 1472
2 189 -1481 1395
1 -1765 1199 1290
17 1323 600 1294
12 -419 1660 1999
8 -1850 1037 1596
15 1875 -1518 1341
16 608 -476 1468
4 -731 465 1418
11 1108 -1109 1963
9 -1619 912 1793
9 -1509 1482 1441
13 -928 -491 1412
3 -94 784 1997
18 610 -956 1192
19 -790 592 1827
5 1413 1407 1915
17 -1690 775 1168
10 928 -1202 1307
7 27 1843 1091
16 286 -601 1080
1 275 -748 1819
19 1500 657 1220
12 -275 630 1159
19 1209 -590 1454
18 339 -1839 1963
18 -1441 -1973 1187
11 727 1545 1547
6 1457 725 1584
12 1918 189 1236
14 -380 -895 1335
3 -1709 -968 1328
20 208 -889 1500
17 -915 1745 1401
13 -42 -867 1588
9 527 1316 1099
5 1300 -536 1070
11 620 -1179 1750
7 -1495 364 1308
17 1507 1051 1243
7 1380 1059 1511
10 1695 1333 1599
13 -1381 -311 1185
18 -42 -72 1409
11 1671 -10 1702
11 1530 1785 1974
19 -1320 1119 1440
9 -1955 -566 1449
4 1530 -11 1828
1 85 1229 1872
12 -1878 1741 2000
9 770 1602 1589
4 977 -592 1390
14 -487 -1605 1227
5 -327 -28 1877
15 1819 -353 1861
19 -1454 1574 1280
3 -860 -1895 1913
13 -1626 327 1276
7 672 49 1718
18 -1996 571 1122
2 377 1476 1237
9 -67 283 1687
4 -1700 -990 1037
9 82 802 1409
19 -238 286 1282
16 -748 954 1577
14 1845 1703 1613
11 693 1323 1932
10 1375 -1588 1072
19 764 1911 1604
10 -739 -1266 1158
1 -149 217 1480
1 -1393 -1212 1601
2 1007 1762 1037
8 -1745 -1039 1582
6 1848 1297 1748
3 -64 -450 1409
16 -781 699 1361
7 61 -1544 1045
19 704 1458 1898
10 -1765 1716 1487
13 -44 -1262 1376
8 -427 -1289 1564
8 1676 -101 1109
14 -1976 -208 1251
11 244 -464 1271
2 -622 1920 1304
4 -623 -83 1274
17 1421 -1729 1715
11 -830 1576 1319
10 1285 109 1481
11 1355 1828 1095
8 -1856 734 1897
8 -1179 -225 1857
12 1325 -1036 1757
18 1796 779 1678
2 238 532 1571
20 -1525 1626 1702
7 296 1490 1451
17 982 1601 1891
20 -1040 1950 1123
11 1007 36 1299
3 1610 538 1818
11 1461 -996 1918
9 -67 2 1804
6 301 -21 1051
10 1389 -595 1306
9 802 1849 1241
15 -159 -412 1324
13 1105 563 1363
13 -33 -277 1400
19 -646 -1095 1271
10 441 -500 1951
15 1598 1985 1993
15 -565 -1319 1736
3 224 -627 1805
15 -891 -1807 1335
17 1571 -1768 1448
6 717 -48 1943
8 190 -773 1146
2 -1273 1423 1337
10 -1454 1651 1854
10 -1518 -1958 1769
4 1475 -1614 1829
2 272 804 1699
19 -1354 -627 1415
4 1802 1834 1656
4 -900 -840 1326
8 -1057 -157 1838
7 1477 -11 1174
12 1312 1224 1983
7 -960 1456 1874
7 -82 -1155 1038
19 -1207 -886 1094
1 131 -182 1030
2 1070 -609 1364
8 -1631 1667 1704
7 110 1878 1210
11 -1437 1309 1993
16 -207 -874 1677
7 -27 1152 1233
18 1303 -1460 1839
8 1546 -1042 1018
18 477 -293 1895
3 1550 -728 1090
17 -1662 -1732 1635
13 127 -494 1286
11 -1495 -1092 1387
20 818 112 1860
3 648 1831 1013
9 -479 618 1600
20 -477 1381 1898
8 539 -45 1127
1 -1896 1116 1765
18 1966 433 1878
9 1677 1087 1878
16 -492 1661 1476
6 -1546 101 1389
16 1987 1581 1886
13 67 -1834 1163
3 -1342 408 1782
11 1118 -1316 1719
4 1760 -1446 1952
1 -615 -1811 1279
18 286 1417 1072
19 -1323 399 1259
18 389 829 1924
12 1518 1282 1168
4 1202 432 1617
3 -1810 242 1458
9 271 230 1068
7 423 565 1825
3 -205 1602 1672
7 1604 -1641 1318
14 -739 589 1430
1 413 -657 1986
11 -1175 -511 1562
2 -1691 682 1130
20 -1508 -1601 1301
15 -1417 1842 1948
1 1056 1405 1006
13 -1434 1556 1979
8 1070 1892 1023
13 1604 1737 1929
13 1205 1610 1907
15 1379 1604 1167
17 -1185 -1666 1785
6 1126 -1138 1263
18 -1059 1602 1383
5 -1307 -1478 1464
4 -1432 -172 1986
18 1690 196 1048
17 1582 821 1154
18 32 -407 1588
13 1303 982 1103
10 505 -1920 1410
5 784 -931 1591
11 1415 1035 1300
3 826 -1208 1118
2 -773 -716 1888
15 675 617 1073
12 44 356 1148
11 -77 -616 1298
10 351 -1238 1087
7 -679 85 1072
4 -12 1654 1095
4 -1098 1277 1137
8 -66 1287 1806
12 -1119 1679 1981
16 733 -313 1290
11 1960 -369 1100
11 -756 -1240 1879
10 1513 -454 1711
3 1196 1769 1362
15 -907 -674 1203
5 -1072 -805 1857
14 -748 -165 1527
14 615 358 1309
9 -1031 1891 1635
2 -934 1390 1073
20 -830 -610 1015
16 646 -931 1790
1 881 -924 1704
8 -403 -395 1259
19 78 463 1616
10 1511 357 1174
2 155 1537 1091
12 1354 295 1051
4 377 1301 1448
19 -1355 -636 1084
8 -1777 1537 1052
17 850 -521 1794
11 -21 -827 1880
1 215 -705 1422
12 -149 -250 1419
8 -1344 1377 1805
7 -1814 -41 1378
1 -623 351 1201
10 -1988 -974 1879
8 804 -1382 1811
12 893 -1404 1192
17 1671 -1727 1006
17 1650 115 1448
19 -1903 -849 1270
7 -624 605 1023
5 -1854 608 1754
2 -89 657 1063
1 574 -785 1101
16 -1638 1207 1821
8 128 -1846 1652
9 -35 -105 1993
19 -185 -673 1252
18 1956 747 1711
11 27 -68 1721
13 370 423 1961
1 173 1139 1360
6 36 903 1473
18 -1385 1145 1906
14 972 -581 1194
2 1717 -1558 1599
19 -1297 -1344 1731
12 -1031 -555 1935
9 -1362 1007 1886
19 -1091 782 1843
14 1841 -70 1427
5 -1472 -1763 1988
14 -1150 1102 1012
7 -817 -198 1689
15 259 1651 1302
6 -804 640 1189
12 1737 -997 1918
19 1139 1876 1579
5 266 1359 1510
3 556 873 1759
12 1053 -1604 1031
19 -1526 -492 1508
12 1439 -839 1992
11 -158 -1226 1394
6 -279 14 1905
10 -869 -379 1962
17 1012 943 1120
11 -1978 -227 1551
20 1756 909 1684
12 521 -34 1221
8 1612 -429 1093
14 602 1743 1911
1 -805 1054 1096
18 864 9 1474
20 1589 -1245 1703
9 -323 -1399 1693
3 696 79 1434
8 -691 1208 1228
2 1657 -1230 1131
16 369 -1465 1280
19 1395 1397 1860
17 1621 -1263 1931
10 1748 892 1547
18 1921 -1101 1490
16 -1261 654 1034
18 736 458 1614
6 -1186 -340 1327
3 1955 -320 1228
11 -1659 503 1601
18 -1303 -439 1427
13 -1882 310 1963
12 597 -385 1217
19 -333 520 1380
18 -1828 -777 1029
5 1598 205 1225
5 -659 -824 1674
9 1959 1852 1428
14 -1613 1826 1480
7 -821 -1370 1779
5 -166 -614 1450
12 1368 141 1510
17 -347 -343 1852
10 1499 17 1135
9 998 -2 1193
17 -515 1856 1017
4 -1893 1094 1633
15 209 -966 1041
17 1256 1323 1632
12 -491 -1580 1981
6 1782 1526 1578
5 874 -1956 1464
16 -1866 315 1889
4 122 401 1421
4 -181 -180 1308
1 550 -1811 1740
2 465 -1999 1969
9 -1098 -1152 1907
5 633 1182 1371
10 -1358 -1016 1061
16 563 -818 1748
5 -1416 -583 1551
10 1696 1636 1623
17 -587 114 1300
18 -1737 -563 1769
14 -1459 1129 1081
18 -1791 -847 1741
6 1607 1996 1635
19 -1130 678 1643
8 969 -1191 1516
6 -1683 1400 1362
4 1745 -33 1123
12 -1337 1313 1290
12 1209 962 1717
14 1337 -1656 1470
16 -252 158 1131
16 998 1706 1377
13 -417 -513 1437
17 950 -976 1887
1 -280 -453 1410
4 -1533 1743 1205
20 -82 -1443 1002
4 1966 879 1045
16 1169 -925 1391
12 -1587 -1578 1768
5 -1169 1508 1613
14 -322 -860 1269
4 1569 -14 1706
3 1565 -1701 1297
19 -1135 -1038 1030
16 1688 -1207 1389
14 -985 -242 1144
9 -1059 1182 1428
11 1414 1725 1329
1 -1656 -408 1077
18 634 -1870 1995
20 1405 895 1140
16 483 -1282 1047
2 1004 -1582 1314
11 -680 1557 1924
13 -1064 -1475 1667
3 -276 774 1768
10 -1910 1176 1798
10 1025 1593 1764
11 439 -1060 1392
8 720 -1182 1566
15 -1027 -861 1904
6 -1457 1107 1347
3 -787 1416 1172
10 267 768 1250
6 -1458 -432 1886
20 1862 -428 1481
12 909 1604 1019
17 -1164 -1295 1441
5 1558 2000 1270
19 388 476 1801
12 1446 557 1636
2 1297 923 1686
12 166 277 1464
16 1276 141 1973
15 1583 -670 1242
13 -1001 -1574 1509
18 1267 819 2000
2 186 -1483 1742
2 162 301 1838
17 1382 -145 1174
8 1249 312 1788
2 -65 -815 1233
1 -220 287 1744
7 1494 -1868 1765
18 867 1173 1277
4 923 -1713 1356
15 818 -2 1748
10 -888 -1823 1215
19 356 -392 1645
15 737 -1067 1899
1 -521 121 1043
15 -1809 -427 1911
7 -1084 -2 1778
12 1937 5 1110
19 -985 515 1653
6 -293 722 1379
20 -546 384 1782
18 -280 287 1755
7 1416 -1839 1971
2 -101 -1320 1984
15 827 1737 1289
6 418 -946 1854
4 -1392 376 1184
7 1321 -1862 1350
6 -1911 74 1714
11 -352 191 1482
16 -1154 781 1175
3 -1684 -1069 1487
1 1117 -804 1555
10 -899 1394 1624
4 163 1348 1294
19 -277 1010 1164
20 -34 1246 1980
3 -1360 363 1439
11 453 -1362 1744
6 -991 499 1658
6 -348 -1420 1926
17 1729 1567 1963
17 1221 1435 1543
17 1756 -552 1310
15 -1765 600 1252
13 -719 -1213 1626
4 -1145 -430 1405
3 -169 -1089 1067
4 1469 1361 1841
10 1429 1860 1574
14 -1677 1002 1673
6 -1210 173 1727
9 -280 1554 1897
4 1620 1883 1069
15 1796 159 1341
10 -1347 81 1083
17 979 373 1971
1 -507 707 1778
8 839 -1009 1718
5 -1707 -1566 1792
5 -518 -780 1307
7 -1897 -242 1870
1 -388 -1805 1827
4 -752 -1855 1751
12 1581 924 1710
2 -1637 380 1728
5 -2000 1998 1489
2 -430 -1089 1133
15 -622 663 1863
3 -1334 1505 1961
12 -1856 -721 1832
4 1054 -94 1613
5 1361 -1081 1494
14 -1945 609 1105
7 -1306 1382 1247
5 -275 -1729 1355
15 1762 -371 1728
14 -826 -1370 1797
10 1708 750 1873
7 -186 1785 1724
1 -42 -1447 1665
16 -181 61 1603
9 452 497 1161
10 -1233 1901 1950
10 544 1261 1858
7 -1408 907 1499
3 597 249 1068
19 -1562 -1254 1812
11 9 1619 1578
4 -114 -1370 1048
4 -1755 -100 1863
10 1590 -188 1383
7 535 1013 1836
14 -476 681 1724
5 1999 1689 1145
10 -782 252 1903
19 1131 456 1499
14 562 -1748 1388
2 1952 -387 1624
4 1161 -1983 1998
2 1392 -1280 1764
16 -1901 929 1172
18 1638 1132 1436
19 -1017 1107 1565
5 466 -142 1802
15 -1602 1257 1297
10 -1222 914 1245
4 -388 1232 1332
8 -1624 1982 1591
15 939 1242 1752
5 -822 89 1707
2 -1594 943 1019
6 196 -150 1920
6 1854 821 1632
8 -1414 -1375 1126
14 -794 -1440 1929
15 -618 -1739 1468
13 902 170 1206
10 1026 -1112 1476
4 -468 1477 1529
9 383 412 1998
11 -1992 -1245 1155
4 1931 -122 1368
3 36 -122 1978
13 1558 -1551 1264
2 -1696 706 1549
2 1405 876 1003
16 898 -843 1553
18 1619 -843 1135
14 -1276 -856 1194
3 -944 -681 1910
6 132 1627 1730
14 -795 356 1981
20 -628 775 1762
11 -955 -1863 1447
2 -627 -1399 1531
17 -666 -1211 1334
4 -967 1831 1621
16 -134 1095 1796
11 1457 -910 1992
12 778 -1579 1609
17 1928 433 1823
7 -805 -915 1293
14 1270 1971 1109
3 1663 1155 1493
12 -1421 673 1082
11 423 -293 1762
6 -315 1472 1559
13 -783 1452 1800
12 -1084 1133 1057
10 1166 -267 1169
1 -56 885 1437
6 1388 910 1736
18 -585 886 1538
16 734 942 1074
16 1154 1355 1494
8 -1445 294 1068
1 129 -566 1811
6 19 1482 1704
5 1592 352 1758
9 -1012 -1798 1202
6 -423 -138 1875
4 -213 536 1671
12 552 955 1467
5 -606 1190 1290
1 1762 1305 1129
1 77 -105 1962
20 -1249 -1966 1598
9 304 -1348 1775
9 92 -1295 1540
14 -304 520 1076
10 570 611 1991
12 898 -706 1176
6 388 -73 1624
6 -1527 -1829 1247
6 -1270 711 1339
7 825 -245 1348
5 -1441 -1923 1787
10 -1265 -1152 1563
3 1028 190 1464
10 -397 1359 1750
10 -1336 -202 1788
5 -1744 1565 1116
9 -380 1332 1040
12 1356 -1983 1281
5 1656 -1806 1002
20 -1368 -1221 1285
17 -439 786 1233
18 -776 568 1972
4 -1382 737 1015
3 -1259 -482 1060
7 -543 -163 1108
11 924 -348 1212
6 -33 1143 1049
5 595 -1988 1391
14 -1836 914 1780
4 1214 -1387 1447
17 -211 -327 1287
3 -1398 421 1903
7 -962 -1716 1698
17 1930 -1726 1970
18 -1722 -659 1619
8 69 1311 1702
17 -896 -936 1610
17 -1535 715 1842
12 -1631 445 1737
13 -1917 -148 1285
9 -1815 -1335 1925
12 62 -254 1933
15 -1913 -1507 1426
17 -942 173 1498
19 -1434 -784 1772
11 -1987 1158 1474
13 1849 -1932 1969
5 -971 -1749 1972
6 -1951 1672 1687
14 911 1796 1133
20 422 -730 1843
8 1737 2000 1293
19 1643 468 1782
4 379 -1082 1140
16 830 1193 1755
3 1296 -825 1747
5 1539 1917 1947
6 1274 -953 1439
2 -777 1080 1879
18 -419 -1778 1653
4 1939 -1348 1955
8 308 22 1339
1 -257 -843 1969
8 -1960 -1468 1878
6 1494 1447 1033
17 -1582 603 1081
15 258 1253 1190
10 1817 -849 1659
1 -1483 1760 1574
13 -1026 -84 1905
1 1994 189 1009
15 -1189 1127 1385
5 -372 -1514 1432
1 -507 -256 1524
17 -1350 -1978 1633
4 1079 -615 1453
15 954 -28 1073
1 851 -1161 1328
19 1194 -1359 1757
16 1365 -1173 1132
7 1101 1215 1259
20 -717 701 1286
6 1659 965 1228
4 -317 1204 1974
12 -588 -155 1201
15 1176 581 1785
7 -780 -1169 1165
4 729 1500 1073
6 1477 -420 1473
9 799 813 1955
10 -1991 -1915 1738
3 -608 868 1918
11 1552 -694 1766
7 1750 1162 1417
18 -1592 -394 1591
18 514 670 1628
8 1959 1030 1921
16 -1235 1694 1969
11 549 -1568 1615
12 720 -890 1006
8 -495 -602 1069
9 1932 1753 1562
11 850 -965 1297
6 372 -643 1634
5 118 842 1515
2 -1347 -645 1738
15 754 -1273 1735
7 1169 1839 1138
3 1454 -891 1263
10 1190 244 1945
10 -1160 257 1652
16 -1256 631 1294
11 1356 1125 1153
2 -1967 1157 1618
17 1799 1683 1165
16 850 -1233 1806
13 371 829 1660
17 -1117 -668 1598
15 -712 711 1706
16 -311 1866 1664
20 -1445 1723 1490
20 324 1540 1586
18 -1993 -788 1828
4 291 -1598 1821
1 -377 -187 1875
18 1456 1563 1394
18 770 -1439 1856
7 -129 1767 1182
3 -1538 -1522 1104
16 216 -247 1793
4 742 429 1720
10 -1119 1214 1922
15 -542 -777 1866
18 -857 1204 1258
4 -100 -1188 1945
8 -1088 195 1332
16 1749 1020 1587
15 242 710 1155
5 1738 563 1913
14 501 1970 1587
7 -1704 -341 1761
11 280 -501 1615
16 350 -444 1398
20 -92 17 1134
16 418 1488 1613
12 655 1492 1341
8 -825 487 1527
8 -177 -1617 1509
10 104 -63 1777
19 -709 -1063 1711
10 324 -1015 1391
1 -1771 856 1693
14 -1704 1968 1863
7 -1163 -1053 1452
10 95 -1343 1942
13 1263 1978 1318
19 1940 -757 1039
10 774 -358 1584
7 -1056 -1434 1108
1 698 -738 1935
6 -1450 1898 1022
4 -686 -8 1652
1 -1362 -1230 1109
16 957 -735 1041
2 -1676 -1446 1232
10 -641 -1313 1722
17 -785 1159 1668
3 -1427 -180 1691
8 -1828 -470 1753
16 549 -363 1463
19 1530 -1914 1281
17 1609 -1167 1766
20 -895 -1897 1213
1 -1989 83 1959
2 1058 -600 1670
3 -1377 -1248 1247
13 -1067 241 1435
13 -570 -1611 1964
3 -312 1639 1192
17 463 -409 1497
7 225 -553 1242
14 -161 -688 1084
18 1202 -453 1691
2 -1252 -404 1017
7 -530 378 1136
1 -1403 -1113 1185
10 -408 1900 1676
18 -1446 -74 1780
17 -1126 -1991 1141
17 -1529 531 1650
15 -892 -1645 1853
6 -1083 1268 1202
5 -1154 -681 1940
20 1139 -53 1315
2 217 -285 1793
10 1958 204 1129
13 1111 -1612 1314
10 984 422 1425
19 806 526 1449
9 -1178 1243 1993
8 789 1399 1871
20 468 -438 1797
9 -495 -457 1533
20 -215 814 1584
4 -989 -1343 1418
18 -18 579 1735
5 431 -910 1297
7 1275 981 1883
5 -1872 495 1133
11 -458 -1459 1702
2 -1983 269 1983
1 -1804 -826 1926
20 1437 921 1861
16 -477 531 1987
17 759 1030 1355
2 223 386 1159
17 1693 -1185 1496
16 -1007 1555 1834
18 834 1167 1478
11 -114 -442 1450
3 -633 -1352 1313
4 963 -1183 1117
20 -1031 -1940 1535
8 -1350 1692 1045
15 1095 1165 1445
16 -1581 1234 1372
7 -13 -820 1093
16 -900 30 1624
1 -1373 1087 1584
7 903 -1179 1471
20 218 -1146 1629
20 -1160 -530 1414
4 1668 1947 1390
5 1798 -139 1391
19 -950 -1408 1561
7 -555 594 1767
4 -1180 -511 1223
15 1285 -864 1498
7 -1325 1609 1606
14 448 865 1666
18 -1968 -1934 1651
5 1855 -174 1779
17 -656 -1580 1117
1 1042 -1915 1422
18 1997 462 1864
10 1384 1758 1298
1 28 -1622 1865
11 -659 -1936 1196
19 -66 152 1318
7 -918 -1510 1860
18 -1718 1757 1120
12 -696 302 1575
18 -1424 1328 1801
19 435 -1734 1110
8 -285 -1641 1678
2 -1000 1110 1337
14 946 -830 1942
7 887 1117 1969
12 1430 -187 1266
2 981 -154 1741
20 1277 1116 1865
7 -1562 1171 1884
10 -1702 -318 1313
3 -13 -1453 1577
15 123 617 1479
2 1116 -529 1687
5 -1748 -1064 1990
14 221 -856 1496
12 741 -1932 1053
5 1617 -1454 1857
10 1846 -551 1125
18 1353 873 1126
19 685 -1336 1880
3 -976 624 1927
12 923 -742 1908
1 1697 1127 1324
7 -1424 -755 1983
9 1979 -1692 1545
4 1718 310 1847
3 -453 -1850 1758
13 -1950 -407 1977
10 -987 -814 1098
5 -1056 -960 1829
1 1585 1270 1903
12 1237 737 1345
3 -819 -1252 1876
5 921 -925 1060
3 -56 830 1658
1 -1264 -1292 1539
3 -1468 -248 1068
13 -237 -613 1988
4 619 -1758 1870
3 1661 1913 1401
7 -1819 518 1546
3 1861 822 1106
13 -1056 625 1401
3 428 1720 1437
15 -1588 137 1853
11 389 1023 1617
1 -1885 -830 1993
20 -770 319 1499
18 783 -407 1451
8 -268 1934 1388
17 -601 342 1799
11 -1509 -1087 1661
9 1960 1716 1230
11 -1501 -568 1045
17 -1049 -1659 1465
12 1799 -1229 1261
3 89 907 1755
11 -1987 -461 1659
8 849 -227 1284
10 1856 1753 1936
1 -1754 -198 1564
9 -328 1814 1254
2 -669 622 1190
10 1620 1980 1170
2 1707 -1697 1613
17 -1564 1082 1767
1 -952 353 1317
11 -1504 321 1396
7 1275 -1547 1935
2 -791 -1594 1829
2 -1546 -765 1036
10 1830 -972 1831
4 308 -255 1483
9 728 -426 1349
12 -1038 -1249 1005
3 -43 1685 1867
16 -1726 -53 1258
13 -320 728 1078
1 1496 343 1331
1 210 -103 1582
11 -175 1958 1982
15 687 1998 1866
1 796 1461 1013
8 -274 -1560 1040
14 -497 1563 1675
10 964 -1149 1168
9 -557 -1805 1380
9 1376 -1206 1957
5 -344 868 1622
7 -748 -1455 1940
16 1690 -55 1752
8 -1343 968 1168
16 -171 1341 1159
1 -633 -167 1431
20 -1236 246 1698
16 -539 604 1390
17 -275 1331 1409
1 -1473 289 1776
2 -168 1486 1159
2 -1164 -698 1380
19 826 -1791 1887
19 -1690 105 1178
16 1133 1006 1834
13 -608 -1953 1696
4 -600 -1176 1492
2 -1307 -1551 1896
14 -236 1580 1752
14 -1855 1811 1892
12 -1049 -1270 1376
7 1440 -897 1340
20 1632 99 1241
5 110 -17 1885
1 359 -1410 1929
17 -1411 -1490 1250
4 772 -1394 1735
1 500 -605 1602
8 253 -793 1086
13 1168 1804 1933
13 1022 -177 1712
18 1326 -676 1412
8 1816 833 1556
6 1877 523 1384
9 -1135 1373 1948
10 -1493 266 1806
2 1450 1613 1828
13 837 -143 1171
13 472 283 1074
18 -285 793 1067
1 1342 1331 1557
6 -693 586 1099
20 503 -155 1535
13 -192 -1211 1947
15 1118 1095 1062
4 -1648 -768 1120
10 467 339 1488
17 1119 -50 1556
12 -308 -189 1611
8 -1412 -595 1360
9 1743 -876 1263
10 1680 1341 1105
13 -1854 1694 1282
9 812 595 1070
15 -1126 487 1924
5 -787 -867 1171
10 1922 -943 1450
16 -303 966 1966
4 396 572 1946
6 -1783 1819 1304
6 -1257 1481 1796
4 -1823 -478 1227
17 1452 1854 1963
4 402 83 1332
6 -1755 824 1794
6 -1688 253 1048
10 -714 647 1583
3 1699 -1348 1051
5 -336 1489 1650
9 621 -1536 1535
14 1191 -1576 1067
9 1594 -1719 1691
8 366 -879 1843
10 202 1683 1272
13 -636 -869 1487
15 -631 1419 1090
7 -1950 -1710 1778
5 -1769 1555 1115
13 -665 -1671 1789
20 -1632 1581 1371
13 1724 -1371 1044
5 -203 1609 1085
7 -1131 324 1623
14 -664 -407 1940
10 -1130 -183 1218
15 -1469 1002 1033
2 -1345 -1253 1744
1 277 1423 1869
11 -1987 -586 1734
6 1259 -397 1283
8 255 -691 1270
6 724 -1899 1488
4 866 -1960 1021
15 481 1435 1652
1 167 189 1576
13 845 1836 1967
16 -1784 550 1755
17 1662 836 1489
10 1997 362 1411
5 700 -606 1240
20 562 -602 1863
13 274 1195 1988
3 421 834 1218
19 -1091 687 1441
11 1178 -340 1787
19 193 1733 1894
3 -1480 1996 1885
14 -157 -858 1660
10 -900 -1161 1399
10 -735 1501 1815
15 -1179 -1325 1533
11 1172 -1181 1261
5 -1384 260 1354
10 -368 1818 1539
10 4 231 1046
9 -139 798 1184
11 -771 -1825 1817
13 -1291 944 1293
13 -1981 -298 1422
1 -266 -1013 1733
17 -1300 -427 1023
8 -1950 1464 1802
11 -1259 -1781 1607
11 -15 -1087 1252
6 1340 873 1831
2 1036 -1588 1442
17 599 1799 1507
14 1341 -1580 1542
10 793 1414 1442
17 -69 -1895 1629
3 551 -424 1887
7 1863 -839 1639
11 351 -275 1632
17 905 767 1749
4 706 -1491 1421
1 806 965 1034
3 -594 653 1251
3 -853 -1645 1045
16 165 177 1804
13 -433 1901 1543
2 1782 -171 1270
19 -687 154 1185
5 501 -438 1566
10 -217 481 1473
1 -635 1299 1765
20 -1194 1754 1098
12 1688 -1819 1599
5 986 -1947 1733
20 -690 -1489 1162
11 1578 469 1880
4 -116 -1426 1702
2 56 1200 1941
18 684 -701 1352
19 476 1270 1101
11 1834 -1169 1127
20 620 -329 1836
16 -1323 -1785 1937
13 -422 272 1054
17 -589 73 1159
19 1171 -680 1152
13 -1371 -126 1833
4 -84 -857 1664
3 -113 1137 1356
16 -1036 -1001 1058
2 775 1122 1354
9 -1186 -355 1564
9 813 -1512 1466
7 1963 -728 1265
2 -649 620 1471
16 -1292 -318 1271
14 -595 -635 1543
11 -541 672 1336
6 1085 174 1736
8 -1455 298 1105
15 -1313 1384 1271
9 523 -85 1544
13 156 -248 1131
17 5 -1920 1108
7 926 -987 1985
9 1868 -211 1198
17 -1627 1767 1044
1 94 446 1652
3 1278 -12 1313
14 1544 1089 1846
11 -1300 139 1057
17 -1320 -1066 1599
2 -575 1403 1017
16 149 1247 1110
5 892 -1540 1029
12 -801 -1010 1195
17 910 -1325 1286
12 -298 -906 1683
15 -681 -250 1931
12 1928 10 1641
4 1952 -1396 1755
18 -656 1277 1953
8 1018 -557 1366
17 34 -1524 1816
10 374 -72 1140
17 1919 356 1206
13 1666 330 1774
16 -1140 -1257 1455
20 -563 -592 1458
6 -620 746 1470
6 -503 1325 1471
5 1385 907 1358
13 -524 -1617 1453
9 1262 -1773 1042
2 -457 1997 1311
3 -1933 -646 1799
18 -598 -1293 1988
4 478 -263 1695
17 952 -1341 1088
14 -940 -760 1045
6 1457 -1706 1122
14 1706 1209 1228
20 -408 1673 1864
20 262 550 1827
14 -1503 924 1490
9 1039 582 1072
7 1255 1895 1043
11 1205 1169 1917
9 -1647 -268 1508
6 901 1020 1007
1 683 -688 1097
7 1414 -628 1378
16 900 1970 1164
12 662 -1117 1345
15 -1494 -1997 1521
13 1006 -101 1406
19 996 1392 1601
12 179 -507 1880
5 1498 620 1235
8 227 -243 1083
1 1757 -1933 1261
13 -1873 -1020 1672
6 -556 1528 1978
6 -1747 -349 1545
11 1810 -1026 1924
8 643 1491 1030
10 -1832 -146 1178
8 1438 8 1020
4 1839 1604 1152
16 961 1491 1526
14 449 177 1164
4 -1069 502 1718
5 1789 -1360 1371
18 -1224 1390 1200
10 -1630 1156 1328
14 -906 -1133 1740
5 83 -20 1399
10 155 -1677 1486
17 -33 -1549 1689
18 -100 1351 1240
1 -1296 -324 1759
15 -928 377 1449
20 1024 952 1274
2 -338 562 1553
1 -1252 1475 1360
1 -79 1361 1009
2 -1777 881 1315
9 1436 1451 1627
16 1619 -338 1275
10 -318 1218 1105
4 173 -1213 1889
5 -1836 230 1002
3 -688 407 1373
16 -1450 -1062 1516
9 -1075 -216 1932
3 -1362 -1888 1061
5 262 -832 1677
19 151 -790 1513
14 1297 -22 1883
14 -1351 -1640 1634
19 563 -709 1387
20 1525 447 1376
7 -734 -202 1081
14 326 -83 1889
8 -309 1788 1587
2 987 -25 1751
15 -1420 -1665 1283
9 -354 496 1444
17 -906 603 1229
10 -1086 146 1110
19 -725 72 1513
16 262 -1508 1469
13 1243 975 1873
12 -818 -661 1307
10 1191 -822 1200
2 70 1756 1488
18 655 469 1771
3 1193 797 1935
1 927 1358 1302
13 -1989 -1231 1159
13 937 356 1839
20 -1309 917 1898
11 1155 -591 1274
1 663 1218 1238
20 783 -843 1770
14 -1601 33 1248
13 -161 1276 1689
7 -508 173 1096
15 794 -1314 1366
18 -1957 -1502 1848
7 -1224 1074 1310
11 -1553 1147 1118
13 1044 -30 1717
12 -377 -913 1030
8 1784 1881 1001
12 -1908 204 1092
15 195 -419 1612
2 -1320 -920 1611
4 -451 -1041 1349
19 1307 1557 1085
1 461 696 1645
11 1134 264 1228
1 319 739 1461
19 -1946 -1505 1592
18 733 795 1974
17 1328 -1417 1076
8 -773 694 1836
5 1684 1516 1341
2 1421 1804 1421
5 -778 1900 1353
20 0 1279 1908
1 6 -1328 1940
2 1480 135 1595
2 -1571 1175 1669
7 -1922 -1150 1884
14 -1866 -328 1445
14 -1030 -868 1905
17 1255 -250 1822
13 1124 -1519 1154
