1049
1 634 234 1336
3 576 -1471 1737
13 63 457 1959
18 785 107 1643
12 1327 -657 1291
10 1087 -1659 1913
4 -108 -1115 1411
10 1071 1061 1866
13 318 98 1648
5 -1635 -1163 1541
14 -994 -1563 1598
3 669 784 1594
5 1759 1859 1884
13 327 -449 1212
14 927 171 1875
16 -1778 -631 1106
20 1427 1004 1887
2 1006 978 1150
1 1148 1008 1038
2 852 286 1154
17 -1690 -857 1829
15 1830 930 1112
14 -1372 691 1168
12 -1153 -909 1656
5 712 -1410 1657
4 -919 -55 1172
6 -1812 -1322 1041
19 -1329 -1956 1379
19 1325 435 1734
10 1841 953 1042
17 -1364 1841 1829
11 -1781 -1213 1632
16 1487 1819 1314
9 1718 -1083 1663
10 -1847 -1115 1454
11 -874 1338 1275
15 795 -1525 1419
4 908 1176 1608
13 231 -762 1294
19 116 -1634 1773
1 -534 515 1808
16 -390 -35 1858
4 -1977 1057 1272
8 81 1327 1016
6 -859 -1426 1139
12 1699 996 1247
4 -171 -927 1957
6 -974 348 1964
5 -1901 1180 1473
5 661 647 1483
8 -1810 872 1883
8 418 1694 1448
2 -1686 -944 1752
3 327 -866 1134
6 1451 -87 1369
3 -147 -1038 1635
7 1422 1386 1459
17 259 1778 1343
10 -1140 -1037 1721
2 -875 1737 1472
13 -827 1575 1703
4 -1000 791 1976
9 1099 -228 1140
2 1402 1041 1243
7 374 1969 1978
3 1411 -1145 1578
19 -1873 397 1975
19 -402 1116 1831
3 1121 -1054 1637
3 728 165 1070
11 334 1460 1541
20 -1206 -746 1615
13 666 -1555 1290
7 381 1405 1773
6 1160 837 1959
1 -413 -1579 1866
2 346 1792 1489
4 1188 -175 1907
3 -528 821 1760
19 -856 1696 1058
14 232 1016 1866
17 612 1034 1674
7 1695 -1729 1555
18 -1151 93 1961
8 419 1372 1612
11 -880 -1554 1053
1 1636 1722 1791
18 818 -1201 1366
8 -1224 -454 1194
10 1042 -430 1651
2 272 -1000 1750
5 954 -1522 1673
20 2000 759 1561
1 1903 416 1197
6 -96 -1589 1484
18 -381 436 1535
9 -238 -1595 1534
5 -1446 441 1043
20 1472 -1707 1847
11 1437 987 1763
10 1363 -1755 1456
13 468 1053 1713
16 719 1390 1280
4 -1704 1381 1595
9 -1722 1904 1246
6 1124 664 1530
20 -1566 1486 1246
2 -319 -1221 1350
6 1603 1590 1403
3 -1389 1104 1143
17 1620 920 1453
13 -1313 -1893 1833
6 353 -871 1502
17 -1058 -58 1142
14 1314 1095 1717
16 -794 -1763 1712
13 1157 -291 1899
20 -1447 1373 1938
1 -609 528 1361
8 -1122 -1280 1822
6 -364 1640 1201
11 -1899 1762 1266
14 1259 -1909 1031
5 52 -904 1580
14 -1871 -1971 1775
2 -492 -549 1883
14 -1134 58 1670
9 -1983 1947 1903
8 -1886 -1376 1420
11 1967 -480 1823
13 -1448 423 1312
3 1217 1654 1799
13 550 1720 1851
15 1840 -580 1326
2 1443 -1929 1418
1 -1845 1295 1030
8 1466 590 1960
13 -1709 -1157 1219
18 -1522 1492 1270
12 -1149 1329 1845
19 1598 -1504 1918
11 1809 -1937 1309
8 -703 1528 1139
3 1285 115 1947
19 -1548 517 1499
13 942 -752 1755
1 1178 -1545 1416
10 -513 -513 1556
2 -925 -1235 1449
16 1287 -742 1316
4 -474 1343 1508
19 1735 -456 1277
16 488 -479 1740
8 -1556 -190 1708
6 -1665 323 1924
8 1098 -1108 1617
12 -907 -1370 1993
16 -522 -1094 1095
19 -1933 -1651 1666
1 1749 -1001 1311
3 -1316 -778 1691
12 -1178 -449 1564
14 1002 -744 1516
15 489 -936 1210
12 1010 -1289 1103
10 -1696 -1003 1802
19 1514 -863 1423
2 -1105 1221 1197
16 -1767 -1320 1871
8 671 1279 1723
12 -145 -805 1132
9 121 470 1623
7 -1420 1556 1822
10 1458 185 1906
2 -526 1842 1888
20 739 944 1450
12 1628 532 1498
9 926 1720 1345
12 1443 338 1355
17 1818 1396 1801
15 -239 -1054 1135
4 -899 -1865 1878
12 1737 -164 1115
9 -1790 1204 1922
14 -1776 -264 1315
17 -490 -1376 1372
6 700 59 1445
19 1369 1926 1445
14 588 498 1000
5 -974 1675 1556
15 -1549 -1760 1534
5 578 -1930 1437
2 398 -8 1632
2 -80 1849 1975
19 1445 381 1016
19 1467 -1811 1879
8 214 -1858 1034
20 826 -757 1793
13 834 -1292 1160
14 -584 25 1069
16 170 -1250 1789
2 -335 394 1885
10 -1728 468 1679
10 1976 -1458 1024
19 1575 -1383 1824
5 541 -1024 1702
17 -370 1882 1223
2 862 231 1650
9 -201 -597 1218
17 1136 1954 1627
19 1537 171 1279
7 -1811 1008 1565
5 198 -981 1053
5 -1944 835 1244
7 -1251 489 1960
12 1947 -1843 1332
3 79 -235 1482
17 -1853 -13 1804
6 380 -1054 1807
10 -1034 -1962 1859
5 160 -235 1526
15 -40 -606 1354
16 909 -1598 1265
8 953 1971 1226
4 1752 86 1287
4 991 -1839 1647
20 556 -1206 1858
19 1838 -1796 1960
15 76 -609 1694
11 -1383 1948 1428
14 1975 -35 1041
3 -821 855 1990
20 562 -1045 1313
1 477 -1221 1838
8 1232 -1322 1516
3 -961 208 1686
19 204 -1208 1642
9 1670 257 1356
19 1332 66 1480
12 1974 -1913 1343
9 -652 1571 1164
13 -1412 -1349 1519
18 -198 964 1178
9 292 1290 1434
18 -1292 -359 1572
1 -178 1550 1216
15 -1426 -91 1884
3 -1467 260 1244
1 1017 -612 1520
10 1641 1667 1817
6 -172 -1302 1763
5 -480 -270 1486
11 -1652 655 1789
16 177 51 1150
20 -767 878 1823
12 -1240 1526 1113
3 -1541 750 1796
18 -35 1343 1365
9 754 1398 1177
15 -14 -15 1612
6 -90 -1875 1046
9 540 1980 1467
8 -318 -1359 1907
11 780 213 1375
20 715 -1967 1556
4 275 -1136 1319
6 272 -1670 1225
8 -1891 -1255 1143
4 -1137 -532 1215
16 508 308 1559
18 -703 1889 1290
5 -245 323 1448
2 -1809 -1859 1264
17 -1708 -197 1555
9 1100 1887 1219
3 -743 584 1077
7 -452 -208 1560
10 467 1168 1656
14 34 232 1599
13 583 790 1308
11 1233 1317 1286
15 -1142 1165 1943
10 -65 -1478 1028
20 16 1401 1713
9 -1001 121 1206
17 -482 1126 1183
17 -1982 -1760 1089
8 1068 1759 1541
18 1127 1754 1024
20 -696 1681 1810
10 261 963 1798
4 -1157 -1105 1526
5 72 -169 1512
11 631 1440 1504
1 -659 -824 1746
12 1620 316 1743
19 303 -1735 1263
7 -394 -1438 1996
12 -641 176 1902
9 378 1118 1254
4 1548 -1100 1690
7 707 -1174 1163
12 -132 744 1791
7 1645 -917 1114
7 -826 747 1881
20 -1035 -1348 1716
8 -578 366 1567
1 338 1793 1727
4 -1275 -1446 1246
6 983 -1838 1838
18 804 -641 1551
12 1019 665 1178
17 -1165 1133 1583
12 -3 1505 1012
18 486 1017 1855
19 -1920 1381 2000
19 -479 -1220 1334
19 -1578 881 1918
5 -133 1966 1808
7 1413 -1401 1549
1 -1467 1826 1350
18 464 -358 1575
19 674 1812 1533
20 218 -1316 1896
1 -1289 -1393 1677
18 -820 150 1163
15 688 -1008 1484
5 -18 412 1972
19 -226 1120 1096
6 1485 -299 1217
10 474 -1325 1615
14 -826 1795 1529
8 67 -1491 1559
19 395 -241 1644
3 -1784 -404 1648
17 1049 -1292 1922
8 999 1582 1169
4 -1508 -556 1627
15 1820 1348 1190
3 -842 1347 1553
18 85 661 1638
18 -671 -1315 1470
1 -732 320 1783
15 503 554 1078
18 1123 -113 1431
5 -553 1443 1825
6 -1839 1490 1295
2 -273 688 1319
10 -1897 -879 1008
8 -1160 -967 1513
2 1472 -77 1745
15 -518 1743 1086
11 -1574 1826 1868
20 245 -769 1806
8 -487 1632 1903
16 1393 -272 1929
20 204 864 1353
8 -1305 1089 1676
16 -1549 -534 1325
17 -1255 1030 1481
15 1230 -1931 1086
9 -1205 377 1680
4 -269 -213 1576
3 -34 1608 1410
16 -35 -1557 1294
10 -1593 -780 1618
1 -1361 -547 1105
14 203 -1808 1001
20 -1850 -1520 1703
12 -922 1568 1222
14 -639 396 1834
13 862 -1229 1099
3 -1093 -54 1103
7 1438 -1482 1466
9 -1155 1247 1691
5 -1350 1226 1098
16 -119 535 1928
18 -251 827 1205
14 -569 -1800 1239
18 -315 312 1478
8 -829 329 1484
13 -1824 -351 1848
10 -1361 -761 1916
18 7 1683 1315
18 -1235 -716 1178
14 659 -974 1167
9 1668 384 1008
20 1022 -212 1345
15 -1357 -121 1267
14 -1889 -1475 1974
6 286 386 1376
14 277 521 1582
15 223 -1252 1667
8 -1353 743 1984
6 1476 1278 1350
5 790 1684 1240
5 -256 -521 1588
18 1161 1177 1505
8 1083 -1781 1260
8 1134 -1735 1284
5 -458 -1526 1484
4 1380 1236 1055
1 569 158 1126
16 -292 -1245 1817
16 -1025 1746 1264
11 -839 -661 1488
4 -1808 1355 1285
16 1559 -837 1765
18 -272 1827 1617
19 -690 1061 1368
2 -1693 -262 1095
13 1747 -114 1909
2 316 -1213 1682
7 -1611 -1534 1021
7 -1307 1259 1733
14 -1457 -1709 1951
9 -709 -206 1839
20 -148 -250 1234
2 -442 -1397 1180
16 -1933 -459 1402
6 135 -933 1219
13 -1382 -1433 1541
15 1590 739 1942
11 1396 -1479 1295
10 1999 -68 1793
3 -626 -674 1468
8 -1596 -938 1878
10 -1566 1117 1445
5 -1460 1839 1982
9 1633 -377 1709
14 -595 554 1232
13 1946 848 1432
6 1947 -662 1696
12 -1311 1021 1154
12 -231 511 1218
10 261 1446 1123
9 1732 1606 1502
19 -34 -1408 1681
12 644 -1754 1914
6 1323 -1400 1978
4 1055 -1557 1392
12 15 708 1141
10 1449 -1714 1480
20 -1936 485 1780
16 -1872 -33 1150
20 419 -1104 1681
15 -677 -1067 1873
18 -275 -157 1501
20 1680 154 1050
5 -4 1772 1137
3 973 -622 1448
12 -1751 330 1711
10 -1604 665 1318
11 1047 761 1558
17 1901 -173 1475
3 478 -1377 1822
14 892 -266 1176
13 -1752 429 1880
14 78 -561 1601
3 -1108 -1809 1323
5 480 -956 1097
20 1819 -1456 1828
9 1256 -1811 1763
19 -1965 -1377 1728
15 -1332 483 1577
20 -1956 1855 1388
11 -1081 -334 1699
8 242 546 1012
15 1051 1833 1821
12 1675 -382 1950
3 1493 -280 1918
1 1196 -559 1450
17 731 -1272 1078
4 -1209 215 1752
2 -629 -798 1059
15 1139 -704 1713
11 1968 -1180 1503
6 -1885 -729 1332
8 -1872 -916 1377
17 -1023 -1762 1056
14 1706 -1385 1596
7 -1631 -1577 1300
8 1231 -46 1429
8 626 1596 1666
13 -1274 -1916 1980
2 -1664 1303 1213
3 1962 -1675 1466
12 215 317 1762
6 -530 521 1566
8 195 -1275 1800
4 -618 -1264 1193
4 -771 -236 1513
17 1890 -1361 1546
8 -1768 1780 1811
16 590 -1991 1397
5 -664 -630 1211
11 1047 1092 1766
4 618 1172 1739
10 -358 -1118 1751
18 -723 462 1182
20 170 -1425 1724
8 -172 -1760 1916
19 -760 992 1993
16 -1968 -1195 1404
7 -1000 134 1864
13 -989 -1030 1293
14 -1797 -801 1558
10 1649 1117 1859
5 1970 1963 1517
15 -322 -1332 1339
16 896 887 1568
17 407 -787 1012
5 -388 -42 1532
9 -447 -1958 1656
13 -937 1516 1717
20 -1623 232 1563
20 292 -682 1849
8 1645 -1881 1552
16 1229 -1424 1340
1 -502 404 1385
18 1348 -900 1210
15 1080 449 1390
6 -1544 1175 1206
17 363 880 1917
14 843 1186 1028
19 -663 -1519 1655
14 1191 -246 1600
14 -1740 -1377 1042
8 -1579 561 1716
20 178 1620 1534
17 255 610 1376
4 334 -1907 1279
17 198 -1650 1594
17 -675 -1924 1598
2 -404 1727 1925
10 276 96 1592
1 553 551 1597
10 194 853 1986
18 -1530 -1338 1385
5 94 1364 1051
7 765 -297 1709
20 -1861 547 1596
1 1318 -156 1634
1 1957 -1730 1200
8 -1071 1346 1632
19 952 503 1189
14 -1533 477 1349
9 201 1761 1815
15 -1097 -1974 1717
18 -1799 -35 1391
14 -1816 -1808 1308
1 1381 -706 1582
9 -85 -1963 1764
10 -723 -294 1481
16 -555 1039 1182
6 817 837 1757
2 717 438 1228
19 -1670 -1668 1249
13 321 1921 1713
20 289 546 1000
17 -331 -1234 1309
3 993 601 1706
8 -1254 -1899 1339
18 -75 289 1915
18 -1182 1957 1963
13 -222 967 1456
10 -1519 970 1105
1 114 -1969 1664
15 1487 -588 1136
15 -1559 -1925 1331
14 -1549 -1636 1985
16 932 1668 1656
9 612 905 1554
18 -555 -317 1253
17 -1253 1001 1668
8 -1149 -1788 1632
11 -501 -1962 1650
13 1247 574 1435
19 -1779 -953 1732
5 -231 -659 1099
19 887 589 1465
5 -1123 -1142 1099
11 1632 -973 1739
6 -664 -568 1199
9 -286 -1382 1387
5 493 -49 1239
6 -77 1892 1408
19 -1819 -806 1529
10 -255 1349 1140
14 -1466 -388 1748
19 436 1405 1862
14 202 -1152 1492
14 -1483 -1666 1209
15 -1150 -730 1758
7 1804 976 1063
12 83 -188 1253
12 1904 -1310 1818
9 1839 1266 1135
5 -654 1109 1057
12 1364 1619 1587
12 244 -1980 1245
4 1658 -979 1188
14 1789 968 1404
3 -1205 -1009 1239
12 -1522 271 1658
3 1313 1704 1153
14 -1065 262 1901
20 186 -358 1396
17 1991 -460 1949
11 610 -1903 1322
16 1939 529 1077
5 -979 223 1117
2 -854 -507 1640
7 1945 -245 1359
1 -562 1379 1652
14 -1599 1400 1049
13 562 -825 1268
8 589 1542 1275
12 -674 691 1923
17 -1740 -698 1661
6 -1103 674 1756
13 1039 -1799 1462
2 -393 -1469 1884
3 530 -1597 1933
2 -1945 -1230 1915
19 1896 -1753 1850
6 -1334 186 1121
10 1137 -225 1172
5 870 1602 1201
18 -912 -735 1448
17 528 303 1751
18 932 -751 1072
18 -331 1832 1179
13 856 1554 1442
2 1122 881 1592
7 -790 -552 1610
10 -1826 -1624 1931
16 118 727 1835
14 -1957 -604 1787
3 -1089 1039 1491
12 -928 377 1274
5 -1082 -940 1195
13 -1422 -273 1823
1 1269 717 1598
1 -768 1367 1880
17 -509 -1875 1921
18 -1500 -283 1772
19 -297 1279 1170
1 -429 -233 1739
19 1648 -636 1623
14 -1336 383 1748
14 -1079 -1771 1241
7 -1335 901 1679
13 -1473 797 1478
16 -758 1493 1931
5 -1225 -1224 1710
11 1905 -608 1557
11 1367 82 1436
17 28 -437 1955
5 1611 -1291 1520
14 69 -1582 1496
18 -497 -300 1019
12 644 1168 1651
1 542 -968 1742
20 -515 981 1997
18 -1829 1378 1591
18 1707 825 1173
10 90 10 1923
8 1186 1640 1288
18 -630 -97 1076
3 -256 1957 1097
3 708 -324 1990
11 160 2000 1480
15 1330 -1083 1202
10 479 -1211 1388
17 1339 17 1751
8 -1648 -1844 1514
8 -1749 1018 1045
8 1104 706 1219
16 1393 -1283 1561
4 -1805 276 1901
18 1770 499 1674
20 -223 1664 1792
19 893 1623 1680
11 -497 -428 1593
16 453 -1732 1637
7 1942 -705 1112
2 -1161 43 1610
4 -1386 11 1466
15 499 256 1607
4 963 -273 1707
15 544 -763 1923
20 1077 -1958 1970
18 451 525 1385
8 1595 -490 1695
11 154 -1786 1130
14 -816 1441 1241
15 -821 467 1770
6 1837 1486 1966
9 418 -373 1967
2 588 1603 1568
3 805 621 1588
19 1759 -1174 1186
3 -103 1994 1931
10 134 1096 1753
8 1031 -56 1014
15 -1965 836 1624
1 858 1235 1585
12 -175 -684 1789
10 1358 -1365 1480
5 1708 71 1901
16 -1067 545 1804
20 -1413 -190 1600
9 1199 1012 1720
18 -1639 1798 1565
8 -104 -1718 1023
3 -901 996 1253
15 -1321 -131 1058
9 1567 -2000 1996
12 -405 -1876 1910
5 -1907 1034 1388
11 1701 -1998 1522
15 -1689 -289 1026
17 1704 -1989 1650
5 904 1880 1159
3 -1981 888 1037
7 92 -1547 1918
10 1856 1074 1543
19 -982 440 1760
15 -1215 -895 1255
10 1881 292 1106
16 -544 1211 1490
13 -1333 -1072 1279
13 -1961 980 1552
4 213 1571 1315
14 1667 621 1607
9 1196 1987 1935
14 -1729 -1366 1963
4 1094 966 1745
5 1716 539 1837
11 1908 -28 1408
9 -1810 1911 1570
3 1444 1096 1912
1 -47 725 1110
4 -1946 1345 1864
7 -1235 1559 1774
20 795 823 1711
13 1614 117 1762
15 1279 283 1184
3 375 1914 1151
12 -727 1592 1566
10 1134 1525 1760
17 532 -1393 1865
11 1116 -728 1221
10 1334 1877 1313
7 -55 -297 1863
18 750 941 1708
11 -1600 -1410 1739
11 1957 1317 1376
17 -1634 1783 1953
17 552 825 1008
12 1832 -1017 1814
14 -1536 -585 1513
3 -887 117 1487
19 -1160 -983 1332
2 1132 -860 1623
16 927 -27 1026
14 -1971 1953 1793
3 -278 987 1442
4 1006 483 1182
5 1447 -1708 1172
9 1713 591 1175
10 -455 -1143 1002
3 -764 -1253 1570
12 1188 368 1482
18 -1148 829 1476
12 1104 -921 1095
10 -472 887 1671
14 -288 814 1848
18 1795 1044 1675
16 -827 -721 1591
6 1766 646 1565
10 -48 1560 1513
7 -267 651 1425
6 -1952 -734 1888
7 -114 1444 1721
13 1808 -251 1787
17 -77 1939 1333
3 -608 883 1910
12 -708 -1878 1713
14 -216 -559 1284
19 1756 -991 1851
3 288 301 1359
5 -39 1245 1494
14 -1328 1886 1804
14 1932 -1728 1680
17 -488 782 1023
15 -1868 1263 1138
5 1513 -143 1325
18 -1207 -1780 1678
2 -1302 1652 1576
18 936 95 1330
6 -121 -521 1154
6 21 -1822 1252
1 -1456 496 1035
9 -904 1667 1438
6 884 -1496 1047
10 -978 -1360 1416
3 937 824 1449
13 1584 -554 1921
20 571 -1300 1743
19 1050 23 1210
20 -694 -1439 1927
10 1880 -1025 1503
17 -535 -1742 1379
9 -1043 1831 1321
19 -1453 997 1465
10 -1286 973 1227
12 -1179 -712 1029
15 -1193 -93 1899
5 -1312 -1963 1040
4 -324 20 1342
6 -334 -770 1890
6 -1426 1239 1269
9 -1825 -1014 1431
14 -105 -271 1567
10 1891 -1991 1647
1 -402 -1600 1656
3 1726 1338 1101
9 179 460 1537
13 -432 -1377 1914
9 -160 1280 1640
1 359 -1940 1748
12 1145 -673 1725
3 1264 -1944 1161
6 -1818 618 1231
13 -1134 1261 1513
8 1155 -441 1133
11 1326 -1188 1671
15 -336 1371 1517
3 1198 -1277 1623
20 1260 -1731 1128
2 191 1757 1892
8 -951 1986 1857
16 -352 -1030 1842
17 159 -1728 1928
7 -1275 -816 1754
7 -1401 -893 1695
12 -1461 1169 1178
10 -309 -1544 1081
7 -627 1113 1922
9 1069 1640 1603
18 -1889 449 1375
20 1001 298 1936
9 1442 -1612 1904
1 -1598 -1792 1009
18 -1422 1679 1891
15 -563 -312 1472
14 -1717 -375 1777
20 -672 -770 1970
14 -1454 382 1306
2 1069 692 1332
10 803 1707 1069
1 1100 -285 1006
16 -1742 1395 1344
10 -1757 1430 1241
12 -541 641 1393
10 -815 -1609 1441
20 -199 -1681 1292
14 1870 -1351 1479
9 -1625 669 1723
15 929 -1779 1710
19 -1091 -998 1950
19 -1858 1956 1054
12 219 437 1161
14 1111 -991 1549
8 -408 1870 1107
20 -1830 41 1065
18 1299 -1440 1667
20 343 1336 1956
12 -932 -69 1878
6 -280 817 1956
6 1847 645 1617
3 369 -1096 1191
3 1286 -724 1714
13 929 -665 1368
13 1940 -1921 1136
15 -1948 1900 1666
12 906 221 1888
4 -98 -1996 1858
10 1600 -1435 1111
8 1871 1350 1547
4 -110 -1651 1451
19 1621 240 1133
10 1051 -302 1849
9 854 -767 1651
18 -229 -71 1363
16 -1160 944 1525
5 -260 -745 1353
14 387 -531 1959
3 859 -1923 1993
4 1094 1136 1905
14 -1434 -1858 1756
4 -1544 -1599 1883
11 -1641 1534 1264
6 -492 -1816 1554
18 907 1761 1394
15 7 505 1211
9 1985 494 1832
4 -1140 567 1682
4 1337 -862 1884
6 -1618 -1440 1999
5 -71 -1364 1380
18 1088 -1914 1756
9 1641 1704 1790
18 640 -1749 1232
16 -1085 -834 1724
9 -50 950 1172
20 -1657 -522 1894
14 -1563 -710 1955
6 378 716 1633
9 -134 434 1429
2 -736 -445 1477
15 -1167 -1103 1792
18 1874 833 1220
5 315 1304 1007
11 298 185 1474
4 328 -693 1883
13 1811 -1071 1435
18 1887 337 1642
18 -1525 1507 1424
6 -1661 382 1368
18 1991 134 1228
15 -890 727 1253
20 -893 1648 1338
9 803 76 1030
18 -647 -762 1581
13 1712 -1410 1309
4 1515 -795 1723
12 616 -1009 1769
9 -1339 -1153 1221
11 82 -414 1292
19 -1496 294 1326
7 -977 1450 1213
6 -973 -1514 1142
10 -883 -1418 1868
12 -1465 -1517 1023
12 1538 -608 1362
6 -325 -116 1442
2 1625 -345 1474
12 -880 686 1309
4 -1327 1827 1665
8 1692 1668 1802
18 -1193 718 1994
14 813 1810 1551
6 -1829 548 1602
20 -752 334 1722
10 -238 363 1343
7 -417 1764 1894
12 -1855 140 1703
20 497 123 1402
3 1834 1689 1933
15 -837 1515 1904
10 1862 -1886 1275
6 1972 -1534 1759
5 201 536 1670
9 1344 -305 1593
17 443 1620 1232
2 1605 -1637 1896
4 -1808 -600 1679
6 1805 -1183 1478
17 -252 1068 1739
5 1735 -298 1554
10 -321 695 1081
13 1906 1147 1875
9 -423 -1779 1484
15 -601 1528 1448
18 1004 -1552 1893
19 1761 -484 1406
10 1306 1382 1804
7 -715 -598 1284
18 -1096 898 1156
3 -1202 1960 1648
19 35 -1164 1730
5 -474 1304 1144
14 -680 1082 1507
18 -996 -1171 1878
13 593 -268 1331
7 -1171 1376 1239
16 908 -328 1767
16 -258 -1359 1826
11 431 -589 1563
7 26 1865 1490
13 796 581 1550
8 1386 628 1851
2 -324 781 1567
13 -1480 -618 1822
8 -1061 723 1079
7 223 -1115 1816
14 590 342 1917
10 492 672 1742
6 223 1428 1103
16 1543 -1075 1147
10 -1408 55 1235
17 -1511 562 1487
6 155 49 1113
20 -341 -68 1253
3 471 -499 1324
11 91 -1630 1968
18 804 -959 1153
18 1283 341 1704
16 -260 -1194 1877
20 1652 -89 1061
6 -109 -969 1553
11 1688 -1310 1010
2 -100 830 1836
11 1755 -1995 1258
19 -1596 522 1034
14 -440 892 1625
8 -1238 535 1108
5 1668 -143 1579
17 -1352 -302 1824
4 725 -477 1005
19 1356 -1215 1436
13 -1946 716 1404
7 -115 488 1167
1 -775 -1614 1896
19 -333 1914 1493
4 -1999 41 1178
2 -639 959 1250
16 614 -1907 1091
15 581 -460 1237
2 1406 964 1037
13 939 1402 1572
10 -747 918 1947
19 -1013 421 1154
10 -697 983 1767
17 -1153 901 1116
2 -1927 -859 1991
4 -760 114 1888
4 572 1620 1601
10 135 -1705 1965
13 556 1443 1195
10 1077 1594 1950
9 -1131 1846 1953
11 504 1561 1045
14 453 -1351 1605
8 -726 -154 1360
5 1805 1371 1429
