925
4 557 818 1747
17 -7 1600 1853
16 -511 734 1710
2 1158 1871 1343
13 897 -1859 1202
4 -82 -1259 1024
7 1414 1287 1484
1 -256 1533 1653
4 1437 -1351 1714
8 1821 1349 1422
4 1673 -104 1569
4 -402 -583 1084
13 851 1016 1568
16 1487 1325 1825
12 -1845 -1919 1764
15 482 -1946 1172
17 1395 1677 1655
4 -2 904 1551
1 684 -228 1557
10 531 -950 1544
2 386 117 1366
4 -1311 -464 1761
8 259 -1634 1196
13 740 -1923 1009
17 1098 -950 1286
8 1294 1204 1055
10 -427 822 1966
4 1322 340 1006
3 -132 -69 1171
17 1727 275 1002
13 478 1333 1855
7 405 -251 1608
10 -808 440 1075
9 837 1676 1098
11 869 -1524 1362
7 10 1079 1943
4 1583 1639 1892
9 -1001 -721 1751
14 886 121 1993
10 -1880 526 1095
11 1658 1100 1849
14 -1297 -121 1686
8 283 424 1020
9 -1043 1793 1470
13 1402 -1341 1858
2 594 891 1209
4 1139 399 1109
13 -641 1200 1572
1 -1803 -96 1358
7 56 966 1492
9 1461 1542 1802
16 1890 -342 1976
7 1897 955 1746
15 1917 -1250 1607
13 1230 775 1578
20 525 -398 1766
2 -781 350 1870
20 -1845 -1936 1369
7 1983 -1049 1499
8 299 -31 1879
16 -1948 -1543 1213
13 -475 -561 1416
7 1491 -182 1365
3 1995 -1796 1034
16 -199 1967 1145
1 1781 -581 1279
13 1708 -1030 1116
3 -689 1784 1473
18 -658 -1125 1960
10 -819 -79 1877
13 1530 -1837 1497
19 428 -1465 1313
19 -536 -1569 1473
7 391 35 1615
11 -187 459 1066
7 1799 -1903 1221
17 -770 522 1863
20 168 -184 1348
16 207 1197 1221
3 1179 -469 1897
1 -1466 139 1721
13 -1672 804 1293
10 1614 -1367 1015
3 -502 277 1401
3 -438 -1778 1434
14 1901 1281 1903
14 1448 543 1431
3 379 1024 1067
12 1075 1572 1159
7 1764 -62 1010
1 380 1015 1225
15 1262 -1515 1283
14 279 -361 1773
12 -126 -1651 1409
5 1015 -1288 1585
15 -1188 1772 1919
11 1622 -1790 1093
6 1296 1211 1168
12 1508 60 1514
12 792 1713 1416
17 37 828 1505
11 562 -965 1382
4 1003 -1158 1215
8 1363 -274 1824
2 690 1095 1112
16 -1823 -329 1228
3 -1227 1690 1274
17 -1508 821 1440
4 -90 1916 1359
6 -635 -1913 1548
4 -827 417 1824
13 -1217 1219 1219
17 -44 -729 1686
11 673 810 1618
18 1431 1135 1439
14 -45 1041 1526
4 1506 485 1319
1 -743 1961 1956
19 -1088 -314 1009
18 -470 -1174 1465
9 1283 -724 1666
19 -1867 884 1078
2 -1678 -1298 1390
3 1597 -1785 1724
16 -215 -360 1171
8 -511 -1252 1183
15 -1098 -905 1851
16 1958 -1091 1310
5 -36 -1279 1642
6 -1930 -418 1489
10 940 -1117 1957
4 -177 -81 1794
16 -931 1170 1885
8 263 792 1551
15 1239 1283 1984
17 -1192 1131 1364
1 -1967 -1390 1383
14 -867 889 1652
10 285 -1099 1712
14 -1190 -1491 1637
8 570 162 1586
4 1801 690 1435
16 1402 -1713 1864
3 -389 -1791 1616
13 -202 -970 1647
10 1809 -1609 1311
15 1793 498 1272
8 1207 938 1040
17 -1714 -303 1415
4 -234 110 1944
20 619 879 1946
5 851 -751 1653
14 43 -434 1653
6 50 -1295 1764
20 1723 -698 1565
18 1875 -1739 1368
10 -278 -1362 1301
12 -1421 -1471 1461
5 -1673 -1140 1272
8 -451 1250 1082
15 -1798 247 1723
10 -1658 -851 1432
9 -1174 -1775 1410
9 1838 -1086 1337
11 -899 -1637 1380
5 -512 -1104 1972
2 -836 -848 1537
10 576 1006 1011
16 -1611 1536 2000
19 -791 -716 1247
2 -1641 -1028 1606
8 216 -851 1867
20 -1670 1845 1800
9 -90 1900 1754
12 407 -1649 1276
1 1050 1369 1021
2 1567 -874 1315
8 465 -1287 1331
11 -865 1253 1106
15 54 -655 1437
9 611 1659 1396
11 1545 1786 1760
17 -916 1881 1019
20 -1103 864 1365
15 -825 938 1574
17 -422 807 1940
13 -862 -1767 1516
10 -1354 1950 1567
7 -273 1569 1114
20 -1925 1796 1635
3 1165 -958 1240
20 -1525 -1521 1520
13 533 625 1315
3 170 186 1310
3 -1162 629 1901
10 1556 715 1592
9 -1884 502 1150
10 1175 -1405 1027
9 -697 1966 1685
19 1946 322 1405
7 -828 -1965 1309
4 1027 -161 1424
9 -1418 1803 1332
1 1115 -1535 1336
16 -741 -1156 1481
11 -1446 355 1171
16 1933 834 1715
3 -923 -1593 1989
18 946 469 1151
6 -907 -1864 1713
16 1303 1649 1984
5 1395 -678 1545
2 193 -1799 1840
9 -1956 1600 1795
14 -1606 -246 1630
11 835 35 1227
17 1054 -254 1668
5 1484 -197 1770
3 1093 1326 1506
10 -706 -911 1042
9 644 -1588 1015
20 -1920 -1373 1334
1 -1210 1211 1945
8 -1392 568 1997
12 1322 1285 1997
3 -1338 -1309 1997
10 -1877 1103 1774
18 508 620 1706
12 -785 -1440 1413
14 -1365 1169 1512
12 745 1780 1330
5 -1621 -1970 1567
11 300 1315 1108
10 -233 532 1443
1 325 -929 1026
11 1063 -55 1164
11 1774 -1883 1787
17 -831 1801 1339
11 1795 -589 1171
17 1767 -756 1453
18 -279 204 1727
5 -207 1283 1224
4 806 -413 1500
8 -18 1072 1503
7 1213 1183 1246
12 844 154 1057
19 -1625 -1031 1916
19 1941 1491 1506
2 1242 -1727 1488
4 -761 90 1773
8 1577 82 1967
9 1285 -524 1233
11 -917 1060 1429
4 -1414 -468 1081
15 486 -1323 1225
20 168 617 1401
6 -1601 707 1906
15 -35 -1003 1224
12 1139 278 1887
19 -749 -788 1465
7 751 512 1757
3 1695 1414 1037
19 1106 -1973 1428
2 1845 163 1687
10 249 -1032 1324
3 -1292 1157 1059
4 30 1336 1606
13 130 -1230 1295
15 -1939 1388 1299
7 -1887 -438 1196
7 1220 483 1750
16 -180 -677 1599
10 -1538 -1940 1439
15 65 571 1589
1 -1259 113 1907
3 382 1825 1538
20 -928 419 1352
19 -606 -1757 1533
8 -191 -742 1802
10 276 -638 1000
3 1747 -836 1981
19 -1412 -694 1872
17 -675 457 1933
9 313 376 1709
12 -600 -135 1868
3 -485 558 1705
17 756 -1210 1866
20 -1934 677 1962
4 842 -495 1908
8 776 -621 1222
2 1858 -1543 1571
7 -1692 181 1792
6 -989 1891 1209
8 54 -1996 1505
14 -1613 50 1856
7 -550 -1286 1193
5 722 -1151 1108
20 583 1467 1904
8 1680 -433 1738
2 1082 1573 1916
15 905 1853 1275
13 -505 359 1674
19 620 -1247 1522
10 1098 1112 1068
19 -551 -560 1991
5 -758 292 1679
1 761 1673 1658
5 1086 1499 1173
8 608 1791 1593
18 -1908 836 1186
13 361 1658 1449
13 556 -1675 1676
20 -1194 1170 1894
19 -838 1409 1689
7 617 1246 1529
8 655 906 1222
10 -499 -1262 1021
11 1149 364 1371
15 -1847 -1463 1629
8 -1899 1689 1448
2 400 -1730 1417
4 -638 -804 1383
9 843 -576 1899
20 1265 896 1252
20 756 -27 1063
9 -1534 -71 1104
13 -1775 -228 1960
4 -1263 1128 1353
4 504 271 1092
6 -101 -1755 1384
15 -529 -699 1768
16 977 -1287 1668
15 -213 1253 1322
7 -1505 -515 1760
15 275 -1525 1795
12 -1691 930 1669
15 -937 435 1027
16 -1805 -1897 1114
18 1504 -1283 1739
12 -1994 -820 1647
13 1551 -1800 1391
9 1319 -727 1977
14 -1025 -892 1142
8 1920 95 1733
9 1992 1221 1903
18 -277 -1547 1289
12 -560 -1015 1450
4 -1798 406 1677
4 -1463 -1725 1669
3 -1489 -1138 1054
9 1916 472 1360
4 -236 -1101 1685
8 856 -1313 1679
4 1612 -1396 1380
3 -1324 533 1453
9 1772 1830 1531
19 -1003 1744 1994
14 1596 1901 1099
16 -288 1205 1294
1 -1568 773 1994
8 -205 -1881 1529
3 46 -1587 1875
7 599 -1157 1303
9 1349 997 1832
2 -1318 -1413 1814
5 1970 -1260 1045
7 757 1956 1950
10 -1249 -490 1672
7 1543 -913 1205
18 1451 573 1212
14 549 852 1440
14 1657 -147 1634
14 820 481 1507
8 1463 -1475 1241
3 -1911 463 1331
3 -1877 -1563 1070
15 1352 1862 1237
13 915 138 1806
6 -995 1702 1979
8 1547 1451 1919
14 106 -170 1211
11 -1409 683 1598
19 1725 -244 1060
16 -1537 -806 1312
19 -80 175 1150
17 134 -406 1192
10 -1752 1756 1276
1 -490 -330 1072
18 -462 716 1864
3 -1772 -1335 1654
7 -1354 1233 1423
18 -1128 -396 1074
19 -1200 -1250 1619
8 -1593 815 1920
10 547 562 1819
11 -506 857 1757
10 765 732 1838
14 201 -970 1426
19 1117 -1174 1127
4 -1467 -1958 1342
19 835 1567 1434
20 894 -1868 1179
19 1359 1250 1143
13 81 572 1401
7 -303 1418 1147
7 1116 -667 1143
4 1383 -1167 1302
18 350 -1736 1811
8 1706 -1729 1524
17 -1451 -492 1418
3 1588 1265 1114
11 -466 -725 1287
19 1725 1090 1304
15 1379 -1718 1993
5 1118 46 1247
12 1127 -1665 1019
1 -1384 -797 1730
9 -565 1349 1145
8 -109 712 1555
10 1616 -322 1349
20 -238 1502 1290
11 1022 -161 1617
14 -40 1509 1666
19 854 -1734 1969
14 -469 1125 1974
2 1207 1792 1010
18 -809 -1905 1841
17 907 -869 1428
6 1836 528 1272
4 -812 200 1145
15 304 -210 1780
6 63 1781 1197
15 1311 1131 1390
3 141 731 1761
11 -1091 -329 1963
16 -1610 532 1015
19 1464 1823 1264
9 347 -1643 1979
9 -1119 636 1485
9 107 -1648 1404
17 1376 748 1182
12 108 -1466 1009
13 1965 993 1038
7 275 -763 1358
5 -1067 181 1465
11 -818 1584 1759
19 1657 1136 1373
5 65 -1418 1432
11 217 232 1026
1 1714 -1689 1198
15 710 -191 1948
2 620 -394 1330
7 -698 -1081 1179
12 1725 -506 1134
17 -1956 1156 1884
20 1080 1154 1042
13 -1167 1207 1876
3 1379 -290 1814
17 -1479 1503 1299
6 -1275 1930 1891
5 -1242 1224 1702
2 -434 -300 1768
19 104 -460 1111
4 -761 1504 1758
8 1806 -1905 1865
1 -480 -744 1742
4 -1446 53 1513
10 687 748 1753
12 1985 860 1247
16 1065 -1438 1264
6 -966 -1912 1480
8 -878 349 1542
2 1178 -1561 1701
3 -474 1826 1421
10 -1292 806 1678
10 178 390 1413
11 1076 -1899 1368
15 521 -1126 1165
1 -1671 501 1409
1 -1687 -461 1356
1 -969 94 1077
2 -404 620 1108
5 38 -570 1477
11 77 -998 1740
6 -341 -7 1107
17 -433 720 1633
4 -755 -931 1614
1 -1429 1245 1378
8 1244 -1931 1508
17 1804 -134 1101
9 804 -601 1485
20 1608 913 1216
13 -755 -674 2000
4 -1169 416 1434
15 -14 1452 1031
6 90 762 1768
8 -819 150 1577
3 946 1613 1543
16 1168 -1621 1651
5 928 -547 1080
5 1737 -422 1612
19 1516 1966 1659
11 1710 -1867 1323
11 1591 1156 1199
4 857 -1927 1227
11 -1987 -409 1510
4 -1513 -570 1892
6 -1158 -1482 1090
13 -1544 -827 1257
2 -976 -134 1640
15 -250 499 1258
5 1119 -812 1258
8 -505 -144 1526
10 -953 673 1501
16 -1626 104 1166
20 574 406 1327
17 1232 1889 1767
10 -1709 1130 1002
3 -957 86 1491
18 1927 -720 1880
20 -436 -1717 1890
14 -1709 1726 1132
12 -1115 1532 1612
13 1504 1615 1909
9 738 -71 1112
6 1868 735 1750
3 -604 -181 1585
20 -1697 1784 1986
16 -268 -1886 1867
14 157 888 1760
5 -897 -42 1063
19 -761 -1592 1410
13 1697 1343 1558
6 352 1044 1654
4 769 -1448 1738
18 1959 1608 1619
13 -1036 947 1447
14 -336 1860 1618
17 -1665 1225 1513
2 -1980 -1967 1923
18 -1140 1841 1050
6 1283 1712 1486
5 -1788 -1828 1963
1 -652 153 1326
18 -266 995 1569
15 -291 -763 1720
2 -1904 -1563 1886
12 295 -1394 1206
11 811 -889 1528
11 -1337 -141 1642
14 -197 1416 1341
20 1459 -571 1400
15 -1352 -358 1296
11 557 -501 1952
8 39 -506 1657
19 -689 -1125 1999
9 992 -444 1552
16 1595 479 1526
3 1253 -1201 1357
14 1340 1313 1634
8 -292 1823 1321
20 261 369 1643
17 -799 -430 1000
14 -543 1307 1866
10 1675 -640 1387
13 -467 -1106 1104
9 1565 -1105 1689
2 1176 18 1337
6 -1862 1858 1835
9 488 505 1744
3 822 174 1567
9 -1306 1434 1097
20 813 667 1751
10 -1474 -1975 1799
11 -364 -1591 1108
17 1253 -138 1524
12 1788 -1314 1113
7 -333 -1011 1827
1 485 651 1644
1 999 1004 1758
10 703 -761 1043
4 63 -368 1638
9 -1904 1459 1396
5 -408 -1234 1180
6 -352 1542 1086
5 -1111 -1607 1329
15 648 223 1987
13 -1103 -97 1689
12 212 393 1612
10 -1961 -352 1250
19 451 964 1844
1 717 946 1341
5 1892 132 1569
11 1118 1994 1600
9 1495 570 1978
1 736 -159 1100
19 478 -626 1871
12 1712 -1110 1237
10 -1668 -1137 1746
9 159 1245 1137
7 528 -643 1181
13 915 1476 1343
20 -734 1472 1549
17 677 1018 1861
10 -708 291 1516
2 448 1397 1027
13 1588 1885 1584
5 -1367 -724 1880
14 -1552 916 1393
7 -954 3 1744
11 1809 -1852 1303
17 -855 923 1255
17 -826 230 1859
17 1789 -1156 1126
20 -403 -1654 1875
2 402 -1517 2000
1 802 -691 1718
6 -1050 -535 1680
18 269 -1710 1266
14 -782 860 1230
20 -1050 1955 1061
15 -1097 1144 1418
15 -1679 -107 1089
7 7 -1978 1321
5 1597 632 1977
9 -1328 -1467 1459
14 1292 -215 1990
7 1187 -477 1920
4 -178 1444 1501
18 1236 -575 1136
11 -1411 -1505 1775
16 -1954 -1567 1869
16 726 -39 1683
20 547 1711 1688
2 -1298 -1524 1795
4 473 -1216 1857
11 -134 -1810 1592
6 -1433 -627 1434
3 1789 -16 1411
17 1353 1021 1600
16 -781 253 1966
12 -1770 -1445 1582
2 -1963 -769 1720
2 1224 -742 1481
7 1466 40 1436
13 -671 -127 1564
3 822 -312 1687
19 1959 347 1870
1 -1852 -974 1285
19 -1031 -946 1651
2 -780 321 1764
16 -1048 1165 1776
8 -898 -844 1436
17 1104 800 1558
19 -1722 12 1885
13 1487 405 1061
13 -1184 -531 1818
3 551 -651 1923
18 -1586 -1664 1168
2 -15 1186 1616
20 -686 -927 1232
17 1898 -908 1987
16 -1944 1387 1490
19 -1349 -1116 1106
14 129 1975 1701
11 430 -1752 1222
11 -1440 1852 1331
16 -1867 1424 1410
17 -763 528 1872
2 1680 -664 1136
13 -213 -89 1932
9 -813 1461 1962
7 951 -888 1083
20 -712 -1181 1697
16 44 640 1735
3 1294 1800 1712
14 -605 -567 1751
6 1799 -1137 1283
18 -1966 -173 1889
12 -1161 -1722 1502
8 1132 -979 1727
9 -196 743 1396
5 1666 1647 1678
13 -1244 123 1513
3 692 -1254 1637
7 -1983 233 1279
19 1457 -1894 1882
3 -1622 -271 1018
17 322 -625 1127
2 642 -1979 1008
15 1277 -1298 1815
12 -1773 -123 1839
13 1032 878 1343
4 -494 1436 1972
9 1697 -1790 1994
14 -1847 -985 1240
19 2000 1843 1524
7 -604 343 1341
9 875 -1138 1781
16 -1205 290 1895
3 -1118 371 1486
5 332 -83 1408
3 -671 -774 1865
13 1789 1207 1017
9 -111 249 1322
8 -559 1840 1035
19 -451 -1811 1274
3 -1380 -24 1358
17 819 1598 1566
3 -1137 -1761 1946
1 1239 -1853 1521
1 -695 -1329 1478
11 319 -1014 1456
10 -410 359 1093
5 -1968 266 1204
19 1192 -419 1814
7 1161 -299 1449
17 -834 1642 1945
19 578 1131 1942
9 -1505 -694 1529
13 25 -1394 1318
4 -236 1437 1625
7 1451 -626 1591
7 -811 70 1209
2 667 -1934 1740
11 -686 -1872 1513
10 1967 -1124 1277
5 17 -113 1166
4 -706 911 1870
14 1688 -121 1763
2 1687 -99 1475
11 -1574 428 1173
5 798 -1527 1817
13 -1818 -71 1923
17 196 1089 1377
13 -884 1068 1679
19 669 470 1612
1 1951 -1894 1373
1 -1533 1985 1709
16 37 -1462 1628
12 -1721 -1571 1047
12 1132 15 1007
8 -605 775 1569
10 1904 1211 1049
6 398 -1210 1241
15 -1906 -1882 1010
12 -1405 -16 1963
17 -849 1198 1970
11 -307 -1352 1485
11 1391 -1206 1435
15 -847 1117 1782
19 319 -1461 1925
2 -1666 -171 1942
6 -428 -1122 1847
20 214 1628 1390
14 1813 -977 1246
14 1773 1988 1138
10 489 328 1754
11 -151 481 1208
4 -680 1903 1058
17 -1405 448 1978
13 -456 1954 1613
4 1495 -79 1951
19 1653 -1809 1230
2 1614 674 1244
17 -942 1836 1606
19 -1742 517 1265
6 -454 -370 1858
1 1096 675 1307
9 -517 723 1004
16 910 -646 1812
12 -884 630 1935
10 433 -1580 1396
5 1233 1438 1485
11 669 -1842 1308
3 -782 -1554 1714
5 215 770 1351
9 1004 1053 1067
4 -508 -1226 1319
6 1687 214 1535
7 -1371 -743 1422
13 -863 -1851 1624
19 -469 -1202 1325
1 -1935 1931 1777
2 -1987 161 1080
5 -1172 -458 1165
20 -966 -928 1330
16 -675 -1254 1333
3 1194 1121 1223
13 993 1181 1460
12 139 1392 1404
15 212 248 1122
3 1852 1909 1889
5 438 1660 1752
1 -803 -103 1681
2 -392 698 1642
20 1338 -1358 1655
5 1645 -1583 1277
17 -680 -1190 1378
6 -1349 797 1542
8 -953 -180 1578
17 -258 -1191 1992
2 545 1699 1774
1 537 1571 1743
13 -1563 -1978 1325
18 -48 -1649 1039
6 1685 595 1617
20 -15 -1986 1284
9 -621 -1993 1894
6 -364 -882 1424
19 -1423 -901 1427
4 -247 996 1623
2 -803 -357 1744
18 1100 -1660 1210
7 672 1485 1750
15 -1642 1759 1647
2 -76 -1446 1049
3 -1798 62 1699
13 364 -1646 1312
15 549 1996 1531
8 745 1227 1051
16 27 -1653 1384
1 1306 -407 1630
10 1024 691 1456
12 709 1604 1578
12 1942 -1060 1808
3 -1523 1796 1658
2 834 80 1946
6 1968 60 1521
13 1383 3 1292
18 -910 -702 1338
10 -154 -758 1420
6 -962 1593 1698
2 -519 -1680 1827
1 880 -460 1510
10 1972 -213 1256
16 -150 1931 1218
2 881 -1059 1033
13 449 1996 1908
1 1511 1553 1426
20 -414 953 1112
19 -737 -21 1885
11 -1977 518 1698
13 -1005 859 1263
2 1504 999 1377
20 472 1613 1586
15 -344 -309 1055
17 1388 1972 1354
10 -963 1842 1958
9 -1600 1016 1755
5 -1504 987 1808
5 -1264 -1541 1092
5 -148 -656 1108
10 -378 -1158 1880
6 1592 1303 1260
17 -1728 -130 1677
5 -393 1810 1190
12 -1598 56 1383
4 663 817 1897
18 -1831 -294 1805
3 486 -457 1995
17 -1442 993 1138
4 645 -1795 1842
14 -1503 1917 1959
12 -919 915 1390
18 -1401 -241 1025
19 1830 -1279 1925
6 -1312 -1687 1307
15 -1909 -1920 1987
19 -233 -943 1730
8 855 -1783 1683
6 1607 956 1876
11 724 -1162 1423
17 -495 1791 1988
6 -352 1106 1821
7 1178 -1405 1910
6 1498 -42 1547
6 19 1005 1102
11 751 -1100 1848
15 -569 756 1322
15 1069 -1589 1542
20 -893 -1262 1665
14 352 1130 1182
16 1736 -716 1469
13 -17 -391 1239
13 -1062 -1878 1036
3 1628 963 1677
5 -669 -1216 1820
6 1793 1123 1880
15 1197 1189 1006
9 -99 -989 1507
5 -1427 -1115 1992
13 506 1865 1425
17 1142 610 1301
18 246 -1538 1575
18 1884 370 1700
18 -566 658 1170
2 -1708 -721 1117
5 1550 -551 1291
19 -1005 -710 1639
5 447 -1351 1810
12 -1662 -394 1457
7 -177 -1009 1499
20 -309 -10 1243
2 -591 1074 1798
10 113 -145 1888
18 1559 -245 1757
17 -1640 1519 1900
10 -1597 271 1804
8 358 -376 1192
3 484 157 1977
17 1499 1864 1600
3 -342 -616 1423
2 1867 85 1396
10 -1134 124 1127
19 -74 -1772 1076
18 -1531 -705 1509
4 436 1382 1563
20 -680 252 1167
8 -1459 509 1425
15 -692 -1317 1893
2 -173 1267 1006
19 1808 -1803 1976
5 980 1557 1099
15 1452 1309 1692
