1666
4 -425 -960 1816
10 -241 1277 1868
9 -1108 -804 1083
3 938 180 1026
14 -1843 -990 1290
10 -1372 1766 1115
2 1871 -911 1459
3 161 608 1041
15 12 -1501 1503
8 1202 1165 1943
2 -772 1763 1744
4 1232 -1122 1409
12 1637 1341 1402
6 676 907 1706
9 1628 -716 1966
3 -983 1760 1647
4 1484 1414 1371
14 1537 -1147 1613
8 -30 -1393 1751
6 -1323 10 1936
3 -1524 -1111 1312
20 -1148 84 1383
2 -637 814 1120
19 -991 1623 1606
9 -1267 -1501 1892
10 -1626 1900 1133
11 -943 1310 1494
5 -1310 875 1058
11 119 117 1740
18 365 -286 1796
4 98 -146 1637
5 1004 1786 1898
5 492 -1051 1232
11 1267 -1493 1563
7 -1543 -1914 1023
2 -1197 -1424 1130
5 1391 -770 1456
10 -604 1126 1518
14 290 -256 1983
16 1777 -537 1995
5 213 -255 1150
14 1824 -1772 1885
9 177 1899 1907
16 -1953 1438 1801
8 1253 210 1544
3 -1117 825 1754
15 1866 -170 1222
17 1691 1550 1257
2 1113 1040 1692
14 317 994 1377
16 867 762 1178
11 1875 -876 1999
4 -606 -1941 1151
9 1059 -26 1629
12 1516 598 1569
14 557 362 1832
17 484 -641 1740
18 1490 -1727 1182
20 -725 1923 1660
7 -313 1439 1872
18 -1718 1706 1276
5 -1206 -1475 1794
7 -1075 -1917 1535
13 -1265 1729 1638
13 -1260 -1944 1934
9 825 189 1396
9 -1724 -617 1030
1 1971 1292 1438
12 -298 87 1606
14 1178 191 1107
7 155 -827 1920
1 1580 -26 1956
2 1894 984 1132
12 -1886 528 1552
12 571 1294 1522
19 610 -695 1602
16 281 1201 1225
16 -674 1975 1670
8 -454 1919 1633
19 -1536 1665 1013
17 -29 -1853 1197
9 1723 1387 1206
8 -1926 -563 1075
15 1777 307 1010
9 915 -1873 1137
7 142 1571 1351
15 590 1125 1472
13 462 14 1404
9 -322 963 1085
19 -1383 1689 1259
13 616 1164 1234
13 -1616 643 1007
16 1659 -176 1838
16 619 1177 1451
2 391 -387 1825
1 -1503 876 1656
14 276 -1416 1961
6 -716 897 1107
11 -1028 1938 1702
15 -1132 1683 1736
3 1251 898 1441
18 -472 1253 1597
3 1486 -423 1724
14 1309 -1449 1271
8 -1390 -1409 1480
18 -495 -927 1511
19 924 1421 1826
3 169 803 1120
12 1936 -1819 1480
9 -1021 1371 1351
10 1233 -1197 1223
9 -1230 -1730 1769
8 1879 1455 1229
20 -379 -410 1471
8 1032 -726 1982
4 1067 -1394 1254
6 1922 -128 1131
5 -500 -1208 1984
13 246 -870 1518
12 1112 1295 1899
8 1322 -1702 1053
11 -1074 -1179 1972
18 237 -770 1345
2 439 1843 1766
18 13 63 1125
19 -1944 -1071 1050
18 -1540 103 1655
13 665 1361 1273
7 765 1942 1034
11 -1633 1078 1338
13 -183 1904 1474
6 -1698 87 1204
19 1050 963 1604
9 -1334 -799 1005
12 133 -1570 1078
3 -452 526 1740
14 -914 -421 1450
13 -548 -589 1170
6 -20 716 1881
14 -94 -994 1338
4 -1980 1204 1328
5 1927 -1358 1685
3 -508 -7 1540
11 -1728 -1770 1322
18 718 118 1512
19 -1608 1570 1016
12 -534 -506 1793
4 -628 -1157 1321
16 -1455 598 1194
11 1124 -235 1847
19 1938 1811 1303
7 -1968 -119 1450
16 1256 1246 1022
19 120 1959 1191
3 -545 678 1580
8 -783 -1286 1201
8 1358 1988 1116
1 759 -1382 1117
1 -160 5 1746
13 1166 144 1283
19 328 -1269 1277
13 -45 -1339 1557
11 -1989 1206 1928
20 1926 -500 1529
14 982 214 1412
17 1626 1089 1847
12 -1613 -1697 1030
8 -512 -135 1764
12 1518 -180 1833
7 -1223 -673 1032
9 1221 1764 1799
2 -636 889 1768
1 1368 1321 1630
18 -665 67 1066
8 1196 1580 1269
1 -1860 518 1167
9 338 1455 1230
3 -1596 -1053 1829
12 -1006 558 1485
1 -152 325 1640
13 -1248 1699 1654
1 -1934 -1260 1373
14 -1477 1241 1474
2 1593 1409 1920
16 -301 1751 1366
8 -1284 199 1703
16 1966 166 1323
1 -1511 1146 1590
2 -1573 -1805 1300
16 637 -661 1397
17 -873 1781 1652
9 1294 1448 1374
12 -1661 -574 1331
14 -874 -53 1408
13 -140 141 1434
7 1197 161 1640
17 -1036 1495 1592
13 1537 1783 1672
9 -1202 -739 1371
9 -1365 -1577 1417
17 -98 1420 1127
13 1975 292 1831
4 -999 1823 1312
6 -1664 281 1225
9 1365 1769 1780
7 414 -1859 1079
10 1748 -878 1760
3 -1800 -775 1562
12 -920 1146 1901
6 -1858 -104 1399
11 -1330 1475 1930
14 344 -1773 1083
6 -634 97 1570
18 1340 -1288 1299
8 -1880 -797 1751
14 -1838 -1248 1745
16 -410 -715 1848
12 1708 -820 1703
17 -1052 35 1046
3 988 676 1056
16 1248 -1888 1047
15 1220 1474 1533
8 -1770 -462 1158
9 784 1116 1339
17 -1727 -990 1626
11 -811 35 1760
3 642 379 1772
9 -51 1645 1385
4 -217 -1864 1921
5 -161 -1865 1651
1 1210 1036 1875
11 1274 438 1193
19 -392 -655 1746
20 -1286 1089 1242
15 1551 -1280 1648
13 -446 156 1674
1 1532 -1925 1525
8 1846 1159 1847
19 -1493 -518 1987
9 224 1678 1001
2 823 1784 1390
17 -1317 1605 1956
15 1720 1383 1029
14 -979 1186 1845
3 329 1126 1579
4 868 1592 1241
3 -1252 -1639 1888
17 -1500 -897 1836
3 -76 180 1451
20 1679 -826 1298
9 -1550 1874 1654
20 1595 -368 1948
7 1639 -1865 1142
10 255 -1119 1983
19 1868 688 1241
5 -11 389 1856
1 639 -1124 1741
8 -420 611 1388
9 662 -535 1145
16 -781 1829 1965
15 550 -935 1201
17 1893 -1906 1500
9 -485 1207 1695
16 -1673 -1931 1437
9 -1082 -801 1175
2 209 -1715 1191
5 1087 1323 1661
13 -221 245 1904
1 1232 1912 1697
1 -1644 -769 1428
9 -1209 273 1710
3 1277 1881 1862
17 -385 147 1519
5 1371 1100 1502
3 877 1291 1870
3 -371 -1939 1076
4 -1205 -292 1594
18 -109 -1297 1317
9 296 -1984 1182
8 -824 -536 1691
15 -827 -637 1941
9 296 993 1878
10 1836 660 1627
6 406 -272 1131
9 -1549 875 1345
5 173 -1366 1870
7 -1244 -1859 1338
9 -1898 847 1322
6 -1560 -143 1410
2 566 -1728 1022
19 806 1037 1134
6 -685 -1709 1364
2 -120 -667 1830
8 -1521 -81 1424
2 -1598 668 1333
1 -1967 1506 1934
14 1978 1542 1834
8 195 -1015 1075
8 734 1565 1604
8 1284 -516 1337
17 535 -543 1813
13 465 1168 1291
14 586 -1237 1946
17 9 1999 1866
12 1221 -1146 1091
20 -472 1027 1650
11 -807 -1776 1170
3 -1414 -551 1348
1 -641 1866 1098
12 -467 -65 1577
12 874 1994 1902
3 721 977 1137
7 -892 -990 1924
5 1257 -1027 1731
19 -1381 1592 1628
3 1350 1865 1764
15 1131 -1194 1841
3 244 212 1995
2 496 -1535 1847
18 1503 1540 1907
11 -1962 -1776 1281
11 -992 -478 1576
17 209 -467 1052
1 -1222 419 1685
10 -1889 1265 1314
20 1685 -1895 1935
6 -862 -1203 1679
14 -1338 -1320 1102
8 -408 -931 1690
15 559 -1071 1352
15 -1825 -1829 1232
8 770 -1999 1821
6 -328 -1464 1962
14 -17 200 1120
16 -1953 -632 1886
11 -881 702 1517
18 1220 533 1624
7 -393 -1167 1271
3 -241 1018 1214
4 -1707 290 1952
11 -1525 -1183 1697
18 258 -1909 1534
6 -1004 -182 1690
14 53 737 1110
10 304 -1389 1028
17 824 1777 1166
4 -689 -1101 1642
9 1136 1267 1648
13 1074 442 1294
18 -1763 -1125 1324
14 -1433 -837 1873
2 80 672 1623
11 -571 -842 1264
16 961 700 1528
11 612 -1630 1908
8 -580 220 1685
5 1836 1280 1126
8 1018 1819 1626
7 718 -849 1580
3 1514 -92 1157
2 -1235 -1233 1297
1 1398 -1825 1371
6 -925 1182 1922
19 373 -1151 1749
10 1007 617 1561
15 1662 503 1565
1 -350 -1520 1594
1 -397 1174 1134
5 1009 824 1461
7 -432 593 1865
11 -1048 -1127 1681
12 1423 -1317 1130
8 1786 524 1108
15 886 1888 1646
12 944 -1380 1780
5 -452 16 1348
10 1062 870 1620
17 1734 -1010 1823
9 714 -833 1985
3 980 259 1310
15 -1265 -879 1912
9 -32 -1381 1007
9 1233 -612 1235
10 -1831 497 1628
4 -1893 103 1310
2 -1540 -413 1671
13 -847 -1016 1831
2 -1169 1440 1222
8 793 140 1002
8 1942 -1362 1196
19 501 -658 1661
20 1917 1929 1429
11 8 -1430 1248
15 1771 355 1937
5 438 -1291 1304
11 -416 1008 1188
6 -896 1998 1257
12 -1172 969 1178
2 1285 1143 1534
3 -1065 -1566 1225
20 626 954 1192
6 -1460 1640 1297
7 -1457 -1487 1663
9 1703 -1144 1926
9 1325 1350 1641
5 -66 -568 1610
11 -1612 339 1320
4 1543 1540 1837
6 -1017 370 1932
6 745 -522 1325
14 -521 -484 1906
16 459 715 1125
1 202 -920 1272
20 1083 1074 1501
13 -72 873 1081
14 1114 1383 1306
13 -756 1514 1019
15 -260 1380 1629
14 325 -1201 1797
9 1079 -1159 1080
19 1872 380 1502
20 -1090 -474 1875
16 -1676 1117 1505
9 -664 -1922 1437
5 -1829 1663 1342
17 -977 1451 1797
8 288 1153 1406
14 833 -782 1226
18 -587 -772 1611
13 -73 1600 1467
8 -1417 -1524 1953
1 -686 289 1223
10 823 985 1711
13 1341 432 1197
7 -481 -1215 1804
9 1529 -908 1482
2 532 -1201 1854
7 -300 168 1273
13 -122 228 1883
7 1512 -1725 1998
1 -1959 -1801 1579
10 -1053 -354 1868
11 452 1430 1836
18 -1847 969 1317
20 -1130 987 1360
3 518 -899 1410
8 -1173 114 1271
10 1809 -326 1023
5 -529 35 1898
4 402 -77 1928
12 -302 1961 1507
19 -922 -1077 1511
18 -782 517 1200
7 -992 -354 1147
12 -721 -717 1464
6 -730 -558 1320
3 550 728 1776
20 -1858 941 1072
15 1099 -518 1763
6 224 1250 1506
2 -61 1718 1279
1 -1735 343 1941
13 854 -924 1354
7 -1618 -826 1476
17 595 1702 1914
12 1555 -1059 1817
7 903 734 1389
2 959 -1235 1613
19 493 -428 1909
13 -353 1960 1743
16 -246 -1618 1359
2 -760 1829 1505
9 1905 -673 1810
18 1926 -824 1901
12 -73 844 1933
19 431 1069 1704
14 1659 514 1774
5 -1350 -1510 1161
15 -1619 -2000 1754
10 -768 -1024 1440
10 -12 940 1377
18 -1572 -1346 1815
6 -982 887 1507
18 -96 1063 1202
5 769 -655 1741
19 -153 188 1427
4 369 -750 1103
7 -966 -1587 1131
16 -1407 936 1360
2 578 -1623 1249
10 217 -299 1133
13 -627 1448 1327
14 28 -1114 1613
14 -552 997 1199
19 1108 -1311 1273
17 1825 276 1172
8 4 -811 1161
20 -1423 1909 1795
11 1006 59 1632
6 571 19 1346
17 654 -1148 1056
3 1947 1554 1532
10 118 -427 1287
17 -1130 -562 1443
9 967 -816 1219
7 1796 501 1540
5 217 669 1511
1 1737 1248 1872
8 -1884 -1592 1770
12 -423 1003 1847
7 1219 -1492 1669
10 -1558 -849 1404
11 -294 503 1745
7 278 597 1612
16 534 262 1562
20 -1628 -1136 1933
17 -1928 748 1943
7 706 -458 1209
17 -438 988 1494
8 1896 -1120 1082
18 -877 1745 1298
12 -864 1520 1846
9 82 742 1938
9 1930 -300 1809
7 1167 1328 1159
3 1903 -1948 1854
4 1634 -110 1636
11 882 1799 1786
6 -1925 1550 1737
7 -1049 87 1754
3 -218 1626 1270
19 146 -483 1649
18 1648 -326 1695
8 -1389 -1783 1662
5 904 1093 1039
4 611 660 1153
20 567 -303 1916
3 287 374 1942
14 -168 -976 1978
14 -1447 -1334 1861
2 33 -506 1743
7 -277 267 1359
6 -1370 -525 1014
2 50 1260 1911
7 -1934 -1875 1751
4 963 -532 1533
10 1175 -422 1192
15 -543 -114 1372
4 -1355 919 1132
19 893 303 1332
13 -587 95 1690
17 444 -847 1263
12 -699 1924 1620
3 85 1734 1672
12 973 1644 1977
13 1727 -1685 1051
3 -1859 -1104 1452
12 -35 896 1373
18 1215 1229 1771
5 1803 1238 1980
9 -1346 143 1076
6 -1968 1563 1328
7 1473 -935 1476
16 1840 332 1696
19 -1104 -1809 1547
14 1865 -1148 1672
19 265 -1734 1151
11 551 -566 1789
4 490 -998 1267
7 1582 -1499 1799
11 -1804 1315 1174
12 -1987 -621 1152
8 -1069 -796 1586
18 -439 735 1892
14 -668 -1392 1360
6 892 -1068 1569
12 -564 327 1743
1 728 -539 1903
4 -237 -1806 1852
5 1304 -582 1347
7 -124 1783 1207
11 667 1265 1083
2 -942 -440 1752
2 -1309 -1825 1191
5 370 -330 1919
13 -377 559 1340
19 -99 1697 1538
20 -1651 -245 1012
3 -551 162 1042
5 546 -863 1703
19 -481 832 1280
7 -761 -1112 1712
4 -1424 -1654 1781
14 510 -984 1540
19 1215 630 1558
8 -311 1882 1104
8 333 1337 1834
4 -762 -867 1004
1 1159 79 1342
2 1068 -1130 1235
12 -1402 -453 1373
4 -1091 633 1435
20 -1107 -1664 1384
9 -1079 946 1165
2 -137 264 1353
1 281 -527 1295
9 391 1619 1109
14 -437 1466 1371
17 1934 1429 1258
15 334 -248 1723
14 1334 -653 1363
8 1394 1593 1674
2 465 -528 1744
10 -510 1753 1685
18 73 822 1469
11 820 961 1624
19 1517 -579 1333
3 553 501 1693
6 -1386 1368 1189
8 820 -1199 1163
11 -1435 1912 1981
17 1204 1604 1029
20 -760 1446 1526
6 -1105 234 1638
7 289 -1956 1821
17 196 -861 1767
6 1250 524 1258
5 -427 924 1045
1 -542 -579 1232
14 1287 -993 1974
4 -312 1550 1620
17 852 288 1446
11 1529 1177 1080
4 881 1650 1257
17 -1939 -223 1333
19 -1080 32 1596
9 -65 -1064 1720
15 -1952 1805 1000
17 614 -1236 1492
14 390 1728 1889
1 1238 1403 1495
8 -764 -1861 1036
20 1321 1866 1155
18 447 1205 1316
1 1059 1353 1479
10 -1788 -1360 1847
11 -1531 1457 1233
4 293 724 1759
17 -482 653 1962
2 604 -622 1685
9 -1160 585 1475
15 1692 22 1749
19 532 -1705 1997
10 -1272 918 1152
18 313 678 1159
4 -1836 732 1960
1 -340 -254 1033
12 1068 1208 1024
18 1967 1680 1703
1 1033 -372 1673
6 577 702 1199
12 167 307 1441
14 1829 1899 1074
12 -1452 -1786 1594
7 1572 -28 1873
20 -245 296 1780
14 431 -238 1204
1 -1071 -1803 1520
19 -402 -118 1386
10 607 -440 1965
16 -1594 1845 1349
14 -397 1711 1121
18 1319 1846 1904
17 -1126 1113 1105
2 980 1484 1375
13 741 782 1618
13 23 -941 1066
2 -581 -698 1966
7 1698 1565 1188
9 -1608 -1041 1047
6 -1486 -32 1947
16 1614 297 1086
11 -209 175 1466
15 777 -1370 1468
15 807 -1070 1151
11 -1234 -1475 1974
15 -792 1935 1194
18 1452 -1793 1063
16 1699 -99 1406
16 468 -1450 1712
10 41 -170 1078
14 -1223 436 1801
20 -1729 1962 1622
9 1954 61 1509
1 -972 -162 1060
11 518 -478 1332
19 1171 1371 1214
17 1788 -623 1949
18 1824 -455 1981
18 1133 -244 1648
5 512 -1308 1685
5 887 357 1197
3 560 1710 1952
2 -521 60 1383
15 1564 899 1856
19 -622 1108 1992
12 244 776 1649
12 -142 1871 1290
4 -671 -534 1323
10 -131 592 1773
11 42 -1659 1238
14 1997 -95 1339
16 -117 333 1874
10 -690 -1214 1025
14 1091 -1078 1368
6 1819 1092 1143
8 -1278 1370 1468
16 1726 992 1017
5 1596 840 1465
4 -217 1501 1277
11 479 792 1450
19 1550 1443 1977
18 -710 -1518 1612
18 -1752 626 1976
1 -1075 1219 1662
15 -1045 1902 1057
3 -829 1929 1395
10 683 690 1506
18 -887 -1589 1585
13 1124 -1087 1238
19 -711 782 1603
16 -1934 -1299 1483
19 -1078 1609 1948
16 -1675 -1959 1255
7 -1889 -1614 1412
14 810 1890 1644
7 183 1291 1873
20 -1494 -32 1204
6 -1916 370 1187
2 474 -103 1965
15 -1896 -392 1750
6 -1660 392 1457
4 -347 -772 1866
3 -694 829 1766
6 -306 -371 1882
16 -1474 409 1995
1 -1010 -209 1501
2 1994 1875 1156
16 -1000 -336 1010
17 -1621 -1371 1661
6 1637 -397 1654
14 -446 705 1446
17 -709 0 1614
10 586 -1078 1449
18 571 441 1688
19 -342 -430 1299
14 -1040 -846 1436
13 766 -59 1983
14 48 1469 1184
1 -1933 -1460 1058
14 -1948 -729 1698
9 1591 -1650 1919
4 1047 -1415 1692
9 882 -1725 1569
1 1677 1769 1055
15 1156 1492 1122
6 263 -294 1565
18 -889 -1772 1837
8 1740 438 1250
1 -1112 -735 1064
4 1115 -264 1568
17 -1176 1374 1269
18 1191 1227 1016
5 1214 680 1157
16 -1846 405 1321
4 -595 274 1235
7 277 238 1174
7 1672 -1988 1446
16 1153 -1360 1837
13 585 -1625 1717
12 -338 1624 1726
13 -994 18 1537
20 240 258 1263
16 -798 1397 1669
12 -82 -1627 1212
17 -1883 -1210 1050
6 -1904 -899 1962
7 -149 1660 1688
11 1445 -1954 1439
11 1427 -1464 1963
16 -935 -1144 1195
8 -630 179 1883
14 979 1872 1409
5 1475 561 1410
9 1257 -1780 1453
7 -1626 516 1628
20 857 -296 1256
5 1580 1425 1601
2 -504 -605 1811
6 805 -75 1301
5 -1350 -1868 1197
15 -364 -1591 1323
14 526 -396 1334
11 591 1586 1187
13 1084 -1633 1702
1 1000 -404 1469
1 -351 609 1839
17 -487 -1471 1563
9 -1023 282 1272
5 1360 -1812 1294
3 -1598 -1602 1190
13 1562 29 1012
8 119 1453 1458
14 -1962 -1088 1734
9 1698 137 1381
14 619 -1345 1662
7 -895 1124 1747
5 1595 331 1535
18 -1240 1445 1404
16 -883 -409 1379
16 1278 1048 1767
5 -1350 852 1289
2 -788 588 1650
3 -36 1880 1610
1 -1887 -1725 1288
10 -1399 1237 1165
2 -1719 155 1647
20 487 -799 1011
6 -179 -440 1300
12 -154 -340 1003
17 -137 -1810 1032
6 145 1562 1471
17 1719 -504 1963
4 1163 106 1806
7 -1209 336 1513
6 -843 1093 1890
16 -1686 -477 1572
1 -799 -82 1698
5 -1758 -245 1000
14 -722 1914 1187
3 -164 172 1614
15 1887 -899 1928
10 -563 1064 1560
5 1572 273 1936
8 -700 112 1394
3 -1836 -1742 1981
10 -851 -1028 1948
12 1659 -924 1220
9 -510 19 1850
8 984 -946 1320
18 958 -60 1614
13 877 865 1338
1 -1353 -164 1231
2 1281 1754 1437
17 1666 1650 1440
7 -1861 1021 1184
13 -1487 -3 1568
14 1147 -1975 1150
7 1999 1969 1733
6 -444 49 1681
4 197 842 1100
11 -1612 459 1465
5 -495 265 1044
18 1155 -1664 1528
10 -1641 -1155 1042
5 -1063 1693 1282
5 -1471 -445 1841
16 1356 -1359 1878
20 1676 501 1036
9 1951 1944 1468
6 -125 -829 1782
16 1375 -1553 1728
8 122 695 1337
14 1513 -734 1196
17 -1200 -1760 1041
12 1197 1617 1897
8 -735 -1187 1840
16 438 1754 1852
4 478 -570 1091
2 375 621 1207
8 -692 -454 1193
15 771 1239 1686
14 -1700 1357 1006
9 1575 -888 1197
15 1857 752 1021
12 1833 -617 1724
15 -711 196 1744
14 -1634 1254 1151
9 -1575 733 1589
2 1256 1042 1159
4 -1586 -1295 1986
15 -1109 1275 1677
2 -1719 203 1584
10 1149 -1771 1922
20 -831 87 1390
6 -603 -1831 1274
15 -1667 -529 1996
11 -201 -988 1962
15 967 -450 1914
3 327 -673 1826
3 -756 1767 1318
5 1553 -721 1124
18 -426 965 1500
1 1043 398 1321
10 1547 -71 1893
4 1030 -1481 1209
16 1232 -463 1614
12 -477 -608 1769
1 923 -298 1976
17 -1579 1607 1401
5 -1618 46 1397
12 651 -26 1145
15 1226 -897 1843
3 -46 676 1777
6 -1530 -1737 1147
14 1385 -91 1804
4 496 88 1925
10 -157 -1666 1021
2 1389 730 1816
1 -716 -593 1135
20 -850 -117 1296
19 1425 576 1722
9 -1159 1336 1756
9 -1984 -156 1291
12 -891 1228 1908
17 -1781 -1507 1093
15 554 560 1686
11 487 -1220 1500
3 -1455 -1001 1261
4 1353 1500 1341
5 1655 -1558 1435
1 1158 374 1784
18 219 1169 1078
8 -1413 -1903 1825
14 -1740 -22 1860
18 -445 1383 1120
4 -555 -736 1404
10 1305 1478 1994
3 -980 165 1010
7 -1469 1222 1406
5 701 -607 1493
13 -1315 1707 1685
15 -93 -316 1439
6 -398 514 1130
13 -63 671 1796
14 448 -647 1757
18 -1064 1928 1634
6 828 -400 1547
1 -405 479 1843
20 -620 -1098 1835
20 1672 30 1340
16 -793 1760 1121
16 1896 382 1401
7 81 -1335 1568
2 -1215 1583 1583
2 -1687 194 1166
2 950 -423 1285
15 1202 -1293 1774
19 -1141 1850 1516
19 -951 43 1131
12 1932 -1861 1080
5 -1558 -1109 1514
3 1999 -943 1199
8 -37 -1662 1309
1 -1525 -888 1239
8 -1415 1765 1709
3 1230 -520 1921
3 -250 295 1437
13 -1695 -557 1954
5 1484 -1600 1849
2 592 942 1236
15 -1009 -1560 1356
5 375 -210 1511
18 661 988 1492
12 -839 755 1827
16 564 -766 1430
4 -1112 -1829 1287
13 1534 -1980 1926
18 1028 1138 1999
15 232 341 1809
6 -781 -1885 1027
18 -1647 661 1058
15 783 -273 1513
11 370 1944 1028
20 1667 -737 1249
11 1327 378 1179
15 1921 950 1694
4 -113 1902 1771
9 -1934 416 1660
10 -870 940 1773
10 126 910 1793
11 -880 300 1333
13 -1114 -1061 1054
2 920 -1137 1752
5 1376 -1413 1346
7 481 1875 1839
20 -533 -1906 1905
20 -2000 -1000 1214
3 1530 -523 1337
4 -1508 -369 1971
15 -1973 1346 1298
7 750 366 1878
9 1557 1041 1171
2 1676 1637 1598
5 -973 -666 1102
7 45 566 1736
13 1678 -899 1191
10 1172 1281 1518
7 1554 -566 1013
1 -773 -1271 1182
2 218 -20 1648
15 -234 -1667 1267
11 -377 1394 1467
7 -1869 1310 1739
17 915 -1531 1762
6 -387 980 1117
19 -406 -1049 1785
20 85 1102 1842
16 822 549 1147
2 1163 1404 1472
19 1596 911 1763
13 16 1697 1224
10 494 -1113 1514
7 -189 484 1246
17 771 312 1884
4 -1878 -33 1397
19 -1129 713 1232
5 1435 -557 1447
7 1445 207 1477
12 -1763 1902 1255
8 -200 1109 1285
9 -283 -837 1107
5 1241 -1328 1723
5 893 445 1795
20 -623 1640 1944
14 43 331 1764
9 54 1510 1166
20 285 1352 1518
3 1444 -459 1183
20 -1959 -1190 1871
5 -1309 1302 1120
20 419 867 1447
6 -879 844 1948
4 941 -1908 1663
5 -1651 -847 1015
13 498 -750 1424
15 1413 155 1033
1 -1913 983 1771
15 -1859 -781 1349
20 211 -383 1989
13 -46 -364 1309
19 1787 854 1332
17 1596 -1299 1335
4 -1946 -1476 1801
13 1605 -1210 1006
19 575 -752 1778
14 -1562 -850 1493
9 -846 482 1216
9 -1603 196 1345
12 -1714 982 1231
7 1835 -1152 1528
8 -21 -876 1815
12 -1638 -1781 1178
2 317 -1844 1960
14 48 -1033 1002
19 -586 1929 1663
11 634 413 1301
5 1978 -281 1126
18 -1630 -160 1692
5 -1053 -1525 1862
20 -1171 -1134 1832
14 937 1278 1095
20 -694 -412 1756
19 -1093 413 1019
5 -786 712 1255
4 -350 -1706 1962
18 -371 -1773 1366
19 478 -514 1193
14 881 -585 1706
20 -1915 496 1163
15 112 -231 1124
20 -342 663 1460
10 -817 -640 1232
17 49 -1055 1411
3 1005 -933 1366
11 1947 475 1728
9 1688 890 1704
15 1477 -1456 1070
19 -687 967 1719
18 -546 1277 1803
19 334 858 1255
14 -340 -116 1651
6 291 725 1671
3 -997 -114 1461
1 1906 358 1523
15 215 1660 1444
4 1999 889 1807
14 -287 -12 1274
1 -1568 -1502 1414
17 837 1717 1420
6 -729 -685 1962
1 606 1713 1747
14 843 -1480 1860
4 -215 -1350 1038
7 -1385 234 1632
2 -313 -1361 1174
5 436 615 1872
9 -1767 -1834 1679
19 -521 -250 1457
13 -1379 -1353 1519
20 1290 -479 1230
7 397 -1488 1334
18 998 -208 1064
12 -1580 -380 1247
14 -1027 1080 1571
10 961 330 1594
1 -1218 1550 1238
5 -555 -249 1036
4 472 -1005 1593
11 1780 -1241 1007
19 -1402 1929 1957
16 1913 -92 1561
1 -1372 1283 1871
9 -728 -230 1322
5 790 567 1200
15 186 -1355 1973
1 96 1814 1079
20 1326 670 1748
2 231 -1280 1147
4 -253 -380 1875
12 1893 782 1534
8 1194 -1898 1392
2 1153 787 1743
6 -408 211 1377
11 -1299 -477 1329
18 1986 -1173 1143
1 1256 868 1429
18 484 621 1222
5 -308 1001 1003
6 1016 1996 1282
8 -1539 1381 1582
15 -1101 -183 1511
3 697 264 1712
10 -384 -476 1906
14 1271 1406 1513
17 1095 1150 1539
7 621 86 1517
20 -1648 1957 1534
15 1949 -1169 1499
20 -1809 -976 1034
19 -932 -1321 1134
19 256 1083 1101
20 -896 1004 1835
13 1895 -869 1715
7 -732 1792 1332
3 -351 -1036 1237
16 1815 -1486 1569
3 -391 1306 1076
5 -749 548 1725
13 706 -744 1471
15 1071 -714 1325
10 -943 -790 1439
19 1264 1437 1962
4 -839 -856 1459
18 -752 1754 1248
11 1600 -1565 1732
1 -1749 -1879 1377
8 -1301 -1381 1779
8 -23 958 1937
17 -996 -223 1226
9 1459 108 2000
18 559 -1592 1822
13 -1609 909 1013
8 -802 354 1661
17 -1053 1681 1568
17 -1620 -275 1210
18 1781 -1097 1264
5 1277 1984 1633
16 1736 1345 1443
1 -1400 877 1957
2 -1276 1065 1788
11 1557 1615 1607
7 369 -194 1371
7 1403 1139 1363
9 1171 -1222 1820
10 750 644 1165
9 -1403 1112 1896
6 442 595 1134
19 1891 -265 1520
15 -228 -1698 1827
2 733 -705 1080
2 -1920 941 1457
1 -318 722 1942
5 -290 676 1530
2 -1974 280 1229
4 -1862 266 1335
6 70 -458 1489
4 -1914 -97 1971
10 404 -112 1361
10 1136 -1370 1592
11 1343 1012 1391
8 902 174 1828
5 -1460 -720 1525
7 1341 228 1283
14 -1300 -108 1265
2 755 -255 1874
12 -1061 1402 1266
12 1101 -265 1554
17 -798 1818 1913
9 818 -254 1513
17 -740 -999 1964
19 149 -1926 1952
20 324 1408 1941
14 -1294 532 1031
6 1397 928 1193
11 553 740 1759
10 1856 -756 1597
20 23 732 1147
19 1712 1132 1758
4 970 -481 1915
3 549 984 1608
19 1306 -87 1496
18 1129 -1076 1609
11 -76 -653 1977
3 -253 946 1698
15 -1154 -1674 1081
1 930 -1661 1109
15 1426 1677 1648
18 -1634 85 1345
1 262 -230 1563
11 -1040 -1629 1824
8 1737 -1490 1715
13 1017 -1333 1631
20 -193 1794 1728
1 1062 1616 1767
3 355 265 1998
20 -285 -337 1447
12 -493 1828 1443
2 1720 -1197 1332
15 1290 -1585 1557
5 411 -389 1254
6 -763 519 1437
10 1342 1308 1724
4 916 69 1852
6 904 -52 1750
17 -1474 1069 1036
2 1704 -1465 1049
3 194 1286 1430
2 -1690 85 1420
13 -81 -700 1811
9 782 756 1133
11 1639 193 1461
18 646 1900 1425
14 1116 581 1926
15 -924 1509 1683
20 -584 269 1572
20 -43 -669 1822
9 1251 1609 1841
8 -1183 -1357 1185
3 1356 -1954 1563
15 -1091 -284 1995
13 -1153 992 1762
5 -1612 198 1313
7 1696 600 1159
12 1272 281 1846
19 266 486 1355
5 1214 -159 1822
4 1054 -1477 1572
17 1591 647 1795
14 -506 243 1421
20 -1366 355 1349
10 -1723 -599 1205
9 -132 1594 1872
10 -441 -1795 1945
19 1715 838 1700
6 -39 -1222 1571
4 -205 1172 1927
11 -1094 -1751 1398
17 446 1553 1356
7 -1244 1610 1718
11 -418 -784 1067
6 88 -373 1897
10 11 195 1170
17 1525 982 1574
13 -1240 -1145 1977
2 103 1062 1656
15 287 1470 1245
13 1552 -1793 1186
6 -158 577 1858
12 806 1075 1042
11 1906 6 1746
18 1203 875 1789
3 -1219 843 1799
18 35 -9 1359
14 1150 1290 1526
1 -558 141 1649
19 -1804 -880 1412
18 586 618 1140
9 -447 522 1835
4 1936 1067 1601
6 -475 -677 1487
8 1525 -1519 1371
15 323 1052 1436
17 1926 220 1559
20 -1881 1790 1567
18 19 -117 1618
12 844 -1765 1429
12 567 404 1507
2 813 570 1708
14 -1391 1130 1042
17 -1841 1950 1887
3 1787 -1652 1987
20 394 1877 1333
19 -1485 -851 1939
12 -249 -1859 1528
20 1507 -771 1274
16 -98 -291 1327
10 -1704 -546 1073
8 594 -565 1262
6 1003 -518 1016
16 1232 -454 1799
2 -1132 -82 1392
14 -999 -1832 1723
6 -660 -1268 1829
3 1833 -1911 1387
19 -1084 269 1258
8 -1841 1577 1558
11 -1123 1565 1962
5 1376 -289 1591
10 -1334 -1535 1134
1 -257 851 1100
9 1102 -1344 1625
15 503 1128 1990
17 -1383 -1085 1768
13 -711 -224 1276
8 -93 1033 1271
12 1475 -1575 1777
19 -616 376 1321
5 504 929 1906
13 1334 -1672 1174
5 155 1636 1182
1 1362 923 1344
8 -984 206 1965
7 -868 69 1707
4 1105 -1993 1291
1 208 1250 1172
2 1530 11 1933
3 -1833 451 1120
15 -447 1094 1560
14 396 491 1523
4 -339 1164 1031
19 1291 -602 1076
14 -421 -1149 1434
16 1109 187 1316
9 -356 1694 1438
17 -701 938 1604
15 196 -591 1276
4 665 -1239 1430
9 -919 139 1154
5 60 -1756 1033
20 429 98 1079
9 422 -4 1412
17 697 321 1095
5 1881 141 1606
16 449 -415 1336
15 -900 -491 1718
16 -982 363 1732
3 -1571 -1652 1941
4 1973 -1913 1694
11 752 -564 1819
18 806 -333 1551
11 -1091 -1882 1556
11 1398 -1884 1853
12 514 -1517 1341
19 -891 918 1023
19 -529 -1395 1224
13 501 164 1576
18 -1244 -891 1390
16 1128 -1536 1606
5 109 -1075 1419
14 1597 1018 1970
6 878 426 1417
20 1415 -1774 1007
16 -1143 -1101 1493
3 562 887 1380
18 -1271 602 1829
12 -1925 503 1088
5 1570 -1398 1174
7 -658 -493 1949
13 31 234 1252
19 -1615 -326 1691
7 203 -1047 1390
3 -1529 -1700 1040
4 782 1514 1656
9 511 -130 1178
6 -1194 1215 1109
5 897 29 1052
1 542 -1709 1480
2 -1320 -467 1841
2 1945 1171 1660
8 -1083 -791 1998
15 -936 -1648 1167
15 -1939 -656 1117
8 -243 -342 1857
13 1285 909 1250
11 1704 -1713 1745
15 -404 42 1189
11 106 -20 1984
18 1189 -690 1054
19 -121 1170 1592
14 -1172 883 1877
16 1096 380 1875
6 -1837 1480 1113
9 275 717 1101
1 1288 -1349 1223
5 -1680 -1789 1305
17 -1230 -245 1793
17 870 1313 1920
3 -843 905 1507
20 -994 765 1578
7 -1159 1699 1610
9 -1441 -407 1566
20 -892 1745 1087
17 -897 -1198 1101
9 435 1741 1744
3 519 -1838 1429
5 1847 -545 1015
6 -1426 1481 1117
7 601 -1579 1663
3 1322 1239 1196
1 1489 -1364 1192
17 -499 -361 1075
19 271 -959 1244
19 1090 683 1821
20 -1721 139 1672
6 -1757 907 1265
19 -130 945 1881
1 1504 -120 1695
2 -1266 1299 1309
15 26 -456 1952
2 161 -1366 1902
9 -12 -710 1313
8 1521 102 1140
2 -765 1890 1322
5 42 -1041 1735
17 -168 1598 1803
17 1439 -1580 1099
2 1939 -1990 1717
15 1234 515 1539
15 -1127 1326 1794
6 776 -1750 1402
12 357 -1069 1697
8 -1576 -1733 1142
14 -195 694 1833
5 -680 -973 1396
7 -1824 655 1151
12 -1035 1215 1425
3 1417 -582 1291
13 482 -483 1074
19 -597 492 1954
12 -35 -682 1773
17 310 497 1159
11 -1291 1733 1179
12 -458 -43 1827
19 1152 654 1495
12 -1691 391 1016
1 -443 1049 1717
7 -655 759 1594
5 -1912 449 1041
8 1252 -1893 1757
6 -942 877 1177
19 -731 380 1087
15 1944 -730 1827
10 12 -1626 1415
10 1311 1824 1170
9 1483 1718 1579
12 1162 1497 1725
1 -794 536 1420
10 -1501 1575 1412
8 1956 -633 1692
4 1715 1476 1631
17 1981 244 1527
1 152 1381 1102
4 -1584 -1891 1251
20 -1042 1756 1899
19 -851 61 1252
7 147 959 1809
5 -1865 1431 1357
15 -977 -935 1036
10 -897 -1690 1578
16 407 1938 1689
20 1568 609 1392
5 1399 47 1738
6 -242 -1227 1654
5 1683 -385 1491
12 -501 -1110 2000
7 -1129 358 1423
12 559 -1927 1177
18 1691 -4 1337
17 -1282 1532 1483
19 1571 1402 1415
15 1931 349 1401
13 -1656 -878 1690
7 635 -1499 1562
16 -1869 1825 1545
19 1397 522 1221
8 -1982 59 1710
11 234 -1776 1634
11 -464 1156 1045
17 1296 241 1183
6 -1206 937 1929
1 -96 -916 1839
10 -550 1009 1065
20 216 -1180 1887
16 1390 -996 1350
11 -1099 806 1354
4 -24 1202 1914
8 -556 237 1376
12 244 522 1949
15 175 658 1829
5 1318 968 1599
9 -1032 -331 1353
16 1184 -1453 1897
4 -317 -615 1769
18 135 1779 1016
8 158 545 1398
20 -1881 -1744 1883
15 1230 592 1273
10 -280 1390 1079
16 1212 218 1222
18 -396 -693 1689
18 -943 1762 1166
18 -627 1069 1308
10 -1647 1926 1552
13 -1316 -1726 1046
19 -1132 1261 1717
16 1280 1314 1073
5 -77 168 1470
14 -1891 -1450 1086
2 1023 -1747 1981
2 -1824 -1020 1810
17 205 1483 1033
6 79 -862 1541
10 1094 540 1445
16 1158 839 1245
2 -1830 -1240 1753
18 1677 1071 1994
15 1396 -682 1302
8 -1936 906 1565
13 1949 160 1871
10 1799 774 1287
13 -1363 -872 1238
4 -1087 1332 1897
1 922 -518 1185
4 803 122 1014
9 1032 1219 1998
3 381 -364 1050
2 -8 1998 1104
14 207 1289 1787
18 1085 -1647 1661
6 -1709 -409 1506
9 1528 451 1757
19 -14 -990 1846
12 1780 1276 1281
12 -1929 1831 1055
9 307 -875 1292
12 1764 732 1828
20 -1206 305 1079
1 -1309 -954 1684
6 291 -1630 1337
8 1228 -1342 1265
20 -708 1524 1970
17 1967 -276 1320
16 -971 -305 1002
3 -975 -806 1744
7 -245 -441 1409
13 1643 -1528 1896
8 1691 664 1971
5 -1383 249 1882
18 982 -909 1421
12 948 -513 1174
1 -649 -1874 1643
7 880 -1073 1481
7 384 -1458 1188
7 1975 -715 1120
20 -968 -927 1787
8 1976 1566 1635
1 -370 -78 1685
13 -78 1187 1378
8 -1051 -59 1628
9 -968 126 1297
5 199 1528 1893
10 -1741 -1315 1391
5 845 433 1899
4 300 -1182 1220
5 -380 -639 1521
6 1013 -791 1767
19 441 -938 1490
7 1664 -1963 1647
16 354 1075 1973
2 -1371 604 1467
7 -1438 -119 1201
14 272 1019 1383
15 256 -1692 1007
5 -680 -777 1908
20 -650 659 1186
19 -1058 1251 1776
20 -955 -1460 1058
7 187 -159 1783
3 -849 1451 1459
12 -1095 594 1135
14 430 -1724 1706
13 298 -498 1894
6 -147 -945 1212
5 1729 -227 1431
13 642 1816 1201
1 380 1940 1984
19 417 -1540 1603
4 -771 329 1280
6 1339 71 1137
2 -1492 -330 1677
2 1134 -393 1715
7 1051 240 1201
8 -734 563 1275
1 -112 182 1773
17 -1333 930 1809
13 -11 1691 1549
7 -285 595 1562
8 1463 -582 1409
2 -193 -1781 1718
11 -1875 -1679 1109
20 1332 1705 1934
18 -646 -1430 1374
20 -1353 1789 1504
20 1959 -1539 1595
14 508 -165 1956
16 524 1379 1325
12 -1686 215 1259
16 -200 1130 1494
5 -1706 11 1607
1 550 795 1013
1 824 -1678 1150
15 -607 561 1496
1 -1634 -965 1076
17 1778 -1778 1683
3 -874 1436 1201
2 5 1471 1462
15 -1600 386 1630
20 719 1166 1515
15 1252 1251 1586
20 1277 -940 1599
10 252 1837 1233
7 1186 -1012 1942
11 -465 1465 1261
1 1477 459 1089
15 1945 -841 1611
5 884 11 1560
18 -23 -1546 1675
6 871 1407 1125
13 -1261 -1474 1469
10 -1396 -870 1602
17 -140 -1921 1944
10 -1754 249 1513
4 -1057 299 1626
15 86 -20 1291
10 -1212 -199 1491
