1412
16 -231 1295 1535
10 809 -908 1708
11 80 1743 1698
6 -1494 -1742 1999
13 -337 -172 1429
1 1694 711 1180
11 651 614 1740
4 1198 -1085 1929
14 581 99 1116
13 -1591 -331 1597
7 -1654 -645 1054
4 774 940 1113
11 1497 -1561 1026
15 222 -538 1548
19 -1414 -1497 1220
15 80 1411 1990
16 1060 -835 1670
15 1623 1807 1410
7 651 1108 1513
15 755 -1071 1219
1 -1680 -301 1827
10 -315 1030 1273
19 1714 -884 1103
9 -779 -1115 1388
3 -1561 937 1914
10 1492 -541 1318
8 21 1062 1325
10 -1033 -1188 1121
16 -1838 -1645 1466
13 814 -209 1832
4 884 -1894 1750
4 666 -927 1666
17 -221 1979 1626
9 1276 -636 1622
20 -210 -953 1535
13 -385 -1856 1791
19 -801 985 1566
4 1342 1478 1101
13 -500 -461 1088
20 1225 -560 1054
16 1804 -1607 1974
13 -1649 1356 1876
5 -1781 1602 1551
12 194 -1663 1257
14 203 -1895 1382
8 1907 -647 1276
18 -78 -933 1579
3 -590 728 1806
15 1548 629 1849
20 -460 -1419 1274
6 -1416 -914 1867
16 -515 -47 1886
13 461 1260 1646
15 504 662 1037
11 113 -174 1403
11 898 -864 1521
6 1137 177 1335
4 572 209 1172
16 619 -1417 1799
16 542 -974 1277
12 -20 -528 1531
7 -413 1231 1700
1 265 715 1531
3 1816 -475 1405
14 672 -610 1600
16 1530 1251 1866
1 576 1413 1451
4 113 561 1383
20 384 -552 1802
20 -954 1838 1980
6 -854 863 1019
15 1354 1556 1737
14 -1132 1704 1084
13 -1683 1843 1441
7 -1837 130 1428
5 1283 -1818 1703
4 1244 -808 1448
4 -748 -287 1542
8 -1866 -511 1149
8 -1916 1355 1977
18 765 -223 1428
17 -95 -1684 1611
6 -752 -169 1022
9 -1403 -1398 1494
8 -1604 669 1956
9 576 772 1924
11 -516 -633 1031
17 -318 1554 1436
2 -1605 1226 1842
18 1138 835 1705
20 -1029 155 1446
6 891 -1493 1031
13 -581 -1124 1669
14 -1704 1534 1343
17 1066 315 1248
14 -1151 -1092 1755
3 254 1284 1290
19 -1598 -105 1061
3 -688 1367 1961
11 -665 964 1296
13 1560 -160 1544
15 -1850 1714 1797
20 1837 1739 1137
11 1282 -7 1666
16 63 580 1693
13 1117 -1531 1350
9 951 -1030 1957
1 588 1446 1067
2 948 1358 1747
1 -547 -1850 1947
3 -1588 1425 1777
17 1749 -1541 1513
13 1036 410 1951
10 -1892 -1506 1909
5 -1417 578 1820
19 -1792 804 1920
15 -1854 -969 1623
6 -1459 1924 1179
18 -737 1235 1183
19 48 1790 1511
6 780 -1642 1191
20 1317 1270 1813
20 -1613 1701 1893
9 610 1139 1769
13 609 45 1673
12 402 1031 1025
6 -855 -590 1501
9 1837 1571 1680
12 1240 119 1604
6 -1500 1529 1369
20 -1835 694 1811
19 -549 1917 1061
7 1159 -1013 1691
15 -1323 -1807 1019
14 71 -547 1001
15 667 281 1136
14 -1934 1577 1504
17 -1786 888 1351
4 -1408 1180 1657
5 883 146 1590
9 1974 1627 1906
13 115 -471 1379
14 -887 776 1101
5 1841 -372 1880
8 -1551 -804 1067
3 -828 469 1312
20 2000 -1143 1306
8 -765 -827 1815
15 -422 -230 1489
12 -994 494 1807
2 1326 1121 1894
16 345 -1556 1932
14 -185 1138 1170
18 1 1626 1162
20 -1300 -1963 1682
19 -743 -1327 1893
9 -493 -1144 1839
19 -648 957 1687
14 -49 -1534 1136
11 496 1928 1682
9 1791 765 1745
9 743 1465 1790
5 -161 655 1083
14 -211 418 1151
16 -1895 -72 1768
2 -97 1066 1909
3 1439 835 1072
7 501 -577 1319
11 1696 -928 1273
1 267 290 1184
6 -171 1881 1042
5 1384 -780 1429
7 -1407 862 1884
13 -1316 -892 1787
4 -1093 1766 1980
18 838 -920 1898
10 470 -777 1056
20 -67 -359 1074
11 -1521 -861 1854
17 292 462 1536
10 -810 -1122 1560
5 -926 -724 1590
5 1346 -233 1959
18 -1659 -1593 1566
18 1093 -1078 1584
20 -1234 -386 1343
20 440 1608 1072
13 531 -40 1582
10 -462 1815 1926
9 -1604 -311 1060
7 73 -372 1905
10 509 -1652 1305
13 -1168 -1419 1578
4 1259 1717 1786
2 -63 1157 1436
17 -454 1357 1652
5 -866 158 1819
1 319 1250 1485
13 -1678 1202 1720
14 308 -1785 1625
13 -1590 -943 1761
1 -1854 -249 1063
16 1533 -1533 1475
18 -824 -661 1874
9 -1772 467 1021
2 -547 -1663 1932
3 926 -1490 1823
11 1082 678 1222
17 -780 1175 1551
1 -779 -1673 1621
18 -1849 -709 1085
2 1968 -1182 1455
1 1118 -1054 1180
15 355 157 1190
13 -1740 -1704 1133
16 1721 -773 1732
6 -1791 -365 1992
18 -1514 -697 1464
16 1085 -1404 1239
7 159 -708 1492
6 -325 -250 1143
12 -266 905 1201
8 702 1928 1077
5 -324 -414 1972
14 417 -1592 1902
19 -298 -1160 1967
3 1882 476 1110
20 -1995 -737 1772
15 -850 -1368 1865
17 -550 -1881 1688
14 408 706 1862
2 -874 1648 1482
11 847 1953 1143
17 -185 242 1306
2 313 -31 1343
18 1657 1011 1331
20 -653 1083 1578
14 -1135 454 1122
5 1796 -658 1889
12 -14 -92 1842
8 1052 857 1787
10 1495 -1757 1445
17 -530 83 1299
3 935 789 1757
9 -1095 1312 1472
12 -115 -1632 1319
1 -413 -551 1764
1 475 -189 1776
18 -1172 71 1979
20 1688 579 1567
16 -504 -211 1524
17 1549 699 1213
2 -462 -24 1441
10 1656 352 1695
20 -1118 1046 1639
3 877 -858 1647
3 576 1433 1561
6 -1281 843 1161
8 -1648 -1499 1100
20 -1996 -1180 1086
8 -237 -339 1072
8 826 -1677 1063
20 -1862 -1482 1081
14 -1830 -711 1782
9 1431 -1425 1536
9 -1833 -633 1811
16 1507 -57 1004
10 -1247 -235 1736
6 1813 1993 1722
19 -1286 1630 1330
12 1067 -1984 1616
16 1443 83 1594
15 -377 -1041 1618
19 1999 1447 1102
12 -966 -1384 1651
9 -1150 1346 1656
20 -792 -944 1154
18 -838 598 1563
20 1572 -196 1071
7 1835 -450 1400
17 -1854 1131 1160
14 1048 -138 1846
12 980 -1579 1956
8 -511 -1989 1055
3 -1458 -723 1615
1 -1892 -1714 1596
9 -493 801 1251
6 1879 1647 1960
4 1498 1615 1454
13 -194 -1010 1275
5 1816 383 1432
11 177 -974 1740
9 1566 1367 1975
12 617 849 1693
6 685 1936 1646
9 -329 898 1218
15 -1527 860 1957
1 220 -1947 1839
2 -1735 -1535 1316
6 -179 1436 1155
16 1286 -1530 1131
19 1017 971 1714
15 493 7 1247
5 1843 1640 1054
10 -537 1833 1246
8 -1000 -1029 1376
7 -1804 674 1617
6 -1441 -1215 1058
8 -523 1006 1625
3 -166 -1088 1928
12 -1422 1997 1247
1 732 1020 1322
1 -1071 -643 1268
16 -1102 -1937 1786
1 152 688 1263
2 -974 -1130 1262
3 -1032 317 1290
15 -1614 1220 1544
1 1499 869 1831
13 1287 10 1431
17 -855 -963 1872
16 -1656 -1147 1143
18 -151 -975 1012
14 97 -474 1132
3 -1135 -25 1862
11 390 -999 1959
15 -91 -911 1303
17 1742 1135 1410
13 -1644 -1621 1545
13 922 -1702 1263
12 1941 -1710 1900
10 1105 -1018 1687
15 1471 1974 1181
4 1857 1522 1002
1 -244 1280 1764
18 368 1907 1848
17 -275 710 1642
9 -1384 1760 1302
18 -1330 -1770 1668
15 1281 1656 1393
7 -1727 911 1709
9 477 -709 1514
15 914 284 1077
15 941 1806 1733
1 664 -515 1951
10 1617 -1864 1257
17 -1891 -802 1335
12 1263 -781 1161
7 -1075 1761 1831
14 -1670 -116 1366
10 1097 425 1662
16 1670 -539 1476
14 451 -1439 1709
3 -1973 1016 1038
15 -895 -85 1808
5 1610 -889 1030
12 -1266 1528 1649
11 281 -1575 1094
13 867 1845 1549
9 1375 1425 1929
6 36 1713 1688
9 -1262 -1589 1026
14 3 -1415 1831
11 1949 -1829 1048
1 -1564 -243 1128
4 1897 756 1811
12 1031 94 1442
2 1816 -1008 1963
12 -1923 -979 1219
10 280 590 1190
1 707 1805 1067
12 -1431 1076 1874
10 -1149 266 1570
14 -1729 -1794 1014
7 -1498 -1699 1458
12 -487 -1675 1591
5 -960 -292 1226
12 410 -1907 1966
17 978 -1875 1390
6 -266 1164 1030
20 -687 1652 1921
16 -1049 1411 1683
11 -499 286 1297
14 173 1501 1434
3 -1913 -831 1356
6 1825 1718 1331
20 -868 1725 1898
4 1319 -250 1408
13 1564 -1511 1871
10 -785 -1387 1394
6 -738 -1417 1597
13 -842 804 1642
16 286 1015 1724
13 -1398 346 1692
12 -11 -705 1588
3 1274 -1212 1222
11 -1460 129 1253
13 -1250 -557 1471
6 -1091 -1691 1507
15 -761 -867 1745
10 -1972 -353 1923
3 -1553 1114 1341
20 490 1811 1201
14 -1151 242 1045
18 -1749 -1869 1537
12 1832 1763 1079
19 1138 304 1402
6 1165 -1670 1981
5 -1250 -1626 1777
14 -361 -262 1249
17 -926 -689 1546
17 -1424 -1244 1977
20 936 -1245 1128
11 -1585 -705 1774
15 -63 -1087 1414
17 916 307 1283
3 -583 -486 1906
13 -334 1680 1661
18 -340 779 1550
12 -1655 1059 1003
15 229 -1358 1191
2 -1667 -1635 1770
20 1138 -796 1881
8 -1547 -1818 1236
2 18 -555 1692
20 605 982 1416
18 -689 1535 1114
11 -730 -1829 1341
2 -881 655 1781
1 -626 429 1976
17 809 -750 2000
4 1872 -1505 1224
9 -1648 1635 1886
20 -1286 854 1313
16 -1364 -360 1659
15 204 -828 1842
9 -721 1349 1881
17 303 -775 1686
2 1162 -437 1124
4 -475 -1667 1953
5 -1298 -635 1909
12 -1290 1435 1717
17 -260 1231 1253
11 -863 -183 1789
4 459 -76 1583
1 376 928 1256
20 342 -1737 1336
4 1448 1507 1299
20 -1072 -622 1499
20 -1813 1354 1155
15 -1971 -234 1873
19 -211 -1100 1496
20 -1328 -880 1292
5 845 186 1048
14 -63 -1519 1343
12 112 1334 1443
12 -421 -331 1465
20 -1371 -1021 1205
1 -494 1050 1512
7 1172 -713 1786
8 -1383 1667 1425
6 1850 1026 1874
4 -403 -1292 1311
9 1704 -878 1294
20 93 -486 1274
9 -798 -1296 1180
15 -1023 1338 1619
16 -948 1844 1381
16 1810 971 1697
14 1126 1459 1390
14 -787 1729 1590
1 -462 -1542 1095
8 -593 1140 1449
18 1113 -1911 1308
17 53 -651 1500
1 -489 907 1615
17 -155 -1801 1646
7 -1322 -1401 1635
16 73 867 1904
15 -1355 -1201 1120
17 -1410 -85 1814
11 -1489 1953 1991
16 867 1455 1204
2 -1097 679 1336
9 -1574 -1879 1714
5 -1322 782 1054
15 1943 1847 1470
16 1894 -598 1842
6 772 988 1115
12 571 -1181 1543
15 743 1648 1969
12 1205 1266 1334
18 1387 1259 1470
18 1953 -1800 1761
14 -1680 1826 1868
5 768 1736 1182
7 1697 -18 1194
14 -299 -30 1378
2 -474 -1266 1815
17 1361 743 1703
16 -1228 -320 1907
4 -123 352 1482
9 1338 643 1851
3 -547 276 1726
16 1408 516 1888
8 234 23 1332
13 -1922 -1951 1355
15 1144 1458 1391
1 633 -1686 1652
2 372 1433 1900
13 1523 -1462 1078
5 -430 -523 1354
18 926 -1299 1585
10 -1384 -1758 1901
1 -1446 122 1827
13 530 1621 1932
19 841 -1480 1880
12 477 489 1298
1 1587 646 1680
16 1591 -928 1889
4 1223 1578 1788
8 -1310 1692 1249
1 1747 -835 1043
8 1767 433 1790
5 -1257 -179 1969
15 372 65 1033
17 1228 1178 1318
18 1637 -1525 1586
2 -585 1898 1397
15 495 1143 1230
13 1588 782 1523
10 1364 393 1631
7 -1622 -657 1955
5 -436 1386 1805
1 -660 1061 1578
17 -1352 684 1897
4 -1069 534 1704
6 -237 -1582 1402
9 -643 -1577 1666
5 -591 1170 1790
13 -1596 -1089 1638
16 1235 477 1386
6 1143 19 1321
16 -996 -27 1824
11 -854 -135 1837
13 1788 -747 1216
6 1015 -376 1635
5 99 880 1550
8 -605 -1567 1693
20 -154 454 1759
14 -1111 914 1417
11 -200 403 1779
14 -1017 -1962 1477
4 -1811 1106 1879
19 -62 105 1562
16 1937 -867 1434
11 -1946 -1600 1864
19 -827 130 1654
3 -539 -1274 1876
7 569 1828 1661
1 521 -355 1114
20 289 -1763 1088
16 968 -738 1492
8 -1550 241 1410
6 1861 -1044 1527
11 20 -218 1417
17 1684 2 1528
3 279 198 1048
16 -1517 -52 1144
16 142 1095 1818
9 -789 -1202 1355
12 -1216 -591 1916
14 1287 -1042 1533
19 -722 1474 1070
6 -1118 -1736 1748
7 377 1639 1558
4 559 -870 1517
4 918 1387 1561
15 102 1433 1446
8 -845 363 1833
13 -1727 -99 1616
19 -855 -1083 1614
12 842 -1433 1164
19 -432 -1149 1862
7 250 1367 1742
8 -548 -1755 1340
1 -626 -1004 1557
12 -1142 555 1468
1 901 -1013 1669
16 264 -443 1869
6 -134 1187 1559
4 -1248 -936 1159
16 583 -1767 1666
13 1959 -438 1777
7 -1416 1567 1689
5 -1583 -901 1204
10 -1596 -92 1325
4 935 1857 1849
8 -1767 253 1699
8 1769 -619 1119
20 -716 1306 1507
10 -1992 1765 1484
1 1587 -1793 1508
18 595 593 1309
18 -445 -1377 1176
13 -147 92 1138
11 -709 -1593 1226
1 -736 1388 1934
4 983 954 1774
3 -1367 -1833 1508
12 -546 -830 1701
3 -377 767 1009
15 1435 1281 1917
15 341 4 1150
10 1561 569 1460
15 -67 -432 1059
13 1071 1498 1229
8 986 436 1757
19 1946 289 1464
12 1171 722 1972
4 -1155 187 1517
20 -40 -1701 1248
1 -1251 1524 1758
4 1921 -1452 1174
10 -1168 -1450 1520
14 -1274 -1626 1509
18 391 -1220 1040
18 647 1315 1493
17 1548 -1065 1008
2 -148 -409 1834
20 -1882 873 1313
2 -358 -1980 1561
16 409 1330 1692
20 -1641 -903 1383
6 -583 -1969 1295
16 26 698 1745
14 1854 -99 1161
4 -1094 1226 1563
3 -1978 -1061 1255
12 -1573 129 1791
17 -637 -3 1132
6 -1731 1813 1440
9 -1426 468 1542
2 -1746 -250 1925
16 -1209 -145 1791
18 899 573 1686
7 -46 -1954 1871
2 1631 -1576 1980
11 246 -567 1653
16 -624 1178 1364
13 -1574 136 1953
13 1083 614 1407
2 1556 -1056 1342
1 -83 1313 1772
11 1198 -1875 1119
5 -654 784 1657
13 374 1296 1096
19 -370 942 1638
1 -368 -1755 1043
7 -747 -17 1026
8 -261 -1980 1575
19 -354 1174 1051
7 -1309 -1323 1826
20 -810 -1834 1269
8 863 -1998 1140
2 -184 -133 1039
10 -670 -1858 1036
2 -1813 1146 1923
7 722 1593 1313
18 -1388 -1369 1500
20 -1423 -795 1724
15 386 800 1450
6 -1553 368 1334
9 1764 1984 1598
2 -1426 -1107 1192
5 216 -1135 1274
14 1533 -1031 1795
6 -1282 1508 1818
1 518 -750 1633
2 -1503 946 1652
5 -1607 149 1063
20 934 -924 1974
19 -785 -573 1551
5 120 -1956 1278
16 1392 141 1872
5 171 -223 1476
14 720 -1435 1657
2 -1728 910 1486
8 -244 -993 1068
16 485 693 1895
16 1952 -336 1943
17 -1321 1315 1077
8 962 37 1808
13 -30 -620 1295
19 -1929 1331 1643
10 412 730 1953
11 -351 -1905 1174
4 -1853 208 1736
6 588 1938 1148
9 -176 -1016 1270
19 -898 -1103 1645
5 1520 -751 1384
9 -1118 -90 1777
18 -1484 1544 1165
3 1925 -18 1641
4 -958 -215 1980
11 1071 -156 1340
13 434 1709 1003
3 624 -1322 1478
13 -1482 -1355 1528
18 1402 -1234 1265
14 209 849 1687
19 -1868 -594 1859
8 1373 1411 1017
17 739 1014 1158
9 -1053 -1796 1677
15 1289 853 1716
2 1378 1842 1578
16 -468 1623 1558
6 -1838 -335 1557
7 1688 710 1465
1 1243 783 1017
7 -906 1286 1660
2 -467 1837 1034
11 1967 1063 1039
10 303 -412 1786
19 1174 795 1446
15 -1316 -1325 1775
19 657 135 1898
10 851 1779 1679
2 -173 1735 1421
7 360 641 1133
12 195 -611 1410
3 -300 -12 1757
13 -37 466 1811
20 1168 -648 1456
4 -496 386 1385
11 1489 1801 1831
5 1717 -1704 1907
20 -11 -1741 1395
4 -840 819 1528
5 195 278 1959
20 -1055 -1082 1851
6 1895 1465 1104
5 1040 510 1983
16 -121 565 1388
11 -244 877 1932
1 -1843 -13 1379
17 -1556 915 1027
6 -1389 -1165 1087
15 667 -742 1849
19 1231 743 1798
6 751 -1085 1067
14 -121 -472 1120
19 1391 -486 1739
7 -1464 260 1760
2 -573 -542 1345
4 588 91 1839
10 -220 -1236 1357
5 -1452 -1241 1783
19 176 1929 1149
16 -1573 -81 1134
2 850 -19 1745
9 -1823 -1301 1195
12 1637 1651 1074
18 -1578 -1415 1261
14 556 862 1752
15 1802 604 1512
17 732 -104 1422
10 -235 521 1427
2 310 1771 1982
19 -1836 1725 1584
18 -663 1009 1998
16 -1028 429 1625
6 -819 -388 1368
17 778 -1969 1773
3 1950 909 1253
16 722 170 1596
6 804 485 1251
14 405 552 1511
4 -440 430 1148
6 -1575 -77 1215
6 1369 -212 1132
8 1918 -1136 1659
17 1368 -1309 1863
15 720 1328 1444
2 1309 -1317 1634
8 -782 1903 1574
18 -1283 -28 1426
5 -837 1238 1353
18 900 -228 1374
11 -716 -1682 1777
11 1669 763 1836
10 753 -1145 1362
14 442 1510 1693
11 836 1379 1600
4 -931 -1936 1709
16 -350 -1963 1439
6 1785 -1952 1269
14 -256 -831 1647
18 1850 1886 1044
9 1595 -583 1002
11 122 -1312 1031
6 -1107 771 1095
19 -1271 573 1450
15 -1325 -171 1722
3 187 486 1075
13 928 -1743 1326
12 1937 1199 1372
12 -1784 -1967 1357
8 118 -732 1893
18 -510 432 1008
14 1880 -1064 1136
15 676 -694 1822
12 -379 -1862 1801
1 -1514 -968 1648
3 -1491 -1977 1464
20 301 632 1489
17 1504 1354 1837
9 -277 906 1830
9 -1010 1634 1845
19 225 655 1186
5 200 -380 1075
4 1697 1242 1690
7 -1016 -1724 1330
20 704 64 1946
18 -338 538 1232
13 -38 1551 1308
17 -1354 -1043 1342
7 -24 1808 1526
3 229 1510 1286
20 859 -1977 1480
2 1543 -857 1477
4 1660 -849 1855
20 -1615 -1305 1464
18 -1129 1031 1785
8 155 153 1714
3 -861 -124 1682
9 -1235 -1586 1432
13 187 -456 1988
14 364 14 1579
20 1861 -756 1246
6 919 640 1476
10 29 42 1659
16 1372 -1904 1539
19 1132 1227 1471
19 724 -1737 1096
5 -758 562 1009
2 -1621 483 1221
17 -1785 -164 1896
20 630 -1262 1975
15 -858 840 1045
16 1246 323 1599
4 -1601 564 1919
1 -1250 837 1412
18 1255 888 1041
7 196 1368 1803
2 1783 1945 1606
6 -1664 -1626 1566
4 675 1147 1244
17 1954 -302 1106
5 -709 365 1147
20 1070 -1271 1013
11 -1342 -771 1897
7 1193 -915 1359
15 -1761 1905 1869
5 1229 -415 1678
5 172 -722 1358
10 453 -435 1695
14 -1703 1310 1614
14 -1620 -1289 1536
12 -81 942 1276
8 699 1779 1393
16 -1435 460 1676
16 -20 1972 1623
18 1416 -1544 1512
7 -558 476 1223
12 120 -996 1876
5 226 1302 1198
2 674 295 1807
1 -338 421 1483
14 841 -221 1676
19 1347 588 1699
8 1402 -1112 1675
8 1649 -1729 1597
18 -407 1959 1305
9 1239 150 1429
20 1164 1521 1006
2 829 1687 1437
8 -755 1575 1361
2 -73 -778 1515
2 560 -810 1006
9 1409 -1288 1239
4 479 -781 1297
16 -85 729 1772
18 -1266 140 1452
8 -160 -1849 1882
10 889 -596 1967
18 826 804 1484
20 -1264 -1237 1649
11 -185 762 1497
2 -1196 1646 1109
4 1896 -823 1401
20 -1416 -879 1045
14 -20 -434 1042
4 1635 -128 1052
18 -1826 -448 1827
10 1475 -804 1526
1 1533 1939 1793
20 1877 149 1442
16 -514 -327 1107
3 598 -73 1086
8 -1228 1458 1184
15 -1317 -331 1837
14 -648 668 1942
9 477 -1950 1568
15 -1824 -1829 1199
19 1617 -1252 1859
4 618 -1408 1527
10 405 1985 1617
18 -1014 492 1549
14 1899 -1940 1393
18 -1059 513 1147
16 1626 -992 1038
14 1292 929 1920
10 650 1139 1576
17 576 -545 1014
9 109 1596 1826
17 1829 1907 1897
9 -768 -175 1400
19 -8 -979 1583
11 947 -418 1842
20 -1014 -1596 1537
5 1817 -1972 1325
2 1366 -801 1221
20 666 801 1542
16 1924 -1693 1229
4 -1112 -83 1234
20 -1790 -408 1949
3 -189 199 1543
11 1211 828 1844
17 657 1454 1386
15 1005 -1096 1410
19 -1165 856 1102
15 1323 1121 1880
4 -1539 -1662 1775
9 1993 -1894 1916
18 -823 -1919 1899
6 1870 -756 1600
13 -941 -1095 1860
4 -758 -436 1324
19 -445 1813 1925
10 -1237 -202 1363
4 -699 81 1177
3 1525 -1432 1905
14 -1659 588 1868
10 -1893 -275 1822
9 1289 1721 1452
17 -923 -1005 1081
15 -1796 786 1002
10 -1768 -1165 1569
16 631 -1720 1387
8 -421 878 1734
14 1242 769 1475
6 713 -563 1272
1 1843 775 1777
3 643 1536 1461
8 -1331 491 1495
10 -258 -1135 1842
4 902 211 1937
10 1146 -1426 1717
3 -189 -119 1414
6 -992 -1434 1502
5 -377 -276 1825
17 1165 -550 1124
20 -252 1331 1712
14 1223 -172 1245
9 521 279 1795
12 968 788 1101
16 -240 704 1857
18 1936 -972 1650
6 -1664 1495 1732
3 -196 -369 1696
13 -1827 1373 1434
14 1332 1767 1848
6 -612 -906 1331
11 1341 92 1312
9 -1721 -417 1821
14 257 -944 1464
11 -419 -794 1885
6 -1819 -1739 1728
2 843 1646 1241
3 -1144 -1524 1717
11 1227 -1239 1424
9 625 844 1413
6 -1649 -715 1932
3 144 1689 1027
20 -1460 -177 1535
1 1524 -784 1033
7 268 -893 1014
19 1722 -890 1967
12 50 -106 1620
20 15 261 1850
15 72 -1391 1627
4 -1284 -1726 1946
14 465 803 1346
8 -1832 -1843 1460
13 -1080 1524 1104
17 795 1652 1190
10 1422 1170 1519
19 -1082 536 1247
17 -79 -1866 1813
5 -1929 984 1539
4 -1673 751 1831
15 -533 -1516 1725
3 1741 935 1702
18 -1641 598 1754
19 -1509 1954 1642
3 -1929 -1046 1462
11 -1027 -1874 1835
7 -310 756 1808
2 -698 -1082 1565
3 1297 -1875 1918
17 -117 -1723 1066
19 590 1638 1629
14 -1778 -1980 1842
10 -1153 -315 1682
13 1564 -336 1231
16 7 -1408 1606
4 494 1574 1026
6 -653 -1466 1729
15 -1092 1756 1581
9 1324 805 1055
20 -1964 -1814 1068
14 61 -955 1315
7 -1990 911 1423
14 -118 -1421 1116
18 -830 614 1429
2 1926 587 1596
10 -1456 -1225 1550
11 556 406 1590
11 -1077 -859 1009
18 588 1220 1387
14 -308 529 1822
9 142 390 1764
17 -1946 1999 1486
3 445 1897 1207
4 1760 489 1259
18 -98 817 1479
5 1027 73 1558
15 813 1623 1731
17 485 -592 1514
7 499 -590 1205
8 1782 73 1688
15 -396 1890 1044
4 -447 1425 1546
16 -1227 -1741 1328
5 -1327 -1285 1068
19 -1818 172 1583
16 -215 -949 1732
14 1576 -855 1845
19 -1816 -1412 1478
12 1293 1841 1530
11 -1910 1338 1694
15 1862 184 1856
8 -638 1153 1425
20 -1495 -1834 1844
4 716 -558 1960
5 1387 -947 1637
3 1105 1620 1969
13 -1305 50 1886
14 -1788 1135 1200
2 -1534 -1932 1707
16 -1646 583 1939
6 -1236 1854 1834
11 14 -68 1583
4 1969 -1553 1487
6 8 983 1584
2 1609 1486 1939
18 -462 -30 1224
2 1092 809 1427
7 -442 -93 1708
11 -350 -1867 1818
15 883 1496 1807
3 -133 1305 1193
10 1798 -1244 1550
12 601 -789 1478
14 1188 242 1778
1 153 90 1308
20 1625 -1511 1040
5 1211 -235 1957
19 -673 -480 1396
11 1265 -803 1436
19 -1303 560 1141
2 -1780 1426 1693
15 -154 1906 1562
9 -736 -449 1195
8 -215 -31 1300
18 -405 1966 1110
16 314 -1658 1885
11 -781 -1618 1027
11 -849 -708 1582
12 -1551 1427 1768
11 1347 -1502 1500
17 -1954 1494 1406
17 -1039 472 1475
17 1839 429 1171
12 522 -719 1723
15 -501 -221 1113
16 -1608 -1671 1363
14 1410 346 1199
20 -481 -213 1783
9 -873 537 1523
1 -227 150 1856
11 -1636 -1245 1211
13 362 -884 1732
8 581 54 1779
9 -1502 -445 1695
8 -468 1463 1981
1 -1444 -1221 1616
6 -1399 1395 1104
3 -425 -540 1944
6 -1234 1934 1789
19 -804 144 1047
12 370 1486 1351
6 -380 -617 1766
7 -1024 1748 1924
2 -1454 381 1173
19 -1480 -1029 1021
16 361 1728 1161
9 -1047 1415 1697
4 1060 732 1365
9 -1796 -1189 1189
20 -178 1390 1791
18 -817 915 1242
8 1014 -206 1012
16 -573 -441 1520
6 -1984 -92 1413
4 -715 -55 1618
10 1003 1666 1296
3 -747 -672 1690
17 -1520 1150 1401
13 -1011 -977 1608
2 1131 998 1930
1 -1546 392 1209
7 -136 -1143 1438
7 -1525 -1681 1215
4 731 1948 1891
4 976 -176 1480
7 -85 -791 1282
1 -401 -594 1478
12 -1885 -458 1975
15 -1996 -999 1780
9 -445 869 1003
15 1832 1544 1594
14 628 1644 1003
18 -788 1103 1643
18 -1064 159 1767
13 1628 1844 1025
2 1122 805 1225
1 88 1258 1805
8 -1203 530 1444
19 -456 -1170 1663
16 -31 -996 1576
4 671 -165 1603
20 -1356 -1464 1408
13 -677 576 1024
17 -822 1372 1374
3 -411 1698 1276
18 1680 258 1592
11 -533 1980 1932
11 -1130 1420 1784
18 764 -1293 1594
7 193 727 1467
9 361 861 1261
19 608 1069 1951
1 1559 524 1071
13 250 1574 1053
19 664 687 1569
10 -175 1757 1701
12 -355 -245 1972
14 -1940 673 1080
2 -1323 1910 1985
14 -535 915 1280
16 -1950 -461 1091
4 979 -1208 1267
20 -646 152 1148
13 -667 666 1288
11 -256 274 1166
17 1022 -813 1958
10 1434 203 1542
2 -1473 1297 1360
7 -256 -1663 1249
20 1100 -1607 1199
17 -1075 1706 1089
20 -352 -505 1847
6 240 152 1627
5 -1047 -849 1569
15 -1290 679 1381
13 -1543 -4 1720
6 165 -349 1481
11 1462 -886 1055
14 -137 -1418 1656
8 1512 -836 1803
1 1030 -1798 1774
20 1131 -174 1428
9 1227 -1387 1237
17 1645 8 1098
17 -367 -668 1453
7 1501 208 1463
11 416 1958 1441
8 -414 78 1664
1 -1706 501 1573
16 -1894 555 1606
6 -687 -1300 1802
13 -999 136 1987
17 482 -513 1082
3 -355 1360 1099
1 817 607 1139
16 1544 614 1929
12 766 -1636 1486
17 501 506 1268
4 380 1583 1768
17 -580 1488 1995
4 1370 105 1415
20 -1364 -1949 1800
19 608 800 1644
5 -1291 -6 1375
20 78 107 1404
5 1100 -1167 1325
14 -1205 1818 1037
18 1614 -1284 1249
16 306 -423 1320
8 -106 -1668 1385
17 845 -759 1959
13 -238 277 1428
17 -1616 1168 1719
18 1144 1419 1984
16 -1234 -1231 1091
3 23 53 1527
13 -1701 756 1988
13 986 -93 1098
7 1849 -1138 1175
2 164 1399 1223
1 -1864 195 1950
3 -1327 682 1101
15 -561 -603 1985
4 -1129 544 1950
1 -406 -1053 1841
6 1882 -1004 1189
10 -71 -983 1892
7 390 426 1812
2 532 -660 1811
12 1682 -573 1056
13 536 -822 1785
9 1873 1342 1259
18 1025 -296 1127
4 -961 -304 1997
5 1261 155 1863
9 970 988 1145
19 897 -1940 1012
2 -188 -348 1396
1 -879 -421 1796
19 734 1785 1130
11 -1530 544 1590
17 794 1147 1538
8 -180 1094 1062
11 -494 -1048 1139
12 -1838 -1620 1130
15 -1598 1105 1905
8 -830 830 1614
1 -417 124 1234
17 -140 -972 1687
11 -996 888 1766
16 -1183 1053 1803
17 1459 1364 1651
13 1790 300 1320
5 -743 1136 1816
3 -1227 1831 1353
7 1731 -743 1583
18 1519 -1276 1774
17 -173 1115 1407
11 -1855 -432 1174
15 1738 -69 1154
7 1073 627 1614
16 1620 -1033 1316
11 -624 -181 1737
9 -1593 -1989 1217
20 -1236 -710 1726
8 1127 1341 1731
15 -567 1195 1688
5 103 1979 1008
5 1909 -1899 1882
18 588 400 1447
7 1874 129 1878
11 807 1233 1499
10 -1447 -1142 1061
10 -1287 873 1711
7 778 -1677 1684
4 637 -1501 1573
3 -1001 -389 1016
13 1439 1940 1939
19 -144 639 1440
10 17 -771 1235
20 684 -978 1687
13 -621 -809 1611
8 -1525 -755 1159
7 861 1067 1054
2 410 -597 1910
12 -1412 1435 1847
20 -1016 -24 1974
17 706 -1334 1521
15 -1989 -1785 1562
20 -923 -296 1582
20 -322 1955 1319
10 -963 393 1803
16 549 -388 1597
3 552 1772 1929
17 314 597 1046
1 -679 121 1480
6 -65 -1664 1234
16 -1094 956 1842
5 1020 -1740 1266
9 -292 97 1586
19 -1836 -1674 1915
15 1907 -234 1197
6 -160 -1698 1990
12 146 -698 1094
17 78 -222 1639
3 -1762 1592 1628
6 -1362 1084 1216
17 1712 -1347 1551
11 -1469 627 1327
14 -1823 1000 1266
11 -1497 1950 1932
16 712 1384 1792
20 -719 1657 1048
11 34 -260 1027
4 1792 -790 1881
9 942 -235 1745
18 307 -580 1161
18 1665 1244 1045
9 1279 -303 1939
8 -113 125 1996
12 -1158 769 1587
3 -564 -403 1227
5 -153 955 1032
9 605 -387 1471
6 -530 138 1606
18 -1999 367 1190
14 -1439 -169 1934
8 295 -1977 1846
12 -982 610 1361
20 1178 1228 1578
15 -320 -1208 1614
14 1554 -1578 1516
6 -1180 -1075 1755
11 -1915 -659 1143
8 -1845 1406 1134
1 929 542 1490
20 86 687 1553
20 480 -671 1757
13 -505 967 1922
18 1514 1402 1054
18 1874 -1956 1067
12 -63 -398 1930
11 -304 384 1561
10 1508 -1316 1027
20 946 -10 1195
17 -1978 -1073 1215
20 427 1216 1426
3 338 665 1079
14 -1741 -251 1967
13 -282 -1909 1507
17 -222 1967 1834
11 -590 405 1593
1 552 1039 1876
6 1411 995 1042
18 582 -618 1967
8 243 -717 1321
19 1801 -1243 1464
2 -1508 411 1279
12 -1514 -1922 1892
16 -152 1083 1191
2 67 -1832 1925
16 328 1981 1976
9 1494 472 1906
14 -1446 -874 1693
8 -1703 1377 1330
11 1898 -1964 1371
15 -1940 -1082 1507
6 -1411 -1248 1211
19 -405 670 1046
1 1968 1983 1446
5 -1762 71 1130
11 1087 1160 1007
13 746 -485 1938
9 749 -1489 1162
10 -753 -410 1546
3 629 1419 1454
8 1550 628 1221
11 972 -1618 1283
8 -499 1803 1551
1 -1138 -1761 1014
19 -1514 227 1339
19 710 -488 1919
6 -252 685 1382
17 132 662 1562
18 589 -512 1403
1 824 1973 1688
8 103 -1826 1985
20 86 955 1034
