125 3628
115 78
15 48
102 37
88 114
6 65
40 81
71 73
90 35
5 65
42 99
56 29
113 13
17 122
75 30
88 60
1 21
77 82
115 100
4 121
46 120
119 84
19 79
55 33
67 13
1 104
94 8
113 65
91 37
42 122
36 38
71 3
109 92
115 72
43 106
31 92
94 105
13 72
66 16
1 100
84 111
71 43
107 1
102 76
25 114
115 8
65 116
69 35
4 17
2 21
73 38
6 67
7 26
19 116
124 37
112 103
24 83
27 29
19 75
119 82
123 120
35 86
32 25
91 99
96 66
3 107
2 50
26 125
47 92
94 43
71 109
50 35
118 39
26 46
4 57
71 118
72 101
17 18
4 27
64 21
23 106
4 118
69 43
83 26
82 74
39 13
18 3
4 77
34 32
50 28
92 2
121 122
14 96
105 38
8 104
46 35
42 100
110 115
65 121
66 117
94 26
56 11
72 60
17 40
45 99
40 20
6 21
91 35
51 110
45 35
47 112
15 46
114 115
21 101
75 120
78 100
74 67
19 25
75 98
10 22
17 78
70 94
53 120
65 112
119 99
53 76
11 87
120 76
22 29
29 94
86 117
27 102
76 123
95 7
51 58
24 87
39 24
86 43
25 88
6 43
55 19
98 116
114 13
125 56
125 10
33 97
55 44
51 120
106 4
115 65
64 95
48 67
79 40
43 77
33 15
40 48
73 86
70 122
49 125
71 69
38 124
64 22
109 13
11 111
27 71
108 33
104 3
71 124
35 78
10 27
16 53
52 99
98 20
63 33
12 49
29 81
98 70
45 117
67 8
49 79
125 26
25 11
77 98
12 15
4 84
111 56
31 118
116 11
102 3
111 50
62 66
48 59
60 50
98 13
17 83
73 79
82 80
108 55
73 33
81 64
55 118
83 92
18 77
20 88
102 27
117 36
67 89
111 98
113 108
26 58
74 21
96 69
107 123
95 26
61 122
59 30
45 1
118 23
75 48
29 14
50 39
61 100
74 64
124 108
90 75
117 8
123 72
78 110
84 26
56 82
117 40
123 52
82 119
68 6
6 46
120 18
125 91
117 64
100 14
25 115
47 13
32 70
92 7
8 24
110 39
70 64
21 15
106 58
23 35
78 68
59 22
25 121
40 67
75 63
54 24
45 100
107 74
104 21
41 61
17 109
71 100
93 80
67 91
47 88
120 19
2 16
17 98
109 33
50 86
34 23
123 23
4 87
53 35
42 20
5 35
74 63
82 30
85 115
13 18
64 4
70 67
114 50
115 10
110 54
102 7
97 91
38 42
124 79
114 7
9 94
71 70
1 112
15 6
8 69
112 26
51 90
19 10
89 78
12 68
88 118
95 70
43 46
31 11
26 32
1 114
106 74
124 81
81 27
26 62
124 35
120 79
74 18
88 33
39 123
27 114
101 29
60 117
33 4
47 2
72 100
24 21
41 119
97 98
62 95
49 51
64 122
106 38
51 20
41 113
74 69
123 93
104 19
42 1
58 107
45 124
67 17
110 13
3 109
76 8
121 77
24 121
57 55
62 58
118 101
69 12
65 99
45 24
53 124
61 94
73 7
71 33
97 111
90 34
107 22
89 68
39 101
100 57
99 61
33 96
10 25
93 54
59 88
51 6
26 87
104 120
48 61
116 96
48 54
67 90
26 83
9 112
35 107
75 35
1 32
107 40
47 120
109 106
123 105
85 46
100 122
72 87
104 68
50 23
40 94
70 21
91 103
53 119
13 84
124 89
38 13
55 93
36 12
62 125
119 65
67 27
106 30
35 92
115 26
78 32
88 26
65 110
87 57
25 6
123 97
42 90
6 80
29 22
98 90
6 36
68 26
94 70
108 2
63 13
66 50
15 8
29 65
87 45
52 87
50 65
76 5
106 67
62 47
121 45
5 82
33 81
21 41
44 70
58 94
22 86
22 70
99 113
27 58
58 30
115 23
53 123
41 100
72 69
5 32
100 5
102 106
49 20
16 39
21 45
37 77
77 101
74 58
62 111
108 36
78 20
48 14
88 71
47 16
35 38
55 74
71 76
65 90
54 46
20 47
19 37
38 59
20 60
121 101
21 22
106 94
38 122
5 118
113 33
29 46
91 71
67 33
88 18
83 62
29 114
107 76
111 2
79 84
108 78
6 96
18 86
33 32
23 46
30 35
87 44
104 60
125 58
26 113
99 83
30 98
52 38
101 79
61 54
97 99
21 56
72 37
95 73
103 35
75 83
2 98
76 59
29 43
54 6
73 99
55 68
59 42
3 17
57 107
56 125
75 26
61 44
82 110
23 80
88 94
104 89
123 66
92 123
62 108
30 92
74 24
118 41
67 94
25 22
46 3
70 56
111 106
83 116
60 99
50 96
15 24
4 31
7 46
122 29
26 14
30 106
82 77
4 98
105 84
27 74
3 114
48 122
113 102
37 105
76 13
89 3
111 64
20 109
19 52
91 117
118 108
39 76
25 76
73 112
47 77
58 49
114 81
112 80
98 107
45 113
76 77
27 55
78 122
42 75
47 49
39 23
1 75
66 81
64 32
5 14
48 52
116 47
115 114
63 65
105 30
31 103
41 80
32 55
10 62
96 118
45 33
14 69
10 4
95 78
112 66
20 25
61 27
107 97
72 83
58 38
54 73
88 44
92 72
100 46
89 93
50 109
65 76
114 97
95 108
94 35
98 88
100 12
100 74
93 22
78 18
73 104
115 12
108 95
86 111
68 75
24 9
92 11
92 73
98 46
61 11
27 12
114 21
78 15
117 41
59 58
110 109
71 104
31 44
3 69
40 32
95 116
121 58
72 40
59 78
49 13
118 28
89 60
39 69
68 67
4 74
114 1
7 85
111 117
59 9
45 60
18 99
65 87
54 114
64 96
63 46
121 85
108 25
117 63
3 118
58 83
9 86
108 73
36 14
13 51
21 95
108 61
71 40
92 14
92 124
60 46
11 63
7 70
114 94
112 60
82 114
89 75
21 44
107 84
10 30
80 90
40 92
89 13
39 8
51 103
12 24
44 48
110 51
110 21
105 43
96 97
114 36
87 115
88 89
107 44
61 17
27 33
38 104
62 82
29 60
61 40
92 114
68 113
77 97
110 42
59 97
10 5
108 83
102 77
78 62
110 121
12 104
112 65
35 16
68 45
72 76
107 121
43 76
9 56
36 37
125 81
65 5
73 114
31 82
88 84
93 20
109 71
102 81
45 31
86 96
13 46
115 125
54 8
120 34
108 32
16 75
29 52
73 39
106 21
27 30
72 70
28 64
54 118
104 9
120 125
37 70
78 6
123 101
31 71
53 71
95 92
90 41
92 117
112 46
34 42
40 64
73 45
76 61
73 47
25 45
47 78
75 24
11 55
110 1
1 92
93 89
4 113
79 3
107 52
58 29
76 109
60 38
114 65
121 48
12 37
26 112
49 53
83 115
102 40
93 37
91 98
13 1
49 24
50 80
93 26
106 72
123 74
122 60
13 79
63 86
42 91
23 9
57 125
112 92
73 107
105 59
62 94
57 50
11 40
123 71
113 89
76 89
16 59
71 39
84 87
58 31
88 61
77 102
2 105
2 69
109 30
116 111
91 80
60 23
27 1
85 31
57 40
97 2
61 125
40 73
84 9
12 17
11 31
104 85
34 83
111 110
43 16
65 40
60 18
70 33
68 38
107 93
77 111
66 94
123 81
33 62
107 124
47 82
35 120
44 64
45 43
102 86
96 44
82 38
74 91
118 29
31 78
9 31
66 83
35 71
89 20
94 18
114 11
52 10
72 85
52 63
93 40
63 1
47 116
74 119
115 59
122 4
21 63
114 74
50 45
61 19
100 51
44 18
33 98
42 40
52 83
88 68
73 115
116 109
44 99
65 6
79 1
99 4
63 95
107 27
88 107
18 50
22 42
117 20
32 15
75 80
109 38
27 49
114 98
17 91
31 99
6 116
42 8
21 58
119 117
70 29
49 106
75 3
103 63
73 48
81 70
47 18
79 71
111 86
55 113
30 18
115 51
32 18
98 10
83 96
79 63
106 13
64 85
45 27
94 116
104 70
104 69
117 121
107 81
49 52
40 5
75 9
114 19
78 54
55 91
84 67
121 6
78 24
73 61
33 18
51 122
66 52
63 31
83 97
80 20
117 42
122 8
110 74
114 60
15 82
89 33
38 64
58 104
107 119
32 90
11 29
6 92
122 71
39 107
103 64
57 65
105 28
13 47
49 48
10 124
115 110
14 26
13 63
89 76
85 100
83 64
115 106
5 27
106 26
33 54
20 84
38 82
31 41
68 115
76 38
124 112
74 30
114 120
74 86
63 80
45 44
31 28
25 65
30 119
96 104
77 38
26 16
114 12
70 71
52 92
79 30
12 11
19 38
46 22
28 17
14 68
1 94
113 114
74 73
101 42
65 77
109 112
18 98
77 20
84 121
120 31
105 81
43 62
61 73
44 15
52 117
11 35
57 13
48 106
10 120
51 39
115 95
119 12
4 101
93 102
54 25
79 66
75 46
30 76
91 118
78 115
38 35
54 70
48 82
97 33
54 112
89 85
57 71
53 18
94 22
38 91
77 81
30 10
75 32
30 112
77 52
52 70
102 41
100 59
115 107
104 96
32 114
72 28
105 100
61 87
70 68
11 43
32 33
16 36
111 49
16 93
95 113
102 92
69 48
63 112
19 86
84 63
42 106
112 53
69 62
13 43
104 23
27 53
13 87
82 111
3 94
30 78
56 7
95 86
62 28
62 25
62 70
8 116
16 55
33 88
23 7
8 73
12 109
17 57
38 96
61 115
97 37
79 26
57 87
58 5
79 89
53 118
66 121
18 121
111 67
115 113
30 34
40 97
88 96
57 20
121 3
97 54
52 114
122 103
77 64
108 116
112 19
75 89
86 10
104 102
43 120
25 68
59 43
10 111
95 102
73 92
104 36
53 96
21 31
101 91
53 31
48 69
3 5
81 108
46 82
35 11
37 5
84 17
83 102
77 55
116 6
31 90
45 119
113 60
35 102
68 37
86 51
60 74
100 78
88 5
73 81
11 62
18 122
12 29
95 65
121 106
65 39
4 81
41 18
14 16
51 94
66 18
57 41
122 43
85 33
5 10
66 2
24 47
83 43
106 29
68 15
5 9
23 60
91 33
66 76
102 11
3 95
122 88
106 75
111 58
114 39
23 112
63 52
10 59
23 121
55 120
83 125
75 85
69 34
1 80
48 45
88 20
47 40
93 77
27 67
61 97
110 116
20 35
17 105
11 119
103 38
107 9
83 38
91 64
27 24
99 2
86 23
107 122
95 125
57 97
103 12
43 109
104 109
125 76
92 120
61 69
94 68
109 12
86 94
112 75
106 35
56 20
96 40
43 29
121 57
115 88
21 100
42 17
62 52
26 105
20 54
47 34
93 120
110 65
20 34
5 64
66 44
44 88
4 36
84 123
29 71
47 76
98 48
65 38
100 86
76 16
67 6
64 35
45 51
11 117
84 96
92 98
13 61
7 56
92 18
10 97
50 15
109 40
110 73
56 100
103 51
105 47
119 114
58 74
90 112
12 84
42 48
63 51
22 78
48 108
53 59
9 84
108 52
6 50
8 2
77 120
16 118
124 119
56 8
38 26
76 81
42 55
68 10
30 108
37 14
65 120
88 74
70 12
48 5
119 110
99 48
13 41
106 52
120 37
2 81
79 17
123 41
96 32
111 77
48 57
48 89
38 6
42 121
54 65
76 19
103 87
119 59
81 2
39 106
59 19
62 8
92 5
69 39
118 72
26 29
30 64
78 56
41 97
60 66
52 6
86 100
102 68
86 2
111 8
72 16
111 16
51 93
117 122
19 53
94 92
64 5
120 103
102 50
77 18
10 109
57 86
22 3
65 86
14 99
80 33
26 30
110 89
100 96
50 104
73 74
24 44
33 93
10 51
30 55
56 43
104 86
63 62
34 102
54 62
54 90
122 41
122 37
58 109
26 101
31 111
8 119
119 7
16 95
21 37
81 31
83 100
82 11
31 61
20 125
122 44
120 124
63 67
85 36
23 52
35 52
102 44
79 19
30 39
41 49
110 60
13 111
3 23
68 104
81 73
27 68
71 91
56 78
47 103
90 42
46 84
15 22
75 79
123 122
19 120
8 74
44 16
107 34
85 57
84 115
114 58
21 42
105 51
18 106
62 110
36 2
102 14
120 40
11 98
118 113
112 56
111 63
34 67
44 98
104 75
123 29
16 12
48 53
3 25
61 108
24 74
110 105
35 59
41 1
7 109
84 94
37 42
12 58
29 25
11 101
72 44
80 5
51 17
98 89
6 89
35 67
1 63
89 103
96 23
115 44
36 57
27 109
11 4
66 53
73 41
115 2
77 114
119 54
1 122
55 79
83 50
3 102
63 106
54 33
4 76
58 62
95 6
42 46
61 18
50 71
103 15
40 14
84 125
100 113
28 120
52 107
44 5
7 45
98 33
97 117
88 80
10 96
2 60
22 123
69 72
14 73
65 78
31 89
5 4
113 36
106 57
48 24
115 94
43 86
7 107
15 70
63 50
53 28
42 76
61 46
51 48
13 116
13 45
87 34
91 113
44 35
34 60
37 57
35 91
56 119
78 5
100 106
124 73
80 35
95 29
63 96
56 54
122 55
85 4
51 86
36 34
97 48
87 17
17 63
18 59
111 28
35 87
34 25
14 77
3 106
40 34
115 28
56 116
36 110
27 107
40 71
26 106
89 14
80 95
48 75
22 67
104 22
20 90
58 53
115 76
15 36
28 90
9 25
121 25
27 94
93 9
5 66
42 41
82 63
75 28
50 53
83 106
100 85
18 40
51 125
88 27
93 81
8 90
17 67
19 100
107 7
109 17
94 88
72 56
97 68
34 12
46 54
99 35
46 72
110 18
3 124
117 91
80 18
65 101
112 105
119 96
28 117
7 121
28 37
97 113
35 3
1 10
53 38
73 85
34 80
67 108
72 103
92 100
42 104
45 79
4 56
26 34
94 104
90 36
36 115
65 67
6 91
39 58
40 87
30 17
65 58
38 70
95 19
89 2
63 68
68 29
125 15
83 59
93 113
60 36
22 83
15 114
122 7
8 101
83 31
85 34
8 118
112 70
109 113
55 76
77 5
23 113
37 58
102 48
17 84
42 11
19 26
47 39
91 94
78 48
15 76
80 108
4 94
64 73
85 93
62 1
5 120
7 100
60 42
13 121
74 95
40 86
103 26
44 54
3 101
119 42
92 16
62 32
66 3
87 56
90 79
82 96
85 90
44 103
34 16
72 32
121 72
91 5
77 19
31 123
59 23
10 66
65 124
23 31
8 109
61 53
9 26
24 67
33 36
47 5
23 39
108 50
90 61
11 7
110 118
68 107
44 8
55 17
34 27
9 45
6 52
44 65
123 63
74 113
58 78
32 3
125 33
70 46
9 10
100 36
26 66
17 48
89 65
123 13
70 85
95 23
5 20
85 80
111 75
111 108
59 25
87 114
4 123
33 83
49 70
3 4
118 2
33 112
101 68
16 83
7 86
5 44
84 103
105 22
20 36
68 91
59 106
45 29
96 6
39 118
51 70
7 58
102 111
60 43
101 43
74 62
82 45
9 52
44 11
51 46
45 63
23 48
43 5
74 29
88 59
124 11
19 8
80 24
97 58
93 68
1 60
66 91
114 109
3 70
2 96
62 65
104 77
110 48
78 35
102 107
37 52
71 47
63 42
49 90
94 73
40 45
36 18
93 41
116 31
125 78
54 74
115 33
29 2
15 20
22 41
4 14
46 4
104 37
10 84
43 60
80 79
80 121
71 108
103 19
31 95
77 57
119 4
121 56
99 104
56 34
56 124
87 48
115 91
103 65
46 26
41 110
44 71
37 81
16 120
24 34
83 82
40 98
111 83
30 109
72 108
44 118
87 82
4 89
92 75
100 110
41 32
60 108
67 40
32 65
12 4
70 118
41 24
119 40
34 9
94 27
57 33
115 32
110 25
100 29
41 87
120 96
83 109
110 59
24 52
23 84
20 57
42 113
36 73
88 77
67 84
38 56
27 8
106 90
83 94
63 115
62 48
120 74
86 119
10 42
46 101
39 124
21 34
62 36
43 1
1 67
31 60
65 123
36 99
84 36
97 107
110 49
17 10
49 104
77 34
124 109
36 103
46 90
45 101
125 61
2 7
85 94
106 16
108 35
3 27
16 62
99 109
62 40
8 83
39 28
74 105
63 27
108 28
10 37
61 21
53 74
31 101
80 78
75 18
70 40
82 13
99 31
114 28
105 9
13 35
108 76
77 96
22 88
90 89
68 21
23 114
20 87
58 67
14 94
118 20
62 92
3 110
90 58
125 68
124 80
95 13
16 85
92 95
3 46
34 114
69 85
39 4
79 82
119 48
70 91
53 87
78 64
119 112
36 51
106 77
21 87
10 74
28 57
113 57
39 99
84 40
57 79
121 20
9 87
25 47
78 30
14 119
61 85
86 79
57 28
18 113
17 94
124 19
66 101
107 70
28 114
64 106
12 66
123 58
59 83
8 76
23 32
16 25
123 118
101 53
51 52
58 4
88 54
55 60
51 43
19 83
53 95
59 21
27 95
3 59
57 84
17 53
30 56
97 101
16 99
87 108
122 12
53 30
56 49
110 50
67 26
9 106
87 110
5 59
10 86
107 91
12 88
76 97
98 54
7 80
124 125
80 104
56 87
52 88
125 82
23 107
100 45
75 62
111 32
82 32
49 97
98 1
82 57
33 85
110 67
83 104
85 105
62 39
51 101
10 78
49 26
32 5
123 3
53 47
30 99
40 123
19 21
12 5
90 99
50 117
97 93
24 92
28 43
14 71
7 60
115 71
55 77
101 92
25 119
37 84
60 80
119 51
35 56
67 10
34 92
41 71
108 8
108 79
99 88
110 29
2 93
28 62
51 83
40 59
121 92
39 109
120 75
13 31
107 62
19 71
92 104
41 19
38 105
90 105
21 122
37 94
90 98
121 51
123 103
103 31
38 55
9 29
49 114
2 65
68 56
86 84
35 22
52 123
121 28
42 28
5 99
61 67
77 115
46 97
19 65
62 4
92 79
32 13
23 41
121 11
89 42
118 109
9 68
122 21
35 108
101 50
93 78
18 95
43 105
16 67
124 21
41 104
90 1
27 57
5 37
89 99
35 68
44 97
67 97
61 123
34 7
39 1
19 108
31 18
114 52
41 81
98 25
46 37
66 93
99 8
70 9
106 93
116 67
87 113
81 101
75 45
35 110
28 115
86 93
60 3
25 28
120 77
2 125
73 52
22 8
89 91
116 56
47 44
91 120
42 101
45 49
45 28
86 15
64 70
103 92
35 85
41 9
122 19
92 3
72 7
22 112
70 111
92 125
78 72
56 83
119 23
83 24
24 8
85 35
7 98
27 69
4 32
113 80
86 101
47 15
121 24
101 120
72 2
66 19
120 121
100 7
37 62
44 2
7 41
54 57
19 17
3 9
116 103
33 20
53 26
70 53
62 118
25 112
8 25
10 34
115 17
46 91
119 74
93 27
51 30
55 63
17 119
80 101
67 30
21 85
111 26
34 89
95 20
71 116
43 9
70 3
41 51
89 79
46 52
118 103
39 47
41 62
85 41
1 56
23 82
60 28
76 125
89 61
95 31
94 37
82 46
79 86
125 112
79 99
66 100
45 7
63 30
108 37
52 67
85 40
47 99
91 47
25 62
51 98
43 45
64 23
47 23
117 53
72 84
60 61
18 67
21 76
96 56
11 89
34 54
114 20
8 79
30 25
19 104
52 112
86 63
25 106
77 14
50 84
40 50
12 103
44 4
102 52
37 47
20 74
9 108
67 119
111 120
13 44
88 104
88 85
5 57
54 78
121 74
37 38
7 75
35 104
101 110
38 76
24 120
5 2
16 111
1 11
28 67
34 121
105 12
12 120
23 3
108 64
94 85
5 51
45 77
39 2
75 77
82 65
25 61
95 54
97 40
75 37
28 66
80 123
64 50
13 76
76 6
97 5
43 7
103 67
113 66
76 99
20 21
68 39
116 64
88 56
116 51
82 71
81 99
78 99
53 78
64 87
84 104
64 65
54 15
11 34
80 109
125 41
4 15
80 72
122 107
46 67
34 101
20 55
49 16
66 57
19 73
120 20
39 43
122 91
85 61
58 118
78 116
63 28
64 2
98 112
49 112
72 86
24 31
125 86
77 94
49 87
81 82
15 19
66 14
99 26
33 1
59 18
42 88
19 95
25 59
57 64
96 93
30 22
87 119
63 3
84 82
5 92
59 10
63 66
114 122
71 7
96 77
65 19
27 3
18 115
28 5
15 83
45 3
97 79
30 40
75 51
97 29
106 60
9 15
42 66
17 90
25 50
95 61
98 96
96 18
102 2
79 9
38 119
66 56
37 68
91 79
7 71
23 33
2 86
64 103
117 84
110 34
17 64
43 19
103 48
69 111
89 55
7 55
85 81
91 84
38 23
65 7
69 30
108 88
45 82
58 73
30 15
38 81
12 25
28 4
56 96
57 88
21 39
96 52
114 110
64 93
35 116
102 117
9 95
7 82
75 15
10 28
44 10
11 36
43 96
98 79
25 40
54 120
13 112
94 107
72 57
80 122
123 47
26 52
54 66
95 87
118 86
121 116
85 113
4 55
17 101
54 10
25 36
106 53
2 11
106 55
41 69
55 108
67 58
15 57
48 28
79 55
71 82
100 24
115 1
87 66
124 56
57 56
24 72
25 74
90 53
22 116
77 32
57 53
4 99
41 47
81 89
61 63
65 52
123 17
57 16
70 16
124 8
105 86
124 69
34 58
37 64
118 70
33 9
56 50
122 74
8 5
116 14
67 74
105 90
94 118
15 104
37 76
40 26
4 42
78 3
76 21
9 51
35 73
110 69
7 124
64 111
103 25
105 75
14 15
48 63
43 75
118 62
44 34
85 22
100 34
90 87
73 88
70 114
63 78
75 113
65 74
52 33
23 40
35 25
86 92
43 67
94 60
112 90
107 45
40 112
26 88
19 3
121 79
88 62
112 64
35 88
38 2
80 10
60 114
30 60
45 52
93 101
47 72
78 119
124 34
65 114
113 55
109 74
79 69
79 5
65 81
13 92
8 72
82 49
70 84
8 53
81 23
60 53
81 17
5 61
113 22
96 30
124 50
90 12
47 81
107 105
28 52
93 116
100 89
97 7
113 111
74 92
123 43
56 101
58 88
98 119
77 46
72 121
73 16
124 39
88 38
78 29
66 46
122 70
123 56
83 42
44 69
53 100
121 88
71 2
8 4
68 93
13 25
27 60
115 122
3 77
113 92
27 103
62 104
116 70
81 57
23 88
91 121
23 76
120 84
4 114
85 23
58 14
40 56
34 63
57 14
109 103
100 109
82 35
39 75
123 83
101 85
83 13
115 60
78 92
96 17
1 2
80 111
97 61
115 50
20 41
63 104
110 45
24 15
15 34
93 35
72 63
16 98
52 20
57 85
75 125
44 100
4 115
47 100
73 44
9 69
92 25
51 55
76 79
7 77
47 70
50 34
23 101
61 56
61 95
26 82
28 76
61 86
103 18
114 42
51 118
8 82
34 3
25 5
12 99
74 125
77 22
97 94
6 81
30 80
114 46
44 110
72 117
39 71
73 35
44 26
43 15
56 115
10 68
81 9
123 77
2 88
44 59
3 74
72 89
99 62
81 123
80 16
54 64
109 73
90 121
123 106
115 34
62 38
15 99
56 72
123 37
65 82
66 51
122 33
42 118
13 37
104 116
51 100
33 37
14 37
71 21
77 74
88 8
92 107
70 76
106 51
89 97
12 85
73 36
64 84
62 76
1 18
80 116
98 22
27 48
44 39
56 105
82 44
124 60
9 28
113 47
39 25
10 3
61 12
87 20
58 125
70 55
19 117
30 85
70 34
121 62
91 81
81 84
45 102
88 91
112 116
40 37
26 1
103 73
44 33
17 41
28 54
115 29
80 27
111 51
52 34
1 42
123 50
53 51
35 111
10 32
33 66
125 113
20 59
43 56
25 46
18 102
118 48
47 109
82 34
117 123
53 94
82 87
49 56
2 76
20 112
98 85
85 69
26 4
89 116
120 61
45 83
64 90
72 95
82 75
115 56
40 61
103 99
57 44
1 5
13 74
34 100
102 116
119 100
50 14
11 39
58 92
108 121
87 21
116 30
61 62
50 74
64 10
3 123
92 94
49 44
19 2
28 75
27 9
112 93
27 120
28 24
22 119
64 123
30 82
25 86
80 102
26 15
46 121
46 34
49 113
120 122
112 115
82 116
90 45
11 65
11 59
110 10
109 72
60 33
118 104
113 27
124 40
54 27
84 79
55 84
124 32
77 21
96 81
94 111
28 91
91 6
35 89
83 16
18 54
113 67
33 13
15 67
15 35
48 90
100 104
54 121
121 111
79 97
67 45
13 82
75 73
18 112
111 68
10 82
76 80
114 107
18 76
47 61
113 9
20 119
38 5
119 87
44 17
43 70
95 69
105 92
55 88
113 19
55 87
25 77
72 43
93 103
46 45
89 121
36 43
92 90
120 99
54 85
61 105
121 98
39 33
80 106
117 56
122 101
61 104
108 90
115 101
31 4
69 95
52 59
20 51
50 8
20 72
29 51
5 22
58 15
76 116
96 8
125 22
122 94
55 15
109 36
43 53
2 78
64 29
100 75
46 58
49 46
72 39
87 98
56 70
123 84
83 88
73 17
118 96
115 4
13 93
81 72
69 1
90 23
73 21
101 56
23 87
34 4
11 19
83 47
124 104
2 113
37 78
37 25
48 36
26 38
114 83
77 36
45 26
114 75
60 62
15 103
99 94
50 114
49 40
115 62
22 54
118 91
50 115
7 29
24 93
61 64
54 7
95 42
112 61
17 73
24 116
86 124
65 95
83 65
73 65
20 114
86 70
13 95
100 84
8 80
111 23
111 10
115 25
75 34
99 60
121 100
62 41
27 104
72 74
74 13
31 104
98 95
91 107
34 64
40 117
85 73
119 101
124 70
70 10
96 82
95 117
38 60
92 36
18 39
48 47
43 74
54 83
77 61
31 96
56 53
23 124
71 6
68 99
60 86
125 50
54 125
30 107
96 22
89 1
113 17
52 49
8 105
37 97
26 49
34 21
83 32
11 25
17 93
105 52
92 115
11 32
17 65
108 57
99 45
19 48
27 66
120 53
47 14
102 25
73 93
7 14
55 122
32 54
119 97
31 77
48 26
69 75
83 111
96 5
96 11
45 12
74 60
59 34
9 41
13 58
27 83
28 103
116 17
49 19
117 104
15 68
20 45
109 54
33 50
48 71
13 109
77 37
89 19
101 103
68 1
22 19
92 6
90 32
120 115
34 99
124 31
117 12
3 61
12 72
123 44
13 42
69 22
59 118
73 119
27 98
93 49
106 5
60 92
99 79
8 121
105 57
95 16
78 90
49 30
21 110
113 43
69 92
89 94
98 19
74 110
125 1
125 19
23 19
18 60
46 77
21 10
73 68
29 34
11 100
101 80
107 39
118 116
88 75
47 32
99 112
12 125
60 105
67 101
23 63
23 125
49 82
36 81
108 103
95 59
70 98
76 27
14 79
42 37
70 72
57 30
63 73
24 6
46 96
97 73
90 33
98 114
18 8
111 19
28 87
27 82
28 46
6 117
76 122
72 3
54 36
38 14
55 57
20 37
75 64
108 39
110 107
14 20
61 109
49 4
2 57
47 106
100 49
21 46
106 115
41 82
50 48
86 28
65 53
121 12
104 6
67 34
29 35
110 97
22 2
122 113
28 105
101 97
23 27
23 108
63 108
93 125
28 53
118 63
88 10
59 44
26 25
25 18
65 17
96 21
112 86
42 6
104 110
93 104
13 88
101 7
38 57
30 116
90 43
78 73
117 74
104 118
29 100
9 80
10 36
51 102
73 27
18 84
116 95
45 66
14 82
30 111
4 90
59 82
34 74
74 82
26 65
27 92
93 32
18 78
24 122
19 32
14 52
58 75
49 36
111 93
113 38
55 43
94 2
95 100
116 80
122 49
46 102
14 114
59 120
72 49
64 68
88 95
123 59
41 64
44 109
120 62
110 63
11 52
76 4
1 95
3 97
16 92
100 35
8 57
55 6
51 117
119 63
73 77
30 105
86 65
78 59
14 62
82 10
6 123
36 68
3 35
33 92
67 87
111 18
37 33
97 71
92 38
7 37
13 71
42 5
17 30
65 118
25 91
90 115
53 11
103 124
87 70
94 74
12 75
109 64
98 120
17 72
14 92
24 7
48 64
120 26
81 19
61 98
74 14
66 41
7 18
97 100
114 49
43 41
13 20
110 82
20 62
77 28
11 45
74 9
65 15
15 71
87 28
33 49
6 85
118 12
8 19
19 70
6 98
97 52
27 105
102 94
12 52
23 94
8 22
32 85
37 29
56 91
62 81
55 1
79 7
60 116
102 98
22 43
93 84
56 13
57 42
28 45
13 65
6 42
122 93
12 64
84 80
45 86
25 92
104 32
37 107
88 7
22 94
57 81
107 120
42 98
125 57
102 69
109 124
41 26
100 90
120 87
40 28
13 118
46 119
78 55
50 95
67 100
86 1
13 11
117 81
17 123
12 59
27 6
84 23
116 120
84 106
95 88
61 80
112 121
101 119
42 95
34 119
90 97
89 31
39 34
45 120
118 24
45 23
67 59
72 11
80 42
3 58
73 58
55 101
10 79
33 42
98 59
3 112
45 103
90 28
21 51
114 59
4 92
52 27
108 49
18 26
34 81
114 91
23 69
78 16
21 114
78 85
49 96
6 90
119 56
67 4
54 23
89 81
38 103
69 20
15 53
24 42
73 122
14 7
29 110
23 116
87 95
37 23
121 108
63 120
72 51
81 115
122 5
36 22
53 63
59 122
75 1
71 56
52 90
125 35
123 33
7 35
58 44
80 45
85 38
93 75
13 14
121 44
69 27
34 31
125 98
66 97
89 41
28 6
45 106
73 10
22 65
81 3
4 46
78 2
12 41
35 45
76 7
110 32
45 123
113 51
1 85
31 120
53 62
11 37
82 51
90 94
8 60
28 74
107 109
121 42
88 124
41 3
13 62
4 64
74 114
102 119
84 22
87 1
93 114
20 19
33 99
60 98
93 79
33 125
59 32
11 103
98 58
106 113
43 34
26 2
112 18
2 29
97 38
52 78
95 50
124 86
38 8
15 109
26 78
91 70
87 79
55 16
21 86
24 78
1 28
54 79
123 28
19 81
93 76
117 27
125 101
29 123
51 107
43 78
15 51
70 1
81 29
69 102
76 113
32 87
9 47
31 64
82 94
31 105
120 85
121 17
30 29
47 108
109 66
29 102
76 96
52 80
55 82
90 82
115 121
38 101
28 86
73 83
76 73
48 92
59 57
116 92
114 106
123 39
50 32
15 105
97 53
115 80
96 113
45 20
113 41
41 74
71 12
8 54
89 12
108 113
122 114
105 31
44 87
46 78
60 30
123 55
1 46
24 66
21 90
23 85
108 12
98 82
40 29
105 80
25 108
84 73
92 121
38 39
66 43
45 40
18 119
18 38
82 64
23 104
29 79
86 20
22 21
81 59
32 66
68 88
87 68
38 24
11 57
76 9
36 27
51 40
56 92
36 123
12 112
6 5
40 18
113 53
20 33
29 72
4 93
42 56
85 42
14 88
48 44
59 60
109 28
13 23
6 106
19 88
72 48
30 57
55 104
46 59
56 88
59 73
86 6
109 102
83 87
33 64
89 37
69 2
116 124
80 94
77 50
32 94
122 64
112 111
26 54
59 80
16 14
93 118
31 66
101 67
57 83
36 24
108 106
11 50
74 109
124 52
37 45
26 69
75 12
107 118
119 13
57 110
37 30
41 55
110 3
51 4
16 61
123 95
118 8
103 76
6 68
62 101
5 8
10 108
14 89
82 8
67 115
28 96
10 125
54 52
29 1
11 72
117 77
82 121
121 46
108 65
69 117
1 108
89 16
57 39
121 82
125 122
69 64
70 117
84 7
6 108
23 95
39 19
17 37
89 49
90 78
63 88
32 12
51 31
39 35
89 111
88 78
91 57
91 29
93 44
72 23
4 75
113 59
51 60
56 28
81 87
125 21
109 116
111 21
47 94
17 56
73 6
88 45
80 125
109 35
100 112
77 23
93 48
73 120
96 54
89 34
7 96
104 71
118 18
84 52
56 51
117 73
57 108
90 74
100 88
61 1
30 12
69 13
80 60
23 4
45 85
62 73
51 35
4 23
15 106
59 87
30 62
110 58
15 26
120 4
