129 9314
54 73
52 97
96 29
24 18
19 18
38 71
74 100
6 100
76 42
73 36
5 16
36 79
59 39
58 15
74 37
10 2
55 114
65 56
72 37
61 51
21 54
119 101
68 35
83 107
13 39
48 107
2 67
45 85
38 81
77 114
98 96
89 17
77 120
79 58
110 89
67 117
23 6
101 27
100 31
23 58
101 77
60 70
90 45
116 63
125 14
55 111
85 63
116 103
72 63
79 94
117 44
59 55
21 122
101 75
38 7
120 115
42 75
4 112
90 12
93 14
65 13
26 116
123 69
122 87
85 36
16 39
52 96
31 5
20 69
46 93
114 1
68 2
109 93
5 123
74 78
22 65
78 119
96 61
105 124
85 42
84 111
46 87
47 129
22 123
16 22
73 7
79 82
11 34
91 78
84 31
28 102
79 78
97 77
48 114
13 69
110 34
66 79
3 106
77 125
18 35
103 35
41 63
90 89
113 22
62 3
123 8
6 29
22 102
48 7
82 109
60 95
101 99
98 77
100 87
9 97
67 128
124 30
63 60
14 32
65 61
5 112
63 64
27 20
21 70
50 31
64 126
30 80
93 35
3 109
2 123
83 77
67 22
70 71
5 106
129 75
114 58
48 77
36 103
18 97
20 52
128 65
27 114
117 129
71 39
66 62
72 100
114 59
56 21
79 75
73 65
51 3
50 83
91 23
47 101
21 92
116 115
5 76
101 38
38 78
7 110
1 112
80 108
15 51
99 57
47 18
47 24
72 127
124 25
82 91
30 62
79 105
101 125
58 32
111 61
50 109
90 82
26 28
79 114
58 18
61 84
26 65
76 69
90 99
65 35
110 43
33 125
114 122
19 127
20 88
93 88
13 121
63 80
8 69
37 11
106 85
79 31
83 10
65 57
113 2
102 61
22 115
68 20
99 112
38 55
22 44
121 123
10 56
109 15
53 106
119 32
21 111
1 28
64 54
43 127
68 11
50 122
88 41
100 127
59 120
128 115
66 109
73 83
74 61
74 1
63 97
96 89
4 128
114 115
60 13
110 90
4 49
17 92
110 21
42 79
86 117
96 107
117 46
34 105
76 33
127 100
76 2
72 26
96 15
91 48
119 16
80 96
77 79
63 114
34 42
111 91
120 18
111 74
82 108
6 84
11 3
81 23
39 65
112 61
24 94
70 32
27 95
75 80
72 50
84 53
89 88
110 24
52 80
70 125
95 100
115 126
90 128
45 94
52 8
13 116
20 85
100 73
71 63
21 106
66 111
72 78
5 96
71 54
115 61
23 56
43 46
41 8
45 104
52 120
101 43
80 115
58 129
114 26
71 103
17 20
23 37
41 66
36 127
39 81
121 19
32 9
77 12
59 70
31 90
61 67
24 47
14 83
73 38
19 63
83 124
112 96
105 71
92 103
22 8
17 66
129 6
59 90
69 73
84 109
68 58
102 59
47 113
87 74
94 119
74 88
8 97
11 92
16 125
25 111
117 2
81 41
101 82
123 36
9 36
42 59
68 100
81 22
22 125
122 23
60 74
11 10
101 9
5 66
122 82
60 42
73 121
121 118
93 112
97 7
50 53
110 59
102 69
48 68
83 2
55 72
33 69
62 19
79 67
40 128
20 22
62 116
99 28
15 80
125 25
7 52
36 56
103 44
30 124
34 17
104 22
74 71
1 89
23 5
86 7
37 103
80 90
74 6
85 72
77 105
78 36
59 79
81 115
83 79
102 81
78 115
39 58
14 6
48 122
24 70
54 61
66 26
102 79
48 55
116 118
39 98
97 89
83 65
99 29
27 82
70 98
107 47
128 25
81 20
49 80
71 126
46 119
105 84
21 94
90 97
61 115
45 27
46 101
34 129
111 50
67 95
65 79
103 19
124 14
13 120
70 25
102 56
29 4
117 68
106 36
78 48
26 3
20 124
104 84
70 43
116 106
3 110
83 81
17 42
114 57
120 13
6 85
55 75
74 117
22 88
128 55
3 52
29 123
44 2
47 63
88 100
87 122
56 20
30 18
35 75
111 28
9 78
63 118
25 119
118 60
65 97
36 70
118 35
58 82
123 54
123 85
110 116
118 96
65 41
126 90
80 62
77 121
85 26
78 64
80 59
97 34
17 129
63 103
110 78
116 70
34 67
52 71
5 19
118 93
5 18
75 51
48 88
125 54
46 58
83 67
7 23
113 52
53 14
75 62
27 81
46 70
87 16
74 3
43 55
74 110
101 41
7 30
105 58
74 86
29 51
43 82
118 32
113 90
79 69
12 107
28 81
27 98
28 12
6 83
85 68
68 45
8 58
98 14
35 102
23 73
100 99
56 70
41 105
68 76
66 33
13 125
69 79
49 128
112 100
72 24
26 15
40 77
31 99
14 18
125 56
11 17
23 41
12 14
93 27
42 94
69 41
23 8
92 129
83 127
83 56
38 62
23 15
67 80
102 73
123 127
23 113
24 48
40 129
25 20
35 42
112 19
43 31
18 72
8 32
72 44
119 115
113 4
96 45
77 29
121 54
72 29
94 118
56 34
30 33
90 84
33 93
89 30
63 66
42 106
111 66
119 30
55 90
107 46
49 97
56 42
18 77
39 45
39 74
26 102
100 55
49 117
18 100
56 112
55 45
27 19
117 71
31 88
25 9
98 44
19 68
102 32
101 114
45 54
21 8
59 48
17 89
100 115
57 2
83 110
50 76
76 71
7 100
112 104
14 92
127 107
90 104
85 27
11 41
75 56
5 17
80 67
32 89
44 40
6 3
45 99
56 6
36 60
18 8
80 28
7 51
36 126
5 60
100 50
26 100
55 112
56 109
46 8
101 98
57 95
25 127
75 42
116 50
26 55
48 86
84 28
24 35
39 111
66 25
67 31
77 8
12 48
66 104
62 104
88 81
27 99
35 15
67 61
90 40
118 75
73 34
129 99
80 99
69 6
125 53
66 54
129 114
22 38
125 124
86 48
43 67
98 104
100 122
63 28
118 57
111 79
57 46
32 23
8 24
128 5
78 76
45 68
54 41
60 52
14 94
65 34
63 7
61 112
35 94
122 38
64 122
6 58
20 123
118 123
54 85
12 28
60 92
13 72
74 128
112 62
128 14
98 90
75 35
108 89
36 116
104 39
89 35
95 12
13 14
91 104
69 112
17 105
56 25
82 49
15 29
35 21
72 76
54 78
93 127
49 5
70 61
123 122
35 24
19 108
14 65
85 45
96 1
27 118
13 6
67 20
35 103
39 110
44 90
22 67
95 56
27 103
37 33
66 86
44 9
95 68
61 47
28 108
56 15
103 23
86 123
35 101
96 99
22 53
52 124
120 127
10 43
94 77
13 17
71 104
105 29
98 88
47 86
75 12
120 26
76 60
70 81
117 98
127 112
11 104
20 121
18 84
75 77
78 62
103 101
43 108
7 18
47 43
82 79
76 128
65 82
62 61
40 114
24 38
119 34
58 120
128 117
93 2
69 54
83 34
101 62
35 73
74 42
54 77
5 89
44 22
58 62
74 5
77 75
51 86
112 97
21 72
33 24
5 90
3 100
27 21
70 110
39 11
123 1
51 126
30 90
39 115
99 79
33 60
31 73
98 42
79 4
10 55
49 124
38 100
93 89
4 102
11 39
81 123
5 72
16 85
66 56
45 123
2 94
20 105
38 70
64 104
85 125
59 7
104 38
19 64
57 110
105 55
82 113
25 66
83 119
15 48
14 41
91 114
119 35
123 94
85 4
62 31
119 122
78 66
71 93
123 23
16 64
107 109
125 48
63 108
79 86
66 36
24 108
107 45
25 49
91 41
42 16
91 52
68 50
63 72
116 98
52 36
100 119
50 13
15 101
98 33
11 58
129 57
28 61
19 4
102 116
1 62
65 26
19 116
110 17
34 76
13 57
70 114
86 2
75 104
3 50
42 64
110 64
85 67
19 117
76 12
122 11
93 52
60 129
78 121
18 106
23 7
16 84
46 7
126 55
99 6
29 104
63 91
120 101
86 39
115 113
122 54
80 86
105 107
29 53
98 37
94 2
76 39
49 103
3 2
103 116
96 62
94 85
16 2
83 111
60 66
61 100
92 25
37 59
51 129
108 7
69 96
91 83
105 43
1 104
40 97
120 128
100 60
99 82
59 92
122 65
127 23
23 62
117 127
55 108
46 36
106 40
10 79
80 81
58 49
87 53
54 107
94 33
18 126
52 94
125 40
81 101
105 32
118 45
90 31
98 71
113 36
78 6
86 19
121 50
70 67
45 101
5 67
84 1
110 54
126 42
95 62
81 76
84 118
42 55
66 123
99 56
61 99
89 125
6 1
111 69
47 34
73 49
10 118
112 110
99 12
43 66
57 25
20 44
92 93
73 103
76 86
108 84
63 49
20 25
75 47
124 26
29 38
33 10
59 115
17 47
93 118
64 112
110 15
52 119
57 66
112 109
81 42
54 39
62 86
42 7
85 123
71 61
48 74
39 26
121 34
24 59
107 55
63 83
72 109
14 66
52 33
47 39
48 13
102 45
114 97
16 127
51 127
51 45
111 46
65 2
80 33
94 68
42 102
49 109
79 93
74 125
30 24
88 83
1 109
6 10
113 33
125 114
23 46
57 126
68 52
109 64
28 107
98 85
70 92
94 19
53 2
7 22
10 115
92 112
94 125
35 3
111 20
55 23
18 7
63 20
41 73
66 110
69 33
14 88
38 35
29 68
64 18
120 41
117 125
76 21
118 49
124 46
102 115
86 32
110 95
48 126
106 31
37 124
78 61
92 24
8 23
18 109
30 93
109 48
43 24
79 128
114 65
124 73
117 105
99 126
117 9
21 11
89 64
64 125
125 70
95 33
100 128
24 5
70 20
7 128
45 30
96 33
123 46
25 11
31 70
43 101
29 79
110 113
15 24
55 100
1 63
82 36
103 51
3 70
62 113
124 13
82 120
31 11
129 102
23 114
115 27
14 62
85 9
77 28
16 96
22 94
21 77
126 112
114 107
107 15
68 38
65 50
46 121
51 113
60 63
44 91
128 61
91 120
62 8
38 120
102 39
52 123
16 103
46 73
108 30
59 10
80 11
18 114
73 101
66 122
31 101
122 115
39 62
50 34
117 39
61 27
63 90
95 23
88 103
122 101
15 87
30 92
127 95
67 82
59 52
63 45
17 4
113 34
9 85
124 108
66 64
42 120
127 83
109 37
38 99
123 42
114 18
19 9
2 86
104 12
86 57
128 129
120 111
17 35
78 114
45 70
69 40
83 90
7 60
118 125
15 91
103 28
115 129
111 129
35 60
70 127
62 50
102 108
34 80
34 75
97 58
45 60
76 126
113 86
57 108
1 74
95 76
62 40
55 4
89 60
55 44
53 118
66 124
94 87
113 88
24 99
4 13
124 53
53 15
8 74
16 32
23 117
98 56
91 90
26 118
9 40
96 84
84 87
94 122
26 67
114 67
49 18
60 56
126 92
92 119
108 93
123 62
126 103
81 117
109 39
2 9
126 13
22 120
34 77
69 52
110 76
11 13
32 94
7 80
103 66
85 74
74 14
91 40
27 53
54 109
95 111
37 58
10 54
93 85
112 128
53 97
52 5
63 101
2 90
68 53
58 64
98 24
61 107
39 54
60 97
78 110
27 55
42 54
78 112
35 25
112 106
99 21
63 86
104 96
124 90
86 12
87 95
30 2
13 64
23 85
101 123
6 60
102 46
62 71
75 106
31 51
64 124
32 99
53 36
126 43
27 17
14 63
14 31
58 106
104 106
56 127
76 55
93 124
15 55
8 14
24 15
84 48
63 61
5 32
35 14
111 96
38 105
49 1
108 37
109 11
111 7
124 74
110 49
54 97
64 21
110 107
23 11
56 92
118 78
8 4
99 54
47 13
48 29
43 59
31 77
97 99
109 3
123 107
60 78
108 25
16 17
83 14
16 60
42 87
100 63
21 60
115 6
20 97
8 87
96 81
105 110
93 12
114 32
46 103
17 116
109 67
14 53
109 58
61 56
75 128
2 128
30 71
103 82
66 44
107 125
69 110
100 53
71 79
67 100
42 13
10 53
48 35
6 128
96 34
126 6
77 109
128 75
2 100
30 122
35 59
123 81
39 25
48 73
115 41
124 70
120 70
64 42
28 47
1 96
34 103
52 121
107 87
82 30
5 53
56 8
126 5
55 1
87 86
108 19
113 23
124 118
46 74
129 105
91 29
42 127
75 123
66 96
34 63
18 123
28 80
3 10
118 28
33 119
48 116
8 53
99 64
80 50
96 10
98 112
22 32
10 4
22 54
76 100
81 52
114 91
97 127
45 43
50 98
71 85
13 47
48 111
77 27
126 73
128 101
22 25
10 23
39 59
2 50
15 10
48 80
41 93
84 76
112 71
20 3
80 9
51 33
23 55
95 70
122 97
9 129
109 30
103 12
20 49
111 106
3 89
34 27
30 4
56 106
57 44
83 91
67 91
4 127
71 74
119 29
92 114
106 121
5 22
127 86
97 114
91 107
18 95
19 41
26 21
79 87
113 47
105 24
25 108
116 127
99 109
103 40
107 88
86 64
107 85
25 104
39 48
62 96
82 127
17 86
83 87
120 62
123 119
122 50
37 49
41 25
17 33
17 81
129 8
46 69
73 113
120 113
61 37
105 63
81 33
18 53
67 104
106 32
110 96
66 19
100 3
4 8
72 65
91 5
27 40
108 96
52 105
82 3
60 103
1 106
69 17
20 113
17 21
50 41
2 85
15 49
65 37
74 120
44 17
76 123
6 32
70 100
13 128
84 89
111 80
15 71
89 73
129 98
24 117
101 67
73 75
3 20
7 19
28 78
14 7
47 126
29 59
107 20
78 4
66 75
91 102
52 117
93 56
81 74
102 14
118 91
85 51
36 45
44 49
43 85
84 5
110 87
94 61
125 88
23 18
110 91
24 19
94 73
83 104
63 40
112 59
100 43
17 97
126 87
80 113
33 110
116 62
45 59
39 85
50 100
21 20
1 64
97 27
19 58
113 5
109 105
54 103
94 113
78 106
20 48
123 101
81 34
15 70
120 24
124 76
41 22
83 96
14 61
76 115
35 70
38 125
31 69
126 127
124 27
101 45
74 2
43 3
47 14
69 39
120 60
115 45
21 27
24 124
4 5
23 57
61 39
44 58
6 48
25 65
31 95
26 51
57 58
62 88
46 11
52 90
100 66
31 47
53 8
84 73
112 103
87 54
66 82
70 109
73 79
4 54
31 58
118 120
78 72
109 71
64 115
64 67
40 74
115 22
11 102
95 50
42 67
101 119
10 117
56 32
28 4
55 66
92 22
99 121
29 18
1 117
126 8
49 60
111 25
113 55
4 116
18 32
94 83
43 9
19 61
11 51
107 68
41 1
33 14
67 116
33 114
54 101
78 80
21 80
69 120
24 113
9 69
14 50
120 90
4 18
71 117
127 54
71 100
44 25
105 117
77 53
110 122
39 10
72 5
115 54
42 60
5 52
122 110
119 49
90 46
48 62
42 56
122 95
43 52
87 89
57 65
21 17
42 24
128 27
54 16
53 21
122 124
114 28
100 124
106 109
33 86
55 96
89 8
86 62
111 120
103 98
40 25
59 111
121 31
67 28
87 13
95 123
88 102
102 20
117 88
106 12
66 84
8 84
5 95
58 59
7 64
118 77
65 92
10 64
103 79
122 125
51 76
88 46
34 30
65 123
52 44
69 64
36 115
20 9
102 77
121 59
28 115
71 32
1 69
27 104
9 50
96 72
34 91
40 20
40 11
63 88
29 86
108 67
98 28
87 11
25 59
66 118
20 120
100 123
25 98
75 9
23 26
82 110
78 34
26 128
120 86
61 80
25 6
12 10
14 19
73 104
83 20
34 3
24 65
98 62
2 91
57 50
42 58
117 87
94 123
28 77
92 59
44 56
86 30
105 50
115 120
119 39
100 16
30 9
126 120
12 80
81 8
27 26
48 32
74 107
40 24
42 128
112 13
99 96
89 12
99 95
2 1
31 27
107 78
78 13
1 129
86 25
54 79
48 8
94 15
8 105
8 29
33 22
114 8
11 45
83 125
97 32
54 53
33 84
10 87
85 122
109 125
80 70
6 47
15 103
117 112
63 81
44 59
81 80
119 83
115 92
113 66
3 98
14 119
32 36
17 56
2 44
105 60
58 56
11 77
6 81
35 13
104 71
37 69
125 112
18 81
60 50
26 25
110 19
56 54
9 101
66 1
86 94
74 90
52 83
101 48
59 126
9 5
62 69
88 53
20 94
28 91
79 125
81 86
12 84
120 51
10 15
64 26
48 89
74 64
63 127
120 129
71 84
82 68
79 50
21 79
21 65
38 31
59 14
74 26
89 7
8 33
111 73
37 5
80 18
65 32
107 91
29 31
111 51
27 47
17 71
14 49
59 101
56 124
31 108
6 78
47 52
72 46
42 20
87 115
72 75
99 50
129 21
91 9
102 4
66 7
53 72
124 59
123 5
7 118
99 37
98 95
96 54
48 23
94 109
95 53
13 21
122 20
126 63
90 96
121 84
2 47
15 39
5 24
10 21
116 49
107 60
4 89
24 78
68 123
26 35
24 79
72 113
27 41
124 103
6 129
64 61
63 46
106 55
35 85
87 83
71 127
91 20
3 4
56 72
15 58
128 93
120 16
30 128
120 75
54 7
12 88
8 2
106 39
13 23
76 34
123 79
111 40
16 74
91 128
29 109
59 11
108 65
73 37
78 68
16 61
59 36
69 99
70 80
13 99
2 41
85 11
63 71
106 91
84 30
12 70
20 6
34 118
52 46
116 51
65 59
28 103
80 123
22 93
34 16
45 84
62 36
108 109
63 68
66 24
17 127
82 44
117 102
31 36
76 10
109 12
47 104
87 119
97 18
3 26
61 125
20 107
1 2
119 113
108 38
5 116
128 16
5 97
37 66
92 19
126 82
123 112
28 71
100 75
81 7
58 94
3 78
8 70
83 112
75 95
93 55
112 10
128 114
5 34
72 118
50 107
90 67
115 63
78 53
2 68
121 103
102 42
4 106
105 113
31 83
1 39
82 56
128 19
12 5
6 65
97 117
91 88
81 83
30 79
55 125
41 91
87 104
83 15
85 70
108 76
25 13
122 81
35 124
64 24
126 123
45 40
32 75
18 9
98 93
94 126
118 15
99 38
93 1
71 98
70 112
26 12
68 115
19 3
120 23
98 97
87 50
95 3
62 90
26 60
52 88
129 108
51 7
64 81
90 60
82 65
53 47
90 120
120 38
116 72
123 75
17 93
15 13
77 13
23 12
98 67
77 63
14 104
93 81
39 100
61 5
115 20
103 72
29 78
96 75
129 12
16 68
21 50
113 17
21 104
114 74
78 8
34 121
116 105
18 70
77 110
111 81
115 122
104 83
51 116
106 13
41 97
122 29
59 87
64 123
81 10
68 25
89 42
11 47
94 63
9 22
63 54
102 107
12 38
7 102
112 121
112 54
54 113
57 127
26 36
17 40
9 38
66 14
69 2
7 71
105 46
21 57
1 6
31 12
37 83
63 3
128 80
36 110
45 80
34 114
69 105
121 73
97 78
6 103
120 30
49 87
38 85
23 116
29 58
74 35
74 103
108 120
107 98
29 19
105 19
63 123
30 89
22 39
116 14
68 55
105 114
112 64
109 5
23 47
103 100
118 8
25 53
40 7
53 58
20 93
84 72
29 30
83 129
15 37
74 54
36 84
25 23
33 105
93 46
21 102
108 85
110 12
74 13
61 23
68 48
36 117
109 57
34 97
117 16
109 111
93 102
118 2
65 8
33 76
63 5
53 74
100 4
59 112
95 112
49 10
122 94
22 112
126 34
41 2
50 8
73 48
129 58
40 38
59 86
90 62
56 74
101 25
24 56
101 24
13 15
22 73
36 55
29 15
2 93
30 118
122 100
35 17
14 125
30 60
63 50
95 9
77 24
96 77
56 68
31 44
69 51
36 99
92 3
15 6
115 124
80 20
43 62
43 99
4 71
22 21
72 115
5 59
49 4
124 102
84 65
107 74
119 56
67 53
44 54
40 34
120 107
21 31
50 54
21 10
41 35
56 24
3 61
56 10
4 27
64 98
30 115
42 84
103 43
126 25
62 18
35 4
50 99
60 117
104 11
1 87
57 97
113 56
8 5
53 57
106 99
72 1
47 54
38 33
123 35
111 36
8 93
88 77
105 8
93 86
125 89
4 78
46 82
33 91
84 122
44 126
49 84
78 24
53 124
93 125
95 43
93 71
66 103
49 63
129 104
78 30
46 98
35 56
32 44
104 110
4 88
116 76
49 95
109 115
93 17
40 33
2 25
72 7
46 123
84 16
118 44
44 65
77 16
72 21
2 83
108 79
110 75
49 101
61 16
40 83
125 30
93 7
54 86
8 39
112 89
30 107
12 3
127 49
31 10
6 16
86 34
129 127
36 44
29 87
5 70
58 89
72 122
66 90
69 93
16 57
118 119
121 93
88 80
110 37
127 74
36 112
46 53
15 120
32 16
20 11
39 119
124 81
115 35
126 62
83 68
28 67
33 44
28 79
82 104
29 44
78 15
9 71
64 86
18 46
102 89
48 39
68 89
78 19
59 66
12 35
125 127
90 113
9 58
32 42
28 69
73 52
48 97
73 80
43 115
63 96
37 96
18 120
117 27
11 1
108 113
12 56
54 25
75 33
14 39
16 93
51 100
51 111
78 14
117 91
15 76
78 10
85 65
96 25
129 36
54 60
80 100
95 52
68 67
43 47
13 91
47 51
83 32
80 4
76 28
72 117
2 82
14 3
35 53
38 104
104 26
25 96
80 127
10 31
61 122
82 35
98 36
12 89
55 51
124 15
28 27
73 128
26 52
102 8
27 127
120 49
109 127
34 5
86 116
44 80
57 68
115 39
93 50
105 126
57 111
12 102
82 94
112 48
13 68
38 58
45 10
122 75
49 28
84 7
87 19
20 66
1 97
125 128
54 30
88 104
37 12
50 84
85 88
77 52
79 16
122 86
17 113
46 2
1 85
42 5
26 63
30 5
129 101
15 56
40 54
80 129
69 127
29 71
16 25
125 51
36 52
6 121
73 117
65 20
52 31
104 114
33 75
121 108
25 42
88 107
32 76
42 22
91 97
24 34
122 25
41 89
127 94
29 98
68 127
121 69
49 17
58 14
48 30
54 27
103 109
42 25
111 56
32 100
20 43
26 2
79 35
54 126
125 68
65 40
85 38
14 69
75 83
120 89
21 23
124 2
120 22
59 62
50 121
52 21
102 124
56 96
34 58
25 37
101 115
113 28
23 125
108 53
73 114
89 103
69 16
58 116
39 9
121 11
80 112
10 35
98 64
96 98
20 50
43 78
10 50
16 28
71 70
67 112
67 47
104 97
60 28
17 87
67 40
78 38
46 32
109 60
7 109
63 25
69 118
38 54
93 98
88 45
8 26
14 99
100 5
6 116
62 124
15 129
122 59
125 50
74 102
98 39
58 69
106 71
39 52
76 67
91 31
6 8
59 117
1 43
97 74
54 22
106 54
63 65
101 70
84 119
9 37
55 31
52 78
86 122
97 20
30 116
122 45
73 90
88 114
118 128
77 42
94 40
11 62
8 17
90 51
24 73
19 91
81 24
41 67
79 39
24 106
40 121
57 7
94 107
99 52
28 11
9 63
41 19
38 46
86 99
7 38
113 111
13 106
75 94
88 65
30 72
112 99
67 43
127 45
116 128
42 81
61 120
50 7
39 83
82 24
113 124
90 115
3 43
5 87
122 84
2 81
31 17
123 92
105 56
30 10
75 92
60 116
90 72
124 55
95 64
19 43
126 108
128 71
72 34
73 17
27 91
127 4
48 51
37 98
14 70
72 42
99 66
63 99
17 14
81 110
51 122
14 103
24 111
68 65
109 128
49 96
24 11
79 106
7 11
113 18
87 124
106 15
45 55
43 103
97 61
66 57
74 60
77 10
56 46
41 42
26 1
86 44
101 8
38 94
58 26
103 73
100 30
69 115
115 96
1 94
9 25
75 37
112 50
107 128
69 92
128 111
19 32
110 32
77 38
127 48
114 54
115 31
106 84
96 60
110 63
41 71
117 104
11 7
102 38
21 30
10 86
59 27
128 34
115 29
2 21
6 99
70 47
1 47
105 59
108 73
105 62
6 14
115 8
108 50
94 13
118 46
12 79
112 15
12 92
60 35
100 39
58 34
2 29
120 108
29 119
100 80
108 45
13 30
110 73
10 76
17 118
2 31
100 10
39 96
32 58
104 31
105 54
121 116
42 41
129 116
85 30
23 108
106 24
94 97
127 15
81 3
113 14
79 71
12 31
74 118
72 61
16 88
6 71
17 128
125 21
93 94
104 20
83 6
12 101
39 107
112 123
3 66
124 92
115 5
85 129
97 6
15 54
21 63
57 4
72 57
120 71
119 70
1 36
1 16
125 121
81 57
37 115
55 80
3 16
17 114
6 124
49 79
8 80
116 75
73 88
123 82
85 28
128 123
13 92
63 44
111 31
30 123
37 14
126 20
112 36
79 62
37 10
50 102
59 114
125 103
41 15
52 55
53 41
82 119
52 12
3 19
54 19
8 107
91 109
113 50
10 112
125 35
110 80
41 128
49 3
105 2
57 96
34 37
17 76
79 90
48 21
92 26
37 107
112 24
42 77
94 16
6 20
14 24
78 52
73 30
115 79
4 47
129 60
12 91
36 78
72 15
42 46
3 58
1 78
4 44
52 106
9 70
125 12
125 93
118 87
92 56
3 128
41 107
112 17
28 33
118 99
111 86
16 59
86 51
89 58
125 28
90 9
60 75
39 22
85 76
17 107
74 56
1 34
51 91
106 87
12 19
11 120
35 89
33 63
29 95
87 118
77 101
84 19
79 103
8 123
65 81
22 62
1 110
37 29
38 45
52 45
4 87
64 30
23 91
30 53
87 110
40 119
97 92
43 16
11 15
12 117
96 53
77 41
50 22
19 65
9 73
37 13
115 117
77 81
51 80
109 68
122 21
63 43
101 66
70 115
46 102
52 14
82 70
28 9
85 17
56 129
58 77
110 72
24 123
5 68
4 51
28 8
57 102
128 70
2 129
1 10
70 119
53 28
113 93
82 105
116 24
89 19
56 94
30 7
39 13
60 4
68 24
1 120
121 8
81 102
74 80
27 119
27 70
79 100
74 41
59 53
47 91
29 7
101 52
95 67
42 126
61 81
113 114
107 123
27 10
51 96
4 2
46 79
90 80
94 88
7 82
108 35
91 84
28 99
10 121
40 106
78 45
68 9
74 47
11 32
64 37
105 82
46 37
84 91
101 18
117 90
50 78
4 73
13 107
61 50
27 39
56 107
45 26
39 106
73 76
118 4
114 50
16 101
26 44
4 126
78 27
28 30
48 42
48 57
49 21
26 38
76 104
105 73
109 38
15 108
86 129
8 108
49 36
108 102
113 43
27 77
129 38
4 38
82 97
36 69
56 97
37 53
51 58
64 70
49 111
76 82
82 48
92 85
37 119
45 37
12 96
98 128
82 23
21 115
94 86
50 55
83 99
29 103
59 98
96 26
26 92
126 106
52 47
95 34
15 122
100 62
51 26
40 82
87 108
50 66
86 102
74 77
109 122
26 11
23 109
123 103
22 24
103 36
129 2
55 115
20 84
26 127
100 84
24 112
81 128
125 61
48 98
120 94
120 39
48 28
78 39
65 85
53 80
1 37
23 101
15 83
29 37
50 24
82 117
4 29
91 12
113 7
55 17
105 39
124 23
126 84
78 40
46 85
95 108
119 18
85 14
111 78
76 58
127 81
67 49
48 14
4 70
99 17
18 21
41 40
124 116
73 89
106 9
3 38
43 18
23 50
8 79
34 50
82 59
52 27
58 83
20 77
2 56
116 7
20 18
49 66
111 102
3 105
25 28
86 88
117 121
51 75
92 127
67 55
34 74
98 89
11 118
23 48
26 43
62 55
121 27
62 127
49 54
70 45
87 62
71 47
88 15
101 86
88 125
72 99
108 55
93 63
37 87
120 114
32 55
65 1
102 111
6 5
56 4
18 34
64 76
40 98
126 72
115 90
38 18
67 73
92 118
115 108
5 20
90 107
21 12
123 60
57 105
2 39
71 78
116 39
127 122
81 111
23 124
51 43
119 31
64 66
76 96
81 51
98 91
19 40
86 78
62 5
86 47
123 76
76 54
2 65
2 80
33 126
65 51
69 21
40 21
31 38
29 16
53 3
75 59
62 15
94 52
30 50
98 31
5 107
19 66
125 115
31 104
97 124
64 36
23 2
19 24
9 114
106 92
99 35
92 13
93 45
59 33
11 69
84 94
8 75
121 114
59 119
77 71
8 122
94 9
36 23
14 5
114 87
95 13
33 48
3 12
24 96
15 65
109 40
24 61
96 73
124 117
60 53
103 42
116 94
27 94
75 18
119 109
89 69
85 106
8 113
63 111
89 79
79 123
36 17
23 122
115 84
21 126
52 100
17 8
112 98
69 91
7 4
15 12
61 101
129 50
16 45
107 84
103 111
6 102
53 88
75 90
85 12
103 128
129 87
76 110
37 110
122 118
18 25
102 68
116 85
126 53
33 47
110 60
14 58
28 93
18 128
46 96
44 127
51 13
90 85
126 118
27 107
68 104
100 52
111 16
15 35
31 20
33 92
93 74
122 49
100 19
75 58
107 105
29 76
7 45
75 103
2 115
119 50
68 3
59 89
1 77
47 68
38 49
60 58
27 1
10 29
127 46
81 68
128 40
67 115
129 119
10 77
117 83
34 32
14 105
49 75
105 125
88 121
3 84
57 93
92 36
89 98
26 76
40 118
44 53
64 45
47 73
125 6
68 121
90 22
14 72
41 78
120 33
123 118
121 62
4 79
116 41
78 11
53 75
44 74
127 105
101 112
122 89
8 94
78 124
96 51
67 3
44 89
26 105
35 108
10 28
73 71
85 64
76 102
105 120
104 14
99 34
56 104
48 65
64 9
3 82
109 52
112 1
28 112
104 65
36 58
109 101
124 36
29 117
98 18
1 60
84 77
121 38
40 126
102 50
73 115
114 118
44 121
95 94
65 106
37 72
57 1
17 50
38 66
23 10
104 50
99 105
7 14
106 66
77 73
53 45
104 127
86 60
77 14
95 4
64 48
122 10
74 55
6 104
124 75
91 26
28 49
83 48
68 70
85 32
34 49
9 87
102 110
54 118
117 113
107 17
68 33
15 36
109 119
54 23
77 33
122 85
87 43
99 129
30 34
17 74
28 10
100 49
9 47
91 96
114 6
57 54
116 29
123 126
111 1
110 47
93 23
28 97
50 112
95 88
82 85
36 19
30 61
2 113
119 97
19 11
117 5
128 86
115 10
47 128
80 65
62 112
122 63
62 80
80 102
97 64
119 68
52 4
7 55
47 33
3 47
17 83
55 63
64 25
126 71
56 102
51 71
35 107
10 82
82 52
42 31
101 4
34 43
18 75
87 84
128 26
84 12
54 75
68 106
3 96
82 73
77 86
101 63
87 66
64 1
115 12
9 44
30 38
68 102
31 52
126 49
111 117
9 34
94 120
68 111
59 24
93 114
105 81
91 129
129 126
93 10
125 26
33 58
82 93
120 17
114 42
5 13
18 83
102 127
61 24
114 88
62 73
69 67
59 129
93 60
28 22
1 51
20 86
4 9
102 24
36 89
39 41
50 40
70 12
62 129
114 38
71 49
9 104
114 86
124 16
27 106
129 81
47 36
125 118
38 68
60 57
24 25
35 19
33 80
129 47
71 122
65 120
128 52
114 39
121 76
39 82
40 57
51 47
126 48
99 30
123 105
117 43
45 48
97 53
116 71
68 99
73 122
77 127
104 122
98 4
97 30
26 29
52 91
120 100
52 16
85 113
95 117
119 84
28 16
121 91
87 45
42 121
42 125
18 3
104 48
36 5
60 68
38 124
46 104
28 117
58 19
9 27
71 22
79 99
22 46
67 59
39 61
10 38
12 77
51 22
32 81
111 22
7 104
97 65
81 67
6 86
19 30
99 65
40 28
129 62
117 63
72 85
43 13
52 85
61 113
75 48
2 97
48 117
72 116
126 94
43 65
12 18
52 64
29 101
79 107
91 21
89 119
66 77
102 87
96 42
13 122
94 121
83 24
59 4
1 61
105 11
82 33
69 71
116 19
64 7
52 108
100 68
87 69
124 1
25 97
69 13
107 83
18 111
61 38
115 111
73 119
110 85
13 94
126 44
71 48
76 27
59 67
17 64
41 37
74 34
97 33
113 126
9 74
16 14
22 78
36 35
33 102
122 105
10 68
92 121
9 107
27 66
74 52
71 105
16 81
53 4
106 28
60 89
18 68
37 76
33 124
17 57
34 28
116 45
117 50
55 95
61 106
128 20
120 87
42 90
4 97
81 48
49 127
88 18
81 46
91 111
81 106
88 56
15 46
12 114
4 119
23 128
88 10
18 94
20 114
106 111
51 121
35 48
103 84
98 106
115 119
53 54
86 43
56 98
70 96
2 7
99 90
95 127
1 3
88 35
118 107
68 88
102 126
108 110
27 73
110 118
37 38
66 91
35 113
37 113
14 10
80 73
62 120
97 103
15 32
66 48
25 62
73 40
68 75
78 51
45 128
28 35
56 87
105 118
67 46
36 57
58 73
49 123
59 44
120 84
9 106
72 105
1 116
123 53
107 75
124 51
92 84
12 76
9 126
74 59
84 66
37 31
37 8
48 3
47 31
33 42
92 51
78 84
118 63
79 91
40 63
127 126
34 93
80 36
91 49
49 2
129 53
85 19
69 80
99 84
106 68
102 26
99 70
54 122
35 118
57 113
65 24
102 84
67 64
50 65
50 15
80 109
15 116
88 123
107 76
75 73
49 46
16 104
109 36
116 96
52 17
115 26
66 120
73 98
107 43
111 119
51 57
82 63
102 91
1 126
30 127
109 77
59 28
90 122
45 61
8 21
86 111
46 52
79 38
106 57
56 65
103 118
95 2
114 62
28 45
121 4
60 106
12 37
62 4
117 103
66 89
116 120
84 121
94 115
94 78
5 28
54 104
68 27
46 92
127 92
18 80
92 17
71 38
106 3
100 125
91 121
90 5
115 74
39 104
87 92
6 12
115 2
110 29
113 63
103 85
26 66
34 15
19 84
94 129
40 22
77 1
20 111
125 37
117 20
15 59
51 63
35 54
6 72
14 23
103 78
13 8
5 74
112 39
55 9
40 44
79 8
128 45
42 53
31 21
50 119
77 11
64 95
8 65
34 31
3 86
96 113
33 18
88 129
99 110
70 118
6 112
52 39
8 50
122 67
81 71
57 47
43 25
9 81
58 107
13 100
58 53
67 29
94 67
91 71
45 89
59 88
84 104
34 51
7 91
97 57
35 49
6 31
123 10
5 46
40 47
19 122
47 61
4 33
82 27
56 101
63 109
98 8
126 75
37 62
95 81
27 69
57 84
58 108
8 10
10 7
20 74
40 61
75 67
108 78
82 128
122 120
108 123
91 61
25 109
98 124
8 25
26 113
7 121
19 92
68 6
36 24
107 73
27 124
99 10
82 103
92 15
58 37
38 22
105 80
24 46
6 61
105 67
57 117
71 112
37 52
2 14
15 127
37 65
71 82
25 4
21 48
5 10
128 6
110 127
70 105
5 21
48 54
106 112
58 104
46 44
70 10
126 1
25 10
99 94
103 86
123 37
77 45
14 78
104 109
80 17
12 27
87 79
69 15
99 4
103 25
116 102
56 118
93 128
4 11
124 96
60 109
107 111
4 107
90 129
94 11
94 26
101 113
61 114
26 78
36 51
105 35
76 95
113 128
62 12
85 60
85 55
99 40
115 33
51 54
17 26
66 11
90 25
78 55
75 119
36 63
79 27
101 106
127 18
129 118
19 37
23 95
2 70
42 70
32 119
3 103
29 116
119 17
102 118
80 91
90 101
8 71
4 16
99 67
115 48
125 52
121 86
25 110
78 129
80 93
86 28
29 90
75 87
4 123
99 9
74 109
16 40
22 98
25 19
80 117
97 98
124 95
16 49
87 25
36 96
7 12
54 74
45 11
87 93
111 41
26 16
26 53
118 13
56 30
16 118
54 125
105 40
13 80
95 35
46 6
78 96
51 85
116 10
85 22
22 107
80 19
127 19
31 116
124 6
103 123
114 92
115 97
7 129
98 111
3 67
96 106
66 59
91 93
74 57
3 56
118 97
62 125
91 18
129 124
5 120
91 79
6 93
27 79
35 26
114 125
125 49
17 119
125 73
102 83
101 46
42 92
12 39
70 3
9 99
10 80
59 29
5 129
124 83
108 1
38 107
12 65
63 23
8 48
46 34
111 90
28 29
48 101
17 108
84 127
38 119
3 73
47 70
106 110
94 104
41 36
49 22
123 106
29 74
59 103
3 60
66 3
78 127
75 118
64 100
68 43
10 71
30 36
28 48
56 63
122 30
118 71
79 61
77 51
53 52
45 111
82 43
75 99
66 18
108 87
13 98
37 100
61 98
103 34
115 85
106 104
16 53
117 75
49 53
81 60
3 81
49 69
8 112
16 52
99 116
77 68
79 42
116 17
65 71
106 41
55 61
17 72
109 89
66 13
104 64
94 105
57 72
99 8
8 52
90 37
54 116
124 97
13 34
39 105
14 47
34 26
32 98
72 125
99 74
4 113
89 47
85 111
119 13
103 92
32 27
20 39
37 41
18 65
42 118
56 77
103 26
73 69
3 112
41 72
84 24
70 13
114 52
100 106
51 9
104 115
44 21
90 38
86 24
106 116
34 10
14 75
54 98
42 93
91 33
81 109
27 112
26 70
97 76
59 82
46 83
129 25
96 35
62 97
11 19
72 45
2 105
32 123
14 101
81 63
31 85
17 125
92 18
54 111
65 77
20 4
41 96
104 76
70 38
125 27
13 61
113 20
68 63
47 84
3 88
35 84
91 47
129 43
15 85
47 64
80 44
16 75
2 51
37 112
51 66
83 50
10 72
46 39
8 55
74 82
83 93
100 69
102 36
71 29
101 7
30 35
72 121
97 83
66 10
2 27
102 74
33 64
22 92
107 117
120 55
82 11
32 105
21 19
24 41
125 99
60 125
1 30
76 41
60 10
47 23
122 83
47 125
113 84
99 39
34 72
35 41
35 31
48 115
62 44
57 15
21 68
73 20
78 104
8 116
42 35
60 77
28 113
20 24
81 61
123 45
7 31
83 62
53 120
75 76
64 105
72 28
97 44
47 32
5 11
115 100
101 121
31 105
111 55
39 127
92 98
55 88
69 75
52 77
39 66
74 121
93 4
128 98
51 103
92 14
100 118
69 19
54 37
122 43
90 43
36 61
98 83
56 49
31 79
116 2
116 84
18 59
44 7
69 53
42 37
72 129
2 12
96 7
89 3
109 53
69 20
103 69
66 58
21 33
48 82
100 8
126 52
125 15
72 84
111 13
76 20
117 97
95 17
112 33
7 94
69 44
46 14
114 2
22 20
95 24
73 68
129 20
89 5
11 46
100 18
128 95
15 110
124 82
25 123
83 105
9 120
40 79
107 72
23 16
64 47
46 68
89 46
128 121
1 93
83 74
12 44
55 62
118 54
38 79
73 35
41 29
76 47
95 60
127 56
77 117
47 67
108 60
67 13
16 115
111 64
36 119
103 30
70 95
52 86
63 39
32 74
26 126
125 17
126 88
113 45
59 81
45 98
121 23
102 82
47 21
123 86
113 69
107 50
113 62
112 125
30 29
67 45
129 32
77 89
127 11
83 86
35 64
106 6
38 97
11 89
7 56
123 29
125 23
126 38
92 34
5 38
93 48
89 109
8 68
61 62
5 109
39 91
121 75
9 68
89 118
9 111
60 32
83 27
60 34
6 50
125 106
67 39
121 57
54 12
127 40
109 72
1 121
122 15
72 55
12 21
54 65
104 105
56 57
7 81
63 125
63 24
54 5
83 23
41 111
76 1
114 93
20 12
83 60
24 125
43 44
7 25
85 115
61 8
87 7
120 42
17 82
72 86
77 26
106 101
53 116
24 17
103 24
23 106
38 24
66 121
99 72
26 88
34 96
24 43
79 33
102 120
73 81
13 66
6 36
11 57
72 81
86 36
125 19
98 22
63 77
120 34
24 120
32 54
29 22
46 41
25 82
117 93
11 100
100 126
88 51
96 28
88 20
114 11
94 111
8 28
7 54
17 16
96 76
116 81
69 28
71 110
30 119
70 116
110 62
59 32
46 91
127 90
24 29
34 11
29 25
127 37
55 97
28 118
54 76
125 90
91 72
26 111
45 64
80 124
105 36
107 101
57 51
97 126
102 101
5 127
107 11
30 57
113 73
125 46
113 6
28 39
50 71
67 118
90 58
30 112
90 103
52 103
49 67
51 28
55 122
72 95
23 36
15 69
15 2
16 26
76 40
27 75
96 49
22 52
73 78
129 46
31 16
57 125
71 50
81 18
107 39
78 109
85 15
12 99
32 63
71 106
30 69
7 103
94 106
107 92
95 92
109 61
98 35
31 87
14 76
107 21
99 11
59 110
97 91
108 12
79 44
29 93
117 54
112 38
34 81
58 70
110 98
61 75
45 96
97 73
62 119
123 77
105 121
13 45
57 124
15 88
90 4
26 93
106 125
90 70
26 40
14 120
32 96
11 64
81 107
113 25
52 74
53 85
72 90
121 83
15 34
28 104
116 28
55 92
16 19
85 90
100 108
78 100
79 83
15 73
17 2
38 128
89 70
40 68
32 110
45 38
107 67
7 115
101 30
122 123
16 24
93 95
17 25
102 94
123 61
39 92
33 35
58 74
53 105
102 106
71 57
3 122
46 47
41 74
12 54
68 91
19 8
90 116
75 86
20 79
93 53
123 74
75 109
88 28
38 6
38 86
87 97
82 118
23 52
84 115
38 65
107 82
37 60
103 119
48 37
78 65
95 21
67 88
6 90
74 108
54 123
118 59
60 54
50 125
19 47
101 1
7 20
35 62
109 35
67 44
126 30
10 110
4 31
78 49
37 92
29 110
128 110
76 116
122 31
58 17
43 8
62 17
127 84
83 46
29 36
57 33
107 26
115 112
2 49
37 30
93 116
83 59
111 10
83 126
34 106
91 7
13 22
55 56
13 36
3 97
128 107
106 100
22 1
55 13
46 18
118 58
33 111
129 9
7 70
3 6
20 28
56 29
31 59
7 120
114 12
69 88
3 90
71 101
51 1
129 17
64 12
41 80
15 100
75 108
104 112
94 64
73 9
112 37
30 91
9 79
61 40
94 59
87 56
23 60
60 38
91 116
80 77
85 83
58 27
35 27
120 95
92 74
101 47
28 37
64 11
91 43
71 62
27 29
63 105
46 45
87 24
123 91
48 63
112 107
44 51
108 41
12 24
36 48
111 124
95 20
91 60
88 70
123 56
94 69
10 36
20 119
113 54
15 11
77 98
4 61
74 58
69 26
29 8
125 57
86 4
84 34
70 76
16 13
15 86
46 10
31 57
69 104
64 33
129 72
17 115
97 107
35 90
113 11
1 17
95 48
12 66
62 14
57 69
120 53
45 121
88 32
103 54
55 5
3 9
121 104
67 24
122 26
106 44
30 121
109 75
85 124
14 4
53 77
58 11
68 71
4 12
82 115
106 11
88 24
67 69
41 23
83 9
78 3
90 63
67 111
109 100
80 94
101 31
76 93
1 46
54 72
50 70
94 84
127 110
126 96
115 75
86 91
72 108
104 1
16 46
62 52
47 38
17 1
61 7
15 115
111 126
23 20
73 47
9 112
18 103
27 36
27 15
22 113
121 111
105 70
54 89
109 55
51 105
2 96
42 21
93 97
29 69
24 55
82 54
86 128
90 87
14 73
115 23
119 125
25 80
14 13
4 96
42 71
53 99
62 122
124 123
98 52
4 94
81 92
50 74
65 11
74 17
114 23
44 42
52 70
53 26
21 39
124 43
100 71
106 56
91 98
115 94
11 49
43 1
18 64
118 129
107 24
49 110
34 65
121 127
101 78
13 31
57 83
61 11
98 5
124 28
72 53
91 36
129 68
72 60
7 83
44 26
50 10
28 82
40 102
16 86
127 57
34 107
124 112
58 25
67 32
86 50
65 12
95 114
30 117
67 75
77 64
76 75
40 85
97 112
22 85
67 119
1 115
125 91
111 34
58 55
93 21
24 87
15 31
54 59
81 16
91 3
53 103
105 83
118 116
93 104
2 17
15 95
17 111
125 60
13 60
93 15
89 15
125 65
127 12
5 115
80 3
7 35
29 62
34 95
36 98
32 92
114 70
80 103
33 109
93 9
97 19
54 58
47 26
50 126
36 12
14 15
89 25
42 109
83 21
7 117
109 26
31 63
29 111
22 82
122 46
16 56
76 125
1 7
44 8
119 15
22 11
65 102
36 109
88 117
55 41
40 49
53 38
51 4
128 35
7 72
1 124
89 52
77 30
63 121
88 34
40 122
24 107
58 112
65 105
68 112
109 73
58 16
25 79
105 14
103 129
7 24
115 58
18 88
32 82
94 95
25 43
18 2
95 124
43 39
86 80
104 102
117 49
112 82
106 42
100 92
41 14
8 76
83 57
123 30
99 69
82 87
84 129
101 29
75 40
52 104
105 108
95 25
85 98
93 13
14 43
8 126
80 6
89 26
89 114
24 63
19 77
79 85
41 101
113 15
119 60
38 25
13 126
60 87
96 90
107 3
31 28
14 89
78 1
89 61
116 104
14 8
110 108
48 43
97 24
124 125
89 92
36 76
41 51
81 120
12 113
112 124
91 10
87 107
20 5
28 124
98 54
85 119
112 76
117 35
8 20
24 75
39 114
56 28
124 31
31 48
19 103
83 80
69 85
117 62
59 108
66 85
62 74
64 77
33 49
120 47
78 117
74 116
7 33
60 120
107 49
17 124
45 51
57 99
93 25
127 78
102 119
60 23
79 77
26 49
3 7
55 43
43 36
14 112
10 13
85 104
102 95
9 95
23 74
41 50
116 53
51 59
103 7
7 95
64 53
110 71
73 99
34 25
1 88
90 34
63 32
63 19
93 92
69 14
4 115
34 88
96 93
50 108
90 95
44 36
11 90
2 125
112 29
21 95
46 19
38 34
39 71
35 121
59 15
12 67
83 29
23 66
30 54
25 90
56 93
2 33
97 15
74 28
124 66
21 2
120 4
73 70
73 31
111 92
68 72
80 66
33 30
104 82
113 91
55 65
20 117
93 78
68 30
7 86
117 31
97 41
82 16
31 42
41 116
101 80
74 21
120 12
102 57
62 27
91 94
75 69
101 124
109 78
3 65
58 71
30 64
47 12
3 129
18 1
112 94
88 49
125 79
54 32
55 16
105 25
126 79
83 43
24 92
37 75
21 118
125 7
33 54
89 86
61 91
43 80
55 32
74 8
111 14
37 34
70 46
91 127
22 103
70 63
115 106
24 16
120 122
55 11
2 116
77 72
110 74
22 127
68 113
108 21
97 109
60 76
108 125
54 121
127 47
117 126
117 15
64 108
38 23
38 109
63 38
110 61
42 3
2 40
92 52
9 75
21 44
122 116
81 21
77 88
48 110
99 68
48 53
38 80
24 109
56 121
127 26
27 45
49 72
120 57
110 56
57 13
51 64
7 101
12 57
105 86
14 116
36 14
111 125
82 12
113 61
39 3
76 107
16 33
33 90
16 41
13 9
84 123
71 94
45 118
4 83
108 126
33 101
55 50
129 19
25 71
78 120
87 55
52 48
10 93
42 49
13 104
34 126
67 41
121 63
39 35
37 77
14 87
116 80
25 100
21 96
61 102
125 16
107 122
44 18
63 107
65 112
87 88
100 107
61 103
64 63
35 10
110 36
94 27
124 57
103 76
78 116
127 108
67 120
129 14
88 120
27 62
59 34
121 88
122 129
51 42
2 34
78 44
50 20
46 115
44 50
78 86
26 73
92 124
36 59
57 22
90 79
82 102
76 85
91 58
7 79
101 69
90 106
84 42
125 107
61 45
21 1
53 11
26 33
56 100
99 77
117 74
115 57
20 71
32 60
128 125
16 107
47 15
74 50
72 56
89 38
97 111
71 52
105 111
117 47
48 118
126 46
15 107
57 49
103 117
43 68
112 75
84 60
81 87
96 67
85 25
59 85
77 58
107 90
64 69
98 21
38 8
55 123
110 40
47 42
85 93
111 114
109 97
108 94
95 49
32 38
80 101
97 39
7 1
31 68
45 125
107 65
33 53
37 86
6 89
61 60
27 109
80 74
105 94
117 7
81 78
11 103
92 76
70 5
24 81
31 1
63 27
68 119
110 93
66 40
9 67
67 99
20 118
119 62
44 68
55 99
32 109
91 103
42 47
47 66
61 53
117 120
40 45
2 101
67 87
6 52
16 58
76 4
16 76
36 102
92 83
21 58
17 112
6 118
121 53
20 46
41 24
104 124
44 83
65 36
54 26
49 40
43 92
64 87
1 128
74 96
53 109
11 94
45 22
23 43
110 126
80 63
15 16
33 57
26 59
88 25
59 63
86 9
111 39
107 33
119 79
41 112
109 120
29 52
92 9
47 120
117 65
32 95
88 48
117 36
30 16
37 61
13 76
88 115
101 108
124 58
50 16
88 118
90 8
75 63
113 58
9 108
65 69
95 122
101 6
124 19
23 34
86 59
112 67
50 63
106 33
48 72
11 4
90 114
81 88
34 69
34 89
92 29
93 87
49 23
92 58
88 126
128 36
88 58
47 74
119 57
11 113
70 30
37 27
57 59
77 107
8 34
18 45
90 17
97 47
1 123
88 82
117 80
39 20
92 116
114 15
14 98
2 126
62 83
110 102
10 83
117 26
56 50
38 116
109 22
70 42
39 19
102 13
27 58
77 5
104 111
48 52
59 46
30 97
44 95
63 57
60 2
111 63
84 81
29 107
124 106
108 58
93 34
83 100
2 24
35 51
4 50
120 91
73 74
112 2
32 118
75 126
27 14
98 105
58 38
35 119
108 27
10 19
81 15
108 69
103 67
52 99
3 101
54 29
64 75
119 107
94 66
31 76
103 105
98 48
110 13
66 5
63 16
98 68
113 103
24 6
53 37
52 111
36 67
35 47
54 18
39 72
84 78
2 6
66 37
18 73
11 97
97 54
50 67
31 93
68 10
113 116
13 63
108 57
129 69
46 54
65 111
11 35
46 116
63 102
80 122
54 2
15 96
65 124
65 46
7 59
127 98
105 75
119 3
93 77
41 126
28 110
20 7
38 84
13 93
18 50
97 16
41 4
33 121
25 112
71 75
44 111
36 4
16 67
108 129
54 92
22 101
38 44
103 104
4 75
93 99
98 13
31 15
15 52
30 110
62 24
61 70
89 41
31 84
18 10
29 80
102 35
103 52
44 61
111 70
44 114
120 63
128 109
122 103
117 77
53 44
45 36
49 104
1 38
33 115
115 19
79 12
9 116
59 41
45 47
72 32
62 41
38 113
113 1
59 5
52 92
30 52
104 74
108 99
19 21
59 118
77 36
37 70
15 81
125 100
31 8
55 22
43 116
55 30
78 90
101 36
75 60
30 17
119 114
45 24
89 96
83 4
15 33
15 128
82 116
56 91
125 116
100 90
67 18
74 98
95 77
43 123
109 8
63 69
5 43
6 7
30 109
67 65
54 115
110 101
40 109
32 6
53 96
104 57
46 67
102 6
30 81
24 102
98 6
12 74
92 68
19 26
30 25
69 101
80 12
77 69
56 113
57 112
74 70
80 49
125 9
85 79
115 93
5 92
25 128
30 47
108 52
36 68
60 80
64 119
102 103
7 36
36 21
97 118
84 13
36 77
80 53
9 24
36 66
45 127
63 62
25 47
98 45
7 58
56 13
66 101
41 48
94 14
53 12
51 5
33 83
44 125
92 90
40 62
79 14
127 66
75 43
38 98
112 56
68 95
87 102
113 29
122 19
5 55
44 94
56 17
65 49
63 6
84 83
44 110
15 3
53 117
125 81
39 122
96 57
104 30
79 95
58 57
22 66
56 61
108 68
60 64
109 43
100 58
21 108
56 27
77 83
75 41
95 41
49 82
65 39
49 52
41 102
89 13
95 118
74 44
94 45
82 25
121 37
38 91
85 44
60 119
7 105
12 100
91 117
33 123
50 93
73 57
51 98
111 57
2 119
22 29
62 126
41 55
107 30
129 49
65 9
107 10
81 35
125 80
32 117
121 109
80 56
5 108
50 47
127 43
102 28
37 1
36 9
109 17
80 5
46 57
97 43
103 75
124 8
4 35
63 59
34 33
88 16
23 119
65 4
87 129
71 77
43 102
47 27
124 49
101 64
84 128
23 33
90 118
109 62
88 79
78 12
87 127
13 51
74 46
32 107
17 9
20 36
76 38
5 12
46 59
73 111
85 75
86 6
104 62
31 102
121 45
119 108
120 78
20 42
24 42
51 70
107 63
70 19
48 84
27 65
106 73
62 114
37 106
75 107
31 123
78 87
127 97
118 38
26 6
124 4
39 117
85 59
33 118
27 2
105 87
15 98
70 15
2 75
75 65
21 98
12 106
54 127
48 79
90 100
15 82
28 92
31 40
106 97
30 120
78 33
97 119
63 37
104 58
15 63
8 127
105 7
35 82
125 102
20 76
27 84
64 28
55 84
49 126
120 126
79 111
46 16
88 13
13 74
3 125
107 34
15 27
31 92
11 23
121 64
57 30
116 55
86 8
43 63
68 87
21 112
34 54
80 78
105 37
106 83
57 36
37 108
106 80
79 34
93 8
84 14
13 87
129 97
50 113
25 30
93 105
82 14
103 125
61 83
19 46
43 94
8 30
5 111
122 39
83 89
25 31
113 127
74 31
82 21
7 124
48 121
67 114
15 7
67 6
13 90
49 86
114 66
114 113
121 5
52 107
125 104
81 9
3 27
126 81
12 16
29 65
105 48
94 39
81 97
22 74
19 50
128 122
106 8
13 10
29 24
13 77
42 117
6 96
88 19
66 119
115 80
98 34
122 55
81 1
34 112
51 69
46 33
67 81
101 96
9 83
43 129
120 29
44 45
63 22
86 71
82 15
107 19
85 2
78 67
35 46
108 5
95 1
72 58
83 28
116 37
10 44
13 85
124 87
102 98
119 103
54 81
125 62
105 109
71 13
49 6
42 18
123 66
94 57
50 81
40 103
45 17
35 34
119 52
110 14
75 24
108 51
98 9
83 31
12 9
47 79
81 55
40 35
113 51
121 41
31 24
59 45
11 76
129 100
35 127
65 121
20 112
45 75
13 29
59 40
3 114
88 75
82 47
94 56
87 1
31 71
26 17
25 57
35 22
77 61
126 56
98 59
18 61
32 73
57 52
94 101
59 78
120 28
24 115
92 115
3 119
71 119
35 43
18 30
44 38
118 50
72 92
107 62
64 38
22 57
24 57
111 88
52 54
57 26
67 108
100 82
44 128
70 90
89 93
6 119
102 40
87 57
107 14
10 109
27 108
110 38
23 9
110 65
92 62
103 37
62 56
110 79
120 109
4 99
94 23
81 14
4 34
109 31
45 46
22 110
67 101
94 6
60 30
9 21
99 101
40 73
82 125
129 106
75 115
128 76
15 79
40 75
92 6
40 26
49 37
95 85
112 118
78 128
76 35
87 36
127 14
9 80
39 78
26 89
118 23
7 78
78 54
89 113
124 7
93 59
58 80
75 45
97 8
44 82
24 121
88 91
5 114
120 27
76 6
116 83
22 17
106 2
85 91
98 55
12 1
23 82
73 28
21 85
100 17
110 9
21 43
66 100
11 27
117 60
38 111
128 12
34 38
129 16
87 17
80 40
20 61
11 110
1 29
62 33
49 81
40 100
113 46
105 22
87 10
115 110
100 12
1 22
53 79
44 28
126 11
123 90
17 18
29 46
25 16
32 15
103 3
33 71
55 39
115 1
103 80
51 32
67 97
48 105
111 17
60 48
23 88
28 94
43 10
66 47
71 81
68 62
85 3
44 1
17 22
67 107
7 74
107 89
17 29
93 126
1 31
52 81
17 67
113 59
25 51
45 29
6 44
56 114
22 72
83 44
129 80
125 95
64 90
118 113
118 19
38 48
25 77
12 125
73 92
42 6
123 115
61 76
32 97
54 108
13 52
67 8
7 75
22 49
8 96
59 84
94 17
73 77
30 42
43 5
115 14
78 35
100 102
101 2
11 21
19 54
29 57
38 56
47 117
4 114
63 58
42 73
96 105
86 103
55 82
45 32
10 20
85 20
71 35
56 120
104 121
78 42
121 32
109 76
118 115
85 95
95 128
79 89
25 3
108 64
37 73
1 92
88 54
114 109
41 118
35 72
59 93
21 87
86 68
62 66
88 33
40 58
90 86
25 45
74 4
88 64
27 43
114 45
69 42
98 1
42 66
26 50
67 122
42 10
16 102
71 26
39 44
85 8
92 12
97 63
70 87
12 11
74 9
117 28
98 119
25 72
75 102
129 90
40 60
86 18
104 47
13 54
56 88
105 12
57 14
96 97
53 98
59 49
8 36
37 4
70 122
36 74
79 80
19 36
123 48
11 116
67 103
49 70
76 57
124 41
36 64
18 99
61 90
4 43
88 60
25 86
47 46
11 29
20 37
66 73
116 66
120 110
31 109
61 66
56 122
11 30
122 17
30 129
58 43
25 46
91 45
98 74
107 113
39 121
118 9
44 78
40 117
128 21
21 127
118 30
32 8
111 105
65 127
33 106
66 23
48 59
119 67
10 85
98 102
81 104
4 22
80 82
23 78
87 27
6 97
42 89
56 108
65 74
17 121
123 11
99 108
114 112
68 4
59 30
15 21
25 91
7 123
32 108
76 122
51 23
47 11
22 124
86 65
36 26
74 73
33 27
55 34
14 117
126 19
108 128
86 97
114 90
114 21
81 49
43 49
100 64
116 33
117 34
95 80
124 110
3 64
105 38
57 48
66 35
11 107
36 34
70 6
40 65
105 18
94 55
18 105
31 53
39 47
50 37
4 30
50 118
95 107
103 55
44 120
121 22
30 40
15 57
84 4
4 101
34 39
82 121
11 126
57 55
15 114
12 15
77 4
95 71
62 89
124 77
21 52
100 11
113 118
89 77
13 78
66 50
38 52
18 74
108 40
55 60
117 124
83 1
24 101
17 75
113 21
104 33
29 102
51 11
64 82
117 119
65 101
11 2
23 99
75 14
92 21
66 34
70 129
78 126
18 44
55 77
80 104
24 105
97 110
109 6
104 123
84 90
67 37
95 84
76 118
113 106
128 48
58 78
15 22
48 129
84 35
108 66
108 77
44 77
42 34
73 41
43 50
103 31
99 47
9 3
91 46
93 106
15 60
36 37
96 9
26 45
78 70
79 37
67 86
41 33
89 44
68 101
73 62
92 42
128 102
59 25
107 116
55 127
69 12
122 114
36 95
38 10
123 25
5 125
108 28
91 15
42 103
90 78
86 10
61 108
117 57
120 73
94 8
44 12
71 59
97 79
30 103
119 110
48 127
55 27
113 110
72 14
65 117
104 17
112 84
56 95
114 126
56 2
72 104
35 28
66 95
102 122
126 69
72 22
121 72
117 38
71 51
104 29
9 29
25 78
121 89
117 106
60 113
95 15
73 54
84 18
128 113
98 86
25 81
129 128
91 54
18 42
73 97
99 55
63 92
109 90
42 32
88 36
94 75
109 84
104 89
116 101
57 89
76 59
113 75
67 124
41 18
125 111
117 11
36 104
83 101
28 74
18 90
66 76
119 87
62 51
129 67
23 24
57 78
103 16
26 62
33 67
90 36
45 112
104 94
37 44
85 116
80 88
25 122
10 78
128 58
14 1
65 89
16 29
20 56
3 34
50 91
118 114
67 19
64 49
41 32
96 18
26 46
34 4
84 106
107 127
90 54
39 27
111 85
98 50
48 47
47 7
35 117
92 4
32 93
44 67
55 46
85 78
120 72
64 92
98 122
80 23
96 101
5 102
80 107
51 97
37 122
77 108
126 95
75 46
81 105
23 112
101 122
18 85
115 13
109 20
43 64
55 110
101 44
123 72
44 118
5 124
59 74
34 53
35 61
4 108
25 99
60 84
104 70
87 47
59 72
104 15
103 126
69 86
14 121
95 115
24 93
55 93
84 10
62 128
94 29
11 87
38 126
53 30
114 44
32 1
4 86
30 78
65 84
52 30
58 79
6 63
56 105
66 107
122 128
65 78
103 22
70 60
71 109
41 21
3 8
50 59
87 85
96 6
98 10
107 81
125 58
113 121
110 11
91 32
30 113
47 4
59 95
102 2
68 77
69 4
21 105
112 68
119 4
69 32
75 28
90 111
62 22
14 114
17 55
11 115
19 85
70 117
54 43
128 103
13 18
35 45
108 112
57 35
48 45
120 118
32 47
50 127
32 49
46 31
9 53
110 2
86 22
125 77
7 66
123 121
14 59
85 39
54 119
116 38
115 103
81 90
106 14
18 51
4 104
60 49
81 129
16 95
115 102
127 70
86 31
25 17
112 23
38 89
2 109
9 48
85 82
94 35
81 70
12 45
122 119
61 42
101 104
128 54
13 86
116 107
53 19
109 14
42 83
84 56
84 36
92 39
53 51
45 57
33 21
25 41
124 34
14 54
94 70
3 83
113 30
79 122
19 121
70 128
29 3
15 47
7 127
116 129
9 23
97 60
88 42
95 19
44 48
75 105
34 8
23 111
32 53
58 85
110 66
91 124
85 97
66 74
62 29
97 48
53 65
106 114
69 84
106 79
12 23
101 54
94 48
60 40
73 102
62 76
20 47
117 72
48 87
106 124
80 30
10 70
128 4
128 90
87 15
90 74
69 55
97 17
76 114
128 108
13 105
42 61
77 111
68 93
49 121
119 82
68 107
63 67
89 107
42 113
100 35
112 49
17 19
116 65
68 86
6 126
43 109
125 117
68 64
46 109
23 89
116 61
2 87
1 44
129 51
10 6
103 20
81 91
89 87
60 7
50 90
53 121
30 3
124 127
122 28
12 2
6 17
15 72
34 52
4 32
70 78
83 33
93 90
120 64
15 102
119 51
49 14
86 126
57 56
128 38
35 68
82 19
64 106
27 9
54 44
39 118
100 76
79 59
3 117
35 32
12 123
108 33
33 3
68 46
56 11
35 87
22 2
9 62
13 48
76 25
70 84
100 40
83 66
65 27
16 15
69 46
8 15
92 96
62 107
35 91
50 57
71 129
9 66
97 71
47 105
76 87
42 51
12 111
7 44
111 3
97 84
44 117
122 18
112 83
80 13
22 47
58 121
13 25
116 95
67 38
34 128
83 17
87 81
61 28
56 9
46 124
50 89
99 120
54 36
79 51
128 8
92 75
33 81
86 27
101 60
74 114
7 76
61 48
79 127
48 33
12 129
14 33
31 117
115 81
125 36
1 73
16 36
56 117
75 120
93 82
111 4
46 105
21 61
22 19
78 118
120 116
51 29
127 20
119 11
69 89
104 56
120 77
110 20
101 127
61 34
44 27
2 35
28 76
126 93
51 15
93 111
17 39
21 42
38 108
12 71
31 100
44 31
48 96
69 65
119 64
42 80
49 59
121 6
17 65
9 84
110 25
106 117
14 95
105 97
10 102
129 107
119 121
9 1
116 100
129 55
15 17
8 121
4 72
38 95
113 16
7 16
114 63
119 127
25 89
21 84
73 50
1 59
76 66
17 117
124 65
6 51
39 60
100 110
31 82
36 38
21 113
103 71
34 125
73 14
39 109
25 56
29 55
109 112
112 18
72 80
17 6
63 79
26 4
122 2
28 86
1 18
93 65
63 55
24 44
11 125
47 112
93 67
55 117
46 110
51 124
90 69
100 15
124 11
19 74
97 25
103 2
13 37
111 12
119 89
27 24
36 33
27 63
28 2
86 75
83 73
49 20
17 15
38 11
125 29
36 122
109 7
91 87
124 62
61 121
68 18
103 49
68 5
13 16
96 83
71 28
46 28
39 73
3 53
10 30
42 30
41 122
6 24
100 114
76 5
31 97
59 127
59 105
121 30
39 37
1 24
128 66
11 54
32 31
106 108
106 75
27 12
112 41
68 42
79 2
15 41
3 32
68 1
111 5
80 97
78 122
8 77
48 20
106 5
34 78
4 7
75 23
28 109
70 101
44 41
118 117
4 39
112 11
63 98
59 73
95 46
35 110
79 21
19 100
92 2
60 22
95 65
35 66
43 96
12 61
43 111
50 14
112 7
77 2
31 64
31 98
26 106
1 105
50 48
106 120
30 77
107 118
71 2
124 126
108 47
77 62
36 125
34 122
29 114
66 52
121 58
64 117
53 127
15 44
109 65
120 52
38 123
26 23
61 30
127 16
68 125
66 21
113 97
38 90
121 16
77 23
31 103
21 89
36 62
32 88
50 106
33 120
42 95
79 88
45 4
97 59
82 72
100 6
62 81
91 44
4 66
102 129
56 119
17 28
26 85
113 40
84 124
30 23
43 90
70 82
4 23
34 61
110 5
125 71
6 74
59 68
86 5
82 22
2 15
94 116
69 100
129 27
34 66
35 52
69 114
57 74
7 13
123 19
83 122
19 87
124 18
118 94
40 87
81 26
118 80
26 18
90 53
53 102
90 57
28 5
79 30
20 115
92 111
49 112
117 128
64 114
19 124
23 13
18 28
115 40
81 127
18 71
59 38
77 70
96 112
78 102
45 65
119 44
18 55
123 31
19 82
49 34
116 11
117 25
7 62
11 50
10 96
10 9
56 69
72 66
97 86
108 88
63 1
31 72
110 55
112 66
87 111
21 67
48 78
114 83
69 37
105 41
86 79
73 127
123 116
116 114
111 37
72 52
110 8
127 58
8 6
127 60
35 44
128 67
84 86
71 125
45 92
5 71
111 107
48 112
100 98
11 109
102 11
18 27
57 101
100 70
100 61
98 81
12 83
93 68
43 113
45 72
81 77
42 62
117 67
63 31
77 113
9 121
109 99
54 68
36 80
98 53
5 51
35 104
44 34
128 50
97 29
55 58
80 75
55 89
14 115
125 41
88 39
19 42
98 30
115 38
114 68
42 85
28 1
85 108
25 5
20 106
90 119
65 7
99 92
50 6
1 95
100 59
77 43
121 12
2 110
70 108
104 125
102 7
122 78
68 40
19 123
22 59
95 18
48 40
81 27
125 129
79 74
65 94
26 69
26 27
78 50
85 5
42 65
121 119
84 23
93 43
123 68
127 53
119 37
101 65
92 94
35 95
128 73
10 41
116 87
39 128
87 112
58 1
61 85
10 101
116 77
2 3
51 82
63 95
88 106
42 96
46 76
16 1
19 52
104 59
20 103
2 60
96 109
46 26
84 39
103 61
29 63
1 113
57 94
63 87
74 11
85 102
64 4
59 113
18 24
17 53
47 2
101 126
89 59
84 105
61 20
56 33
57 11
116 22
29 61
16 83
87 2
54 47
68 117
19 67
122 58
87 106
6 120
17 54
124 69
85 35
29 26
95 59
53 70
92 38
80 111
4 84
62 37
68 59
67 72
118 85
33 65
126 3
30 46
1 40
64 94
5 48
118 100
125 5
81 96
101 107
20 55
33 11
40 72
82 9
33 43
78 101
38 20
11 20
101 19
27 97
36 101
38 93
117 19
111 72
91 118
82 18
23 79
26 68
13 28
129 121
110 123
62 7
11 119
38 122
80 120
77 39
28 19
70 57
30 43
52 50
41 95
61 32
65 88
100 7
34 83
50 32
33 38
52 129
18 79
71 37
43 61
98 114
26 104
117 55
91 68
1 5
13 56
26 24
89 37
47 57
125 87
117 73
109 70
10 16
81 39
1 9
123 71
32 126
127 85
103 47
93 32
102 55
17 98
31 9
15 64
99 87
54 112
104 46
49 64
128 1
18 4
17 77
70 16
99 27
68 96
80 29
50 77
85 41
83 117
43 6
12 120
74 89
25 105
65 53
18 93
61 124
8 115
2 23
54 40
28 44
123 18
20 58
21 45
79 9
129 110
68 34
1 80
47 111
25 103
32 46
22 90
37 28
56 111
67 84
93 41
4 68
26 110
40 67
66 27
16 5
68 78
102 128
3 36
120 125
19 118
54 17
87 22
94 60
11 127
58 68
77 100
85 109
89 101
89 10
36 49
122 32
1 8
52 20
67 57
100 41
61 4
114 61
45 35
113 53
119 26
99 32
59 47
55 37
120 103
11 37
9 72
16 44
65 110
93 18
37 123
36 97
100 25
97 11
18 67
105 95
8 12
51 94
71 68
122 40
82 42
88 26
74 81
70 17
112 65
30 101
87 72
53 90
59 9
18 76
11 122
97 105
24 31
119 22
46 112
58 111
43 110
36 129
3 94
62 102
100 101
51 92
100 86
94 114
68 84
48 12
30 74
125 126
74 51
82 112
37 105
123 9
111 94
5 110
128 82
123 7
111 32
14 97
6 57
41 70
43 93
80 118
15 106
75 125
19 2
40 104
111 101
74 93
129 122
42 129
23 96
49 45
100 120
27 61
110 109
76 49
34 62
32 22
116 21
88 6
125 3
92 33
4 124
11 38
50 11
116 121
83 85
129 91
99 71
38 57
19 14
6 123
93 6
119 42
108 61
127 63
129 37
27 37
85 62
53 61
82 64
58 92
99 117
122 104
61 127
11 88
107 52
71 116
91 64
30 98
13 7
13 38
52 89
50 79
32 4
74 101
17 27
20 96
110 57
73 23
126 18
61 2
124 37
113 98
24 128
110 117
98 17
87 44
121 29
93 24
27 23
45 108
23 86
11 74
85 92
112 77
26 19
58 93
1 119
124 115
69 36
16 9
47 107
50 86
27 92
37 47
10 24
90 20
49 118
31 122
6 69
3 68
118 72
86 82
96 104
110 129
5 98
51 106
120 82
105 9
118 27
47 78
103 93
76 16
22 10
59 75
66 88
116 3
66 38
37 117
77 85
87 28
2 66
18 87
128 119
127 44
14 51
61 3
84 70
22 43
58 22
18 31
121 98
22 5
4 56
21 82
42 26
24 4
5 117
59 2
39 32
22 108
26 75
22 84
70 41
47 82
38 61
1 70
60 9
56 45
50 4
24 71
104 2
42 50
40 64
82 34
76 31
32 24
65 29
78 103
45 12
18 116
78 46
13 19
21 49
92 20
74 112
115 9
49 8
80 1
101 97
34 23
95 58
1 48
77 87
108 11
74 40
30 27
109 88
5 122
11 71
53 20
48 120
27 120
56 5
50 68
75 34
50 96
121 92
96 68
55 47
83 108
82 38
73 16
61 93
53 119
109 126
34 21
19 86
96 125
108 83
48 124
10 3
124 32
112 111
69 38
11 9
5 100
19 29
120 79
1 118
126 54
73 22
3 87
120 93
116 125
88 122
102 76
12 112
99 3
55 119
20 40
49 105
75 21
58 126
28 59
103 83
32 68
24 33
16 71
84 32
56 58
40 43
103 45
113 80
25 125
84 33
102 12
120 8
42 114
91 35
87 39
1 76
26 80
107 28
23 42
92 86
64 78
39 123
19 115
90 39
37 55
68 19
63 106
59 56
5 86
34 12
40 13
119 124
58 28
32 25
83 40
110 28
42 43
69 18
2 30
24 97
108 8
90 81
125 105
66 65
76 92
9 59
66 49
42 48
76 113
40 16
60 69
55 49
5 105
123 44
121 48
33 85
57 118
66 61
49 129
75 22
56 115
71 99
70 44
20 59
21 28
101 57
89 104
51 88
47 28
127 1
91 69
57 32
71 21
119 116
56 18
124 44
49 42
79 115
41 121
111 45
118 104
5 56
118 64
25 64
106 18
125 113
104 61
89 102
73 67
6 25
35 7
44 75
37 19
62 10
34 117
92 110
113 64
96 121
42 112
100 129
98 32
19 105
27 22
5 47
37 22
97 37
22 76
17 91
123 16
99 63
108 4
6 18
96 118
92 28
18 107
26 108
19 5
116 5
58 47
64 55
29 67
126 68
30 88
44 66
32 91
40 107
45 15
7 65
56 90
98 108
102 60
12 6
67 83
42 29
41 52
97 70
2 64
8 110
70 97
63 126
61 89
85 128
52 18
46 55
86 35
12 72
24 64
43 33
115 47
38 115
48 41
106 123
39 86
32 78
90 21
56 19
42 12
40 66
58 96
93 62
54 124
52 115
26 99
39 4
22 80
129 89
94 108
5 31
24 68
40 2
14 67
22 26
121 100
84 97
120 92
64 116
44 105
69 1
55 59
124 93
96 87
103 50
38 83
51 49
39 68
103 107
2 76
8 7
20 14
74 49
8 111
25 26
4 122
101 10
92 31
70 73
95 32
119 24
34 48
28 65
93 11
85 126
116 57
41 85
59 13
80 24
52 42
46 88
111 104
92 122
38 53
41 113
34 29
93 72
75 78
75 19
56 7
127 101
95 120
58 50
80 48
26 91
111 47
46 49
34 71
98 58
68 94
48 69
2 117
59 71
117 51
35 12
19 83
27 90
61 43
79 117
67 62
119 46
95 119
88 84
111 27
95 73
62 20
84 37
32 40
13 109
68 56
76 127
84 54
49 99
92 53
70 2
53 42
27 129
127 77
90 59
64 109
112 35
53 5
123 32
38 17
116 15
4 129
82 57
26 115
52 51
107 95
31 49
99 19
110 114
64 50
58 86
89 51
38 50
123 100
2 10
58 87
71 95
72 96
79 19
59 19
120 61
100 32
31 39
33 68
66 43
109 46
98 109
58 2
68 7
65 122
80 39
128 30
117 8
10 57
41 88
116 67
11 128
45 42
66 55
50 33
104 88
24 9
37 17
115 66
10 92
69 77
49 19
121 77
76 124
38 29
101 116
14 113
77 34
40 116
76 121
60 121
75 101
49 44
41 114
25 75
116 91
43 58
67 74
70 50
2 73
118 82
77 65
21 51
49 108
63 10
69 81
31 65
36 15
12 110
123 104
107 6
50 23
119 20
42 68
79 96
66 2
126 45
95 74
57 3
96 37
14 20
35 74
36 3
71 97
37 129
47 89
112 120
116 69
85 46
51 73
72 4
19 69
40 101
117 17
97 102
44 102
119 100
25 18
98 87
53 25
55 8
76 56
99 124
25 29
89 31
74 66
87 52
107 114
96 8
79 20
40 111
98 110
71 41
8 81
33 20
86 29
111 6
104 101
88 4
56 22
94 34
124 67
72 69
94 12
7 126
101 92
40 86
5 30
30 1
70 103
102 47
27 50
111 87
104 72
75 121
111 30
83 88
122 72
119 71
58 42
101 94
83 38
89 21
51 68
19 22
22 119
85 69
98 115
87 23
127 24
117 107
32 62
36 106
120 19
46 40
14 29
25 50
73 107
76 62
79 24
59 37
47 94
62 82
99 23
18 66
96 71
44 39
124 60
13 42
4 57
79 29
112 16
28 63
93 113
105 51
51 17
37 121
118 126
8 9
102 37
20 92
60 127
86 53
60 110
23 71
23 25
99 103
45 81
62 99
20 15
57 128
10 74
64 35
11 117
115 28
110 46
97 123
38 32
2 118
43 45
79 70
8 106
48 92
124 40
96 32
8 98
120 96
107 112
103 4
105 66
29 83
59 17
22 31
21 99
72 82
10 124
45 90
73 51
72 119
59 23
54 62
12 52
43 71
123 22
106 65
100 65
7 53
60 107
57 87
129 52
115 104
92 64
105 93
94 74
57 71
10 90
100 42
8 99
75 49
71 108
77 123
101 89
117 111
69 70
43 56
45 124
10 100
105 44
6 46
126 31
13 88
37 2
124 24
2 59
43 100
104 107
34 19
117 116
58 61
101 26
23 93
58 45
43 121
72 36
61 25
104 5
35 40
65 91
111 112
107 124
89 120
109 92
45 44
91 115
108 18
18 5
61 117
37 6
45 97
78 83
57 121
32 34
60 44
58 48
47 5
90 61
20 81
50 26
25 36
15 14
118 26
6 66
119 123
19 104
106 20
43 97
79 126
43 48
89 105
71 1
66 94
107 70
121 3
111 33
128 28
112 22
9 54
57 24
109 95
110 27
118 95
76 30
104 92
128 44
33 78
47 97
39 24
6 87
101 13
117 45
92 78
29 100
7 122
66 22
127 106
74 76
44 16
126 128
41 12
26 9
72 67
104 75
3 35
58 127
34 7
53 35
40 37
41 16
27 46
126 122
37 81
47 81
66 6
116 73
68 66
27 76
69 111
102 48
24 69
99 13
9 93
70 79
66 17
11 65
22 104
41 87
68 12
84 110
21 62
5 88
90 68
110 6
118 61
77 37
129 82
97 129
20 17
85 54
74 91
9 46
81 72
89 126
16 27
82 4
95 22
58 115
17 10
41 60
39 84
27 49
101 74
59 123
67 34
45 86
60 24
56 14
102 5
38 42
102 117
101 40
41 28
79 46
37 24
20 122
44 33
127 34
4 36
92 120
75 91
23 103
65 31
46 12
107 7
123 21
101 79
78 7
126 86
48 6
82 99
127 121
71 16
37 25
85 66
106 61
39 79
84 38
67 23
65 19
59 57
19 79
53 33
39 90
1 15
88 7
14 48
44 15
46 78
129 88
125 83
73 63
54 56
68 69
51 27
127 28
19 89
127 128
107 86
82 2
99 125
40 95
126 67
119 94
70 28
66 46
7 96
47 77
19 23
57 40
101 56
118 36
87 68
118 110
55 67
47 127
78 9
2 32
51 114
26 121
27 67
38 12
73 6
48 104
63 104
17 78
84 116
6 43
77 35
95 121
89 67
129 44
7 42
108 29
70 4
80 31
37 89
92 66
111 38
31 119
129 39
7 3
56 55
75 116
32 10
55 26
77 99
126 125
45 63
99 106
96 122
66 106
98 82
70 77
106 105
43 95
74 53
65 98
102 62
23 63
82 78
72 123
28 53
4 14
29 42
113 82
113 117
40 108
98 73
107 9
29 128
66 128
58 33
15 66
89 78
37 118
13 123
122 6
61 57
66 71
34 68
98 49
85 87
106 60
45 110
72 83
120 11
65 125
16 108
127 73
127 111
125 45
4 24
64 128
114 29
122 42
56 83
42 104
66 113
89 9
18 113
11 44
66 9
113 92
74 122
26 123
49 7
50 104
19 51
99 85
80 69
63 14
88 3
44 124
52 11
125 74
111 89
25 22
90 28
15 89
15 67
84 98
120 2
48 76
77 84
51 20
73 33
41 123
19 72
83 18
10 81
48 90
1 98
33 19
119 23
118 40
18 98
3 118
67 36
81 119
105 49
13 46
96 120
98 79
19 129
119 112
89 39
16 10
47 29
5 128
128 74
15 121
102 88
107 57
71 55
102 109
19 20
107 66
87 128
22 97
121 15
95 26
113 27
18 121
10 32
121 46
103 5
115 77
126 117
82 46
86 77
80 2
95 105
70 9
106 86
44 84
66 116
78 23
30 32
6 88
48 91
74 67
112 116
94 43
26 96
59 104
129 18
67 92
3 93
107 4
124 33
124 72
105 1
42 123
76 68
121 51
47 50
68 83
17 51
72 47
31 2
116 109
50 44
90 29
23 35
115 107
117 99
92 63
90 1
71 27
92 43
117 6
101 93
20 68
123 55
33 39
92 105
74 72
38 4
91 4
94 112
103 102
125 32
109 1
41 92
47 8
90 44
60 112
41 62
72 8
127 117
50 73
80 83
129 45
77 90
10 46
45 21
7 114
23 90
31 125
6 49
56 78
115 37
21 16
5 64
8 109
33 87
39 101
75 93
120 99
6 27
31 115
128 18
123 28
101 55
121 78
84 114
89 129
124 99
104 90
29 10
73 109
68 28
21 13
38 117
96 85
31 124
35 63
123 4
48 22
25 44
116 52
79 113
67 93
44 98
62 38
40 120
65 83
23 40
79 54
31 74
98 121
118 10
64 56
122 60
7 61
83 95
93 117
126 107
84 82
107 120
14 56
58 98
10 49
114 40
103 114
86 95
93 66
33 2
62 58
27 3
35 2
18 26
70 126
15 61
115 30
7 112
18 118
103 70
121 24
92 70
17 102
89 108
46 127
121 74
123 59
21 74
107 13
62 63
77 112
12 82
47 48
1 107
72 33
59 60
23 19
71 128
115 128
58 117
121 113
11 25
70 29
35 77
80 37
81 118
88 105
7 85
13 62
118 73
115 125
90 65
2 112
126 91
47 116
53 112
129 4
20 75
117 13
46 24
7 73
68 103
59 64
86 119
15 45
88 96
113 3
63 51
86 17
29 12
11 55
40 92
45 103
23 67
129 74
114 111
102 85
83 53
116 93
67 51
129 59
129 30
74 123
72 128
82 124
124 22
67 10
93 123
78 20
109 83
110 70
129 41
10 129
77 40
107 37
88 44
36 18
13 27
52 24
14 122
22 45
49 94
51 120
14 42
69 31
70 86
71 87
51 95
108 121
80 52
44 3
101 50
96 102
79 121
123 63
46 62
61 118
112 31
43 70
101 15
57 100
117 24
22 128
77 122
50 21
71 24
46 100
51 24
35 33
103 41
14 129
60 33
102 75
129 112
86 73
46 122
55 38
111 82
65 18
43 114
13 96
105 92
5 50
128 99
14 86
91 65
122 53
117 59
89 110
110 39
16 124
80 92
11 16
5 93
48 5
108 15
30 48
17 41
104 77
1 90
116 47
4 15
1 65
61 129
77 93
79 10
47 53
110 83
13 35
11 123
8 104
122 48
57 77
34 14
45 34
23 104
119 85
72 98
99 114
10 42
29 35
55 81
49 15
116 79
125 34
27 110
127 120
47 3
18 29
76 120
82 76
47 96
12 25
79 57
88 69
94 20
32 5
112 95
88 63
114 79
37 99
83 13
57 8
121 35
117 85
38 9
62 121
8 89
51 10
30 87
116 99
27 7
126 22
20 27
82 106
128 24
7 2
76 101
117 89
67 71
121 87
104 43
81 79
47 109
30 19
54 24
89 45
36 82
94 51
61 105
94 100
122 127
39 36
44 103
105 112
112 26
61 52
106 78
40 10
63 89
94 53
62 35
92 47
58 123
28 60
29 43
67 68
4 82
126 119
124 61
15 112
44 43
17 110
125 43
85 57
34 113
82 29
120 35
81 113
12 124
80 15
82 81
40 9
61 49
69 107
66 12
57 122
124 105
14 107
6 92
6 28
114 36
3 113
21 32
120 85
16 34
114 82
57 20
35 122
125 11
49 12
28 127
29 11
57 61
38 26
119 21
27 117
26 107
32 57
79 5
19 73
23 105
41 90
25 121
35 105
114 89
109 13
122 41
128 88
28 105
42 52
9 77
14 96
13 79
89 90
71 3
52 61
94 80
124 98
73 118
93 121
74 115
62 100
28 3
69 82
17 85
79 1
121 33
54 52
64 44
64 57
15 23
48 108
6 79
44 70
48 95
14 40
24 82
51 53
18 115
98 107
99 58
17 59
10 5
10 113
99 1
125 86
22 56
76 26
111 26
30 39
109 9
88 86
64 102
62 49
27 6
75 84
78 17
119 59
117 21
52 98
115 34
11 14
126 121
5 27
31 129
24 84
80 58
127 50
49 38
8 35
26 86
58 35
16 7
1 35
9 10
127 87
61 59
62 94
89 112
128 15
24 53
102 114
51 118
34 94
86 106
21 24
80 89
28 55
65 43
80 54
116 13
97 2
45 8
122 16
118 101
56 81
28 52
49 91
87 109
2 74
108 70
39 69
37 82
54 114
107 41
37 80
58 24
73 42
13 108
92 73
62 11
41 109
89 48
129 15
90 50
108 63
110 105
109 107
123 2
125 2
119 93
129 56
85 47
52 10
123 124
1 103
1 23
19 6
21 29
89 11
112 93
87 12
33 104
112 74
101 34
123 13
1 56
96 12
10 120
59 26
65 15
8 95
13 20
72 62
