158 9760
124 91
15 106
13 55
156 101
106 129
140 69
36 23
149 52
103 109
108 154
101 29
36 30
104 72
84 140
79 69
70 17
139 27
52 84
54 77
120 128
47 21
124 33
58 20
32 85
17 142
87 10
70 144
119 49
100 20
135 115
28 117
147 92
145 74
131 79
98 102
20 103
132 46
49 70
40 32
108 8
125 81
104 61
141 49
153 50
101 56
91 17
143 7
100 107
92 125
58 89
16 43
75 70
112 44
21 125
105 12
48 90
137 122
78 156
30 48
92 115
120 126
103 100
41 93
107 70
50 78
152 20
138 16
151 38
120 40
108 144
15 100
39 133
83 103
41 69
13 41
150 7
97 128
131 111
77 119
14 152
15 105
141 110
40 133
15 40
86 151
88 153
138 121
110 131
46 100
54 112
138 1
4 91
86 137
68 125
63 4
48 66
13 29
77 113
55 117
142 128
66 68
127 17
25 2
6 117
133 94
139 144
138 18
129 57
141 42
11 127
39 9
46 154
5 47
58 41
46 23
75 42
9 155
131 1
47 105
34 155
40 10
158 78
4 15
116 55
33 35
100 69
41 98
74 25
129 23
110 39
133 17
57 67
88 84
79 19
114 110
83 68
137 22
52 142
128 129
39 18
5 108
55 43
66 107
143 48
76 19
15 127
35 27
79 27
32 27
66 75
99 51
27 137
90 125
56 53
28 23
81 128
12 145
109 37
44 154
33 4
144 98
25 4
32 135
54 145
86 92
62 129
36 34
65 90
86 7
49 114
35 126
130 59
124 6
158 80
53 84
22 57
75 45
7 153
22 124
122 129
39 112
89 3
151 33
123 97
154 52
10 25
89 36
16 5
106 157
82 91
126 69
109 32
25 88
51 14
99 73
126 137
158 59
111 29
107 97
67 58
3 109
43 34
61 3
87 82
4 74
54 91
74 41
140 45
158 58
74 105
100 33
8 9
16 14
88 29
108 114
156 49
93 140
83 25
73 24
97 108
38 120
73 77
154 113
137 90
158 119
125 45
50 80
115 80
67 68
117 19
13 91
31 96
118 152
83 115
132 93
49 109
136 54
59 63
144 25
83 148
75 157
33 144
105 125
61 148
55 81
136 7
64 47
153 8
24 158
96 12
112 14
42 95
148 58
80 106
28 57
92 56
24 133
107 56
83 94
47 26
12 137
29 80
99 134
56 150
78 130
73 98
86 150
152 155
113 123
84 10
107 129
104 21
151 24
103 11
59 148
16 35
132 10
71 149
139 56
68 85
83 69
108 75
100 115
135 66
118 122
129 121
94 34
120 23
113 79
21 48
76 127
76 35
144 80
59 106
147 61
56 43
132 5
6 63
78 91
47 59
43 112
30 157
121 5
55 118
95 57
42 103
5 15
107 36
1 52
149 157
29 8
83 78
83 4
60 28
157 17
149 84
59 100
145 158
58 136
80 51
133 95
43 157
41 104
70 35
41 24
59 17
132 65
18 82
45 144
88 7
21 79
51 35
35 72
94 39
84 54
147 64
42 155
55 2
78 113
118 135
26 101
14 95
96 55
7 21
128 20
55 140
78 116
11 71
94 120
9 137
122 62
32 2
41 77
111 16
23 27
85 65
57 100
116 25
155 147
154 40
98 60
63 132
74 88
123 3
33 47
139 108
101 69
20 154
111 116
57 6
68 151
38 42
15 150
103 151
27 72
100 64
145 110
143 69
13 69
94 133
103 47
28 124
141 104
45 115
69 114
126 15
67 24
26 127
83 15
25 5
24 153
98 157
41 42
16 27
79 39
154 145
80 116
97 94
5 132
106 42
78 154
30 115
5 115
105 121
49 113
95 36
57 32
21 9
26 105
101 74
28 120
55 76
97 60
49 131
73 137
116 74
150 77
10 145
89 150
101 106
21 98
156 117
128 5
13 132
152 47
140 62
105 80
40 109
154 131
84 90
28 51
115 26
39 140
91 115
69 143
155 97
139 53
33 24
102 118
110 143
100 80
82 44
44 65
25 38
140 46
128 29
142 8
3 22
76 71
5 77
81 23
104 82
142 14
2 93
126 14
121 7
32 70
28 135
76 21
108 13
9 22
139 132
35 131
15 72
152 61
144 113
47 60
73 153
10 71
72 26
132 119
47 85
56 127
74 9
23 95
104 93
147 142
119 54
57 151
65 136
110 60
145 41
118 39
145 150
77 116
50 48
15 1
74 94
122 99
117 43
108 1
14 148
2 108
60 152
141 38
145 21
64 11
127 123
1 153
119 14
117 57
1 91
4 121
126 116
87 121
38 131
135 30
40 57
83 131
115 36
153 12
58 126
87 59
130 5
158 157
111 145
119 61
137 116
68 154
110 65
75 59
90 78
50 60
106 105
77 14
120 118
149 89
72 34
57 127
130 125
26 114
31 40
83 95
122 152
3 9
80 16
60 157
18 77
125 31
41 131
32 11
141 53
133 52
68 153
65 110
115 72
91 7
116 146
65 58
41 64
120 133
15 111
146 126
48 118
115 110
127 107
81 127
33 23
43 41
42 34
150 135
66 151
141 81
95 52
43 15
71 112
17 14
53 26
111 143
2 115
10 64
145 49
92 71
78 108
126 49
58 8
45 72
71 141
142 50
23 16
71 120
49 118
92 33
77 145
96 139
99 48
111 15
45 98
72 70
92 133
7 129
19 121
44 58
137 135
91 49
45 32
47 131
71 40
84 139
93 112
97 122
110 120
45 66
85 23
16 41
69 97
58 152
110 61
120 28
101 67
22 64
112 23
23 88
149 54
94 155
147 88
64 26
56 24
76 151
129 55
125 10
76 135
33 134
124 13
138 150
42 91
18 25
45 131
87 85
15 113
156 113
58 106
61 24
10 154
77 120
127 21
131 20
152 81
113 65
16 58
11 34
26 66
6 46
6 116
10 5
45 15
127 148
108 79
96 131
118 45
83 110
38 9
145 33
112 75
116 41
64 109
88 128
138 48
105 122
20 56
52 10
152 129
96 11
68 26
115 53
72 94
21 38
35 122
82 98
10 84
154 142
143 100
94 17
14 64
43 94
155 7
111 101
19 152
149 45
147 16
93 91
138 89
70 9
116 66
61 17
153 24
78 6
70 54
11 23
22 136
63 24
79 12
32 91
63 121
14 30
112 87
20 69
2 68
15 104
151 146
141 155
76 146
96 81
46 54
148 49
93 32
150 60
20 139
65 35
39 32
59 16
2 41
92 139
75 38
100 151
35 29
136 143
50 69
76 60
100 143
114 17
47 155
62 117
120 69
34 37
127 130
1 23
136 144
47 137
10 38
73 39
118 147
24 81
131 155
127 60
92 154
66 91
103 153
149 3
74 51
128 3
131 107
115 87
44 51
135 76
116 35
100 111
5 72
79 52
92 50
46 7
78 7
70 151
143 51
60 63
63 112
106 89
127 51
29 124
10 62
83 16
148 73
89 129
18 6
67 30
137 114
11 80
153 112
124 102
10 127
111 55
124 141
10 130
151 131
34 83
27 69
90 82
132 58
39 102
61 97
111 115
81 65
40 158
19 95
89 24
13 106
149 94
124 50
29 32
31 84
82 107
108 150
130 123
14 34
63 85
110 19
114 146
104 85
54 61
56 141
16 54
125 53
119 141
131 153
82 26
86 155
115 96
12 8
60 79
2 10
119 38
26 40
9 104
106 122
51 152
129 77
4 146
84 96
130 91
146 37
125 7
49 36
38 73
50 49
81 50
111 66
37 26
119 112
87 146
98 101
131 137
36 94
126 20
139 111
138 70
20 67
51 109
70 32
103 21
82 109
60 34
69 157
9 71
29 60
60 125
48 126
74 95
32 24
129 131
17 125
114 135
93 13
68 73
135 129
33 108
69 94
56 113
94 85
119 124
3 64
134 15
22 144
107 27
109 79
21 142
69 71
71 14
8 131
71 107
109 49
27 78
141 156
97 102
151 55
91 105
149 122
76 37
33 113
42 27
9 69
117 61
16 82
155 39
42 129
35 11
50 109
155 45
110 111
40 106
150 113
43 98
151 119
77 56
27 119
21 11
52 94
85 91
150 5
76 132
49 135
140 158
40 81
7 4
127 2
44 120
18 123
37 52
63 115
145 88
26 52
67 46
110 40
118 144
92 100
49 77
14 41
23 104
34 145
113 61
88 62
124 79
68 59
82 96
139 82
151 111
122 15
71 67
103 136
83 129
63 101
16 130
97 123
10 58
37 141
68 2
59 22
74 154
114 78
106 155
101 98
149 2
40 2
17 156
96 49
50 58
2 40
108 55
34 158
15 34
33 82
60 26
64 135
79 15
150 139
142 143
132 30
152 56
23 116
17 86
98 106
38 82
54 141
154 127
45 155
51 72
121 24
51 111
100 67
139 61
30 98
80 32
103 138
147 118
65 59
33 19
68 129
44 59
128 109
119 123
156 71
7 116
59 41
130 126
153 156
106 123
68 34
95 133
101 94
148 72
66 126
112 115
150 141
94 1
108 107
153 5
93 87
84 30
5 7
97 82
116 62
13 88
81 126
78 84
31 37
134 7
113 94
99 90
59 116
145 146
107 106
104 140
85 50
1 41
23 61
24 115
148 53
135 42
121 128
58 53
154 30
86 96
88 49
120 75
63 42
156 120
156 32
73 53
118 155
78 125
151 3
13 60
137 157
125 111
36 57
79 10
14 77
73 27
111 34
20 29
45 77
94 51
68 46
112 85
76 150
127 3
68 145
61 42
25 22
16 144
103 27
132 88
68 110
137 31
78 152
7 132
150 89
141 26
58 117
100 139
84 11
132 33
143 109
76 7
95 46
101 68
73 115
10 29
95 22
43 158
89 62
18 155
82 22
116 113
8 65
63 123
40 69
35 113
84 79
1 44
56 79
97 18
153 152
9 156
65 29
139 13
25 76
115 85
26 104
137 152
30 94
41 39
97 59
38 150
106 143
48 92
107 34
94 114
157 141
33 12
11 147
63 65
82 36
72 56
11 117
38 62
13 47
49 29
104 75
91 14
112 107
13 11
127 29
39 150
101 46
74 76
123 19
121 81
11 154
18 98
102 8
82 134
31 78
152 80
47 113
68 41
150 52
9 141
82 104
82 144
152 15
130 28
102 137
92 16
42 107
15 73
116 128
90 119
91 122
39 142
150 132
59 135
95 64
93 55
53 147
119 144
91 82
155 29
54 137
13 124
14 145
123 53
15 76
130 142
61 16
155 63
24 48
9 58
54 53
70 7
24 123
85 18
87 26
141 91
108 33
86 106
101 40
86 157
135 127
132 98
30 128
54 111
78 134
41 126
91 23
5 12
78 27
51 57
66 21
116 138
103 69
78 140
14 65
51 157
120 65
91 143
88 123
57 156
121 84
6 126
123 51
84 108
48 149
138 14
7 75
120 22
53 118
156 46
103 149
104 14
127 28
89 157
74 81
149 127
84 85
42 110
106 87
146 125
42 32
106 12
79 73
72 135
10 133
100 7
129 106
80 2
140 92
73 135
42 156
99 65
90 33
100 55
138 69
54 84
15 36
66 69
91 90
62 26
139 2
83 75
154 64
124 38
6 68
57 91
70 103
4 155
5 75
13 59
103 48
66 116
107 151
16 46
83 65
150 114
44 96
145 62
27 113
28 140
88 102
107 103
101 122
81 152
19 158
72 8
93 80
63 138
150 57
158 22
89 75
13 118
91 41
97 121
76 64
126 39
140 19
26 129
142 34
65 67
105 65
114 92
98 64
59 157
49 124
12 86
23 121
19 137
144 44
67 20
100 155
120 36
95 141
151 98
75 13
120 25
131 108
1 129
50 18
150 100
79 156
106 59
103 34
14 36
23 117
29 12
111 88
16 81
155 5
128 8
72 86
73 30
149 125
144 102
105 14
3 101
150 37
36 38
59 11
136 4
31 45
44 122
102 146
133 55
82 31
28 10
121 54
53 87
155 18
57 19
69 144
134 21
67 28
54 83
95 110
53 68
143 39
99 56
123 20
149 66
68 119
111 139
139 17
136 20
110 52
74 67
72 74
60 36
44 21
45 25
121 146
33 74
33 65
27 4
119 155
136 150
118 101
138 51
27 116
60 131
94 118
84 98
11 135
1 109
60 127
146 64
7 114
78 70
13 72
50 72
57 110
114 102
14 4
32 15
130 58
100 129
97 17
114 8
33 148
40 116
118 1
134 30
47 84
133 84
152 40
62 144
154 13
14 119
50 156
71 63
101 89
36 154
130 23
27 12
146 70
158 32
119 96
142 57
44 31
74 97
113 47
31 71
35 8
87 27
104 88
2 149
80 127
143 87
64 48
99 154
118 143
58 43
122 65
21 5
101 79
80 131
153 73
94 72
73 136
39 31
140 1
135 107
106 115
38 5
64 100
147 52
47 12
119 2
128 11
91 79
21 137
81 114
124 3
111 58
69 59
81 34
74 45
2 135
5 95
124 8
125 76
150 95
121 78
9 96
37 5
19 15
39 68
113 44
69 88
106 79
128 23
71 154
36 158
56 153
104 2
85 148
25 80
135 142
147 121
112 36
12 44
16 119
126 29
110 45
129 32
143 132
155 141
68 6
44 93
26 82
32 59
61 103
79 63
57 50
2 98
37 122
52 61
93 22
45 87
89 12
84 28
9 151
55 40
81 28
74 140
123 65
156 108
7 59
75 133
53 18
44 99
37 77
44 4
104 148
116 24
76 79
157 121
149 155
67 104
133 150
140 154
59 119
123 147
102 89
133 70
148 12
66 146
20 3
136 27
144 76
71 42
99 69
120 157
100 39
136 107
70 133
121 113
44 84
32 126
77 46
125 154
18 115
34 15
45 117
106 49
126 11
97 135
71 4
5 27
15 80
74 75
98 58
27 141
102 55
90 97
110 129
45 12
106 152
136 126
153 123
148 75
133 53
102 88
125 1
2 97
144 126
85 77
79 99
97 112
12 20
28 72
8 102
11 141
61 7
4 52
72 47
14 86
7 99
14 113
70 52
52 154
50 117
60 11
135 4
64 19
134 137
7 128
107 5
56 3
71 68
12 143
27 136
10 147
36 14
56 144
35 89
51 38
150 17
34 57
98 93
55 56
44 124
12 146
92 102
49 71
123 14
70 102
74 30
82 41
1 107
122 67
138 95
23 5
37 17
147 58
122 136
29 51
92 69
110 157
103 110
138 54
126 124
3 63
95 39
3 84
157 1
102 59
103 52
131 63
74 77
109 23
48 49
4 143
32 145
119 121
122 31
153 9
55 14
82 114
112 65
83 127
34 148
48 97
124 67
156 154
80 156
60 133
31 141
137 28
122 32
111 20
19 98
87 92
140 21
125 66
103 114
123 116
55 94
13 85
50 91
54 33
57 124
5 112
125 18
137 118
105 48
20 128
74 31
1 86
132 105
153 69
112 19
63 126
118 7
13 61
88 137
110 28
77 62
28 75
108 61
87 2
147 87
56 82
82 125
111 52
91 3
25 82
19 30
60 91
95 4
24 63
108 116
47 72
72 3
154 31
151 82
124 43
85 118
155 6
117 149
148 132
106 85
155 124
42 62
137 8
107 82
115 43
95 146
93 15
28 97
3 10
26 3
147 28
157 58
18 103
5 151
143 93
24 11
86 18
158 74
124 72
40 83
40 100
151 9
99 136
122 118
150 106
109 93
37 28
156 55
57 17
45 37
152 118
115 55
29 125
19 12
153 65
136 64
48 127
89 121
23 96
100 123
135 3
34 48
88 147
26 145
9 31
44 49
13 145
113 30
135 65
131 130
1 54
47 30
48 76
79 131
136 44
4 138
99 63
129 110
38 57
16 145
38 80
4 14
58 99
37 53
111 67
92 47
82 158
2 66
96 5
49 67
150 157
43 20
115 17
85 40
103 82
121 148
32 101
44 86
145 48
40 151
147 100
125 70
8 107
145 124
89 38
104 116
35 22
61 147
95 68
56 74
117 48
40 89
44 43
83 113
149 42
143 5
10 68
58 42
25 140
81 154
153 109
63 17
47 58
146 58
40 20
75 150
154 48
121 22
41 110
138 76
30 58
59 27
102 19
105 119
24 61
141 118
155 83
15 138
99 52
114 117
112 125
156 142
113 116
149 73
113 57
27 9
29 129
88 39
8 143
127 61
76 157
107 130
155 154
98 134
59 108
52 120
14 115
34 10
152 115
156 145
53 119
84 3
124 142
93 82
75 110
22 132
137 54
103 143
53 111
26 68
65 130
45 123
25 9
120 43
15 99
68 70
89 141
114 120
139 4
94 106
8 136
116 79
32 94
146 84
143 61
49 57
87 107
119 47
27 117
151 8
110 4
155 73
156 157
23 89
43 142
152 116
107 114
24 88
8 81
64 5
12 56
17 75
122 116
145 39
66 88
119 143
109 46
46 48
36 129
77 35
83 39
17 105
85 63
21 97
40 23
78 143
123 46
144 13
6 135
22 42
100 70
59 53
135 8
94 150
43 56
148 113
130 122
63 120
58 25
25 122
58 139
91 108
28 144
83 31
84 55
90 142
78 82
144 147
62 2
10 35
8 96
138 5
107 11
54 93
99 72
55 37
6 114
122 97
20 14
48 14
51 56
66 122
21 50
126 70
95 23
64 71
126 123
90 76
20 32
41 51
96 99
5 84
75 153
20 75
23 18
110 144
34 77
97 14
11 10
44 34
32 108
78 40
83 122
35 153
27 86
40 22
77 121
76 61
92 116
45 2
102 150
53 109
22 84
100 52
123 109
133 9
46 35
132 144
20 15
153 26
102 100
13 81
135 1
103 5
102 16
19 81
117 52
116 114
34 126
16 22
55 127
95 77
8 49
134 105
104 143
148 96
118 61
87 70
38 22
71 156
22 115
36 109
1 72
118 102
42 132
57 14
73 97
126 62
52 45
65 92
108 16
114 34
51 1
99 153
99 28
68 23
108 30
64 41
125 79
97 41
106 37
135 84
118 154
35 82
49 43
139 90
158 64
16 120
26 36
2 109
74 16
86 91
152 150
89 57
143 97
91 109
154 153
74 117
122 38
94 59
57 73
111 92
13 21
28 35
156 62
158 35
112 99
120 108
129 97
90 132
1 116
33 2
50 110
127 9
40 21
149 46
5 129
101 66
116 155
45 39
146 38
52 98
154 74
8 130
126 138
82 78
16 106
66 156
44 112
81 27
10 67
149 156
64 106
151 44
140 115
128 155
86 114
28 123
41 94
145 81
69 73
70 56
3 82
67 103
137 38
47 94
30 45
77 68
52 152
118 98
34 141
37 88
107 48
137 88
86 15
30 114
94 36
25 132
24 104
128 73
135 28
47 110
50 132
131 152
119 10
100 119
18 26
151 69
83 89
111 154
36 35
122 94
109 107
107 1
63 86
109 155
112 76
28 111
95 63
45 84
32 96
124 156
103 144
87 14
14 2
83 118
138 50
14 104
67 84
17 115
50 111
18 31
110 32
42 2
25 79
41 44
123 83
91 29
40 118
137 123
79 117
112 80
110 137
153 54
35 5
142 12
8 156
73 118
12 41
129 62
47 16
123 74
61 113
36 68
65 63
152 13
146 2
154 112
41 81
77 57
137 57
43 111
146 66
34 29
28 122
143 32
3 77
95 66
31 52
59 128
17 111
46 77
130 74
152 130
107 4
51 44
58 35
48 54
14 121
60 8
102 92
16 127
22 56
123 7
105 20
99 27
85 145
56 7
35 16
132 80
89 104
152 66
12 80
146 47
133 44
50 70
43 68
65 158
27 85
4 1
96 75
40 38
68 20
79 120
134 60
137 91
149 38
57 155
83 44
53 5
43 51
56 81
67 43
110 103
14 85
70 65
23 134
153 137
122 9
157 66
78 157
59 129
69 18
52 63
102 4
139 114
50 89
136 115
47 100
96 32
138 11
105 58
127 47
154 26
18 53
132 142
101 120
22 158
7 125
86 34
93 137
88 9
10 6
121 48
147 7
144 157
154 106
143 23
109 115
39 88
63 143
138 123
66 74
102 138
7 144
46 37
97 58
11 125
76 156
48 51
93 119
79 155
111 19
23 135
133 91
151 132
46 85
139 110
39 95
19 44
19 139
72 53
67 6
47 70
39 104
45 105
56 76
38 151
141 16
22 12
120 77
112 135
78 77
32 124
7 36
121 46
13 7
124 44
112 139
69 101
2 64
138 61
136 18
154 78
104 42
135 128
139 120
80 9
67 31
142 153
133 96
62 86
138 111
42 87
3 124
46 116
73 59
106 68
137 48
85 19
82 52
21 134
108 41
67 106
96 109
85 57
33 147
62 150
1 71
137 146
50 33
41 43
127 55
114 74
52 55
151 114
37 16
125 147
130 24
135 70
36 134
65 135
66 117
53 55
57 114
105 43
27 3
62 50
35 144
16 138
61 126
33 79
24 4
79 105
62 22
140 125
113 135
38 93
94 13
4 158
129 74
54 140
77 66
114 105
39 155
85 152
54 72
11 59
92 84
141 29
105 109
19 68
127 23
82 119
52 88
71 82
23 133
5 29
71 5
14 108
11 74
91 140
58 40
125 71
3 127
16 66
78 138
2 133
96 86
69 51
81 123
105 82
64 10
112 70
22 107
136 104
50 29
104 97
65 34
146 17
85 61
154 76
64 82
61 130
134 97
136 157
90 108
52 145
74 65
12 4
48 12
5 28
4 68
45 65
152 149
83 64
8 73
39 74
128 2
73 31
65 10
116 90
60 87
14 143
35 138
142 156
74 138
45 104
2 30
91 133
15 49
151 29
156 115
131 128
10 117
4 134
78 80
45 55
4 35
45 8
74 33
130 4
41 108
72 40
98 70
74 23
127 119
65 24
153 79
124 150
51 114
64 158
105 98
48 112
97 20
4 85
95 158
47 126
129 113
48 24
51 139
97 73
83 63
114 119
157 142
136 138
53 45
115 8
142 32
111 48
137 115
150 147
115 128
79 86
30 29
10 126
22 61
157 129
93 84
158 61
114 51
72 89
131 58
124 115
90 19
92 147
84 52
53 38
155 88
71 75
73 67
88 156
123 101
85 1
33 3
66 135
13 9
8 6
3 8
100 135
144 107
57 133
3 23
85 42
148 22
140 136
147 152
129 51
53 112
67 1
76 103
31 43
21 72
134 156
44 87
115 124
24 128
38 89
26 92
16 100
88 3
145 56
141 22
146 136
107 99
49 18
31 11
74 131
83 92
141 136
158 13
93 35
106 18
83 136
151 84
12 119
111 40
45 26
126 41
69 104
121 45
68 138
61 49
153 61
155 9
55 135
133 107
109 2
136 2
104 40
48 135
158 49
98 97
113 103
152 68
115 137
6 155
17 66
25 51
136 124
125 124
128 36
146 59
122 46
82 58
125 64
138 84
153 72
32 36
102 71
129 76
8 106
91 55
101 117
49 50
132 153
28 106
156 70
43 137
90 55
142 27
103 73
131 13
148 38
30 42
18 21
155 108
139 92
92 144
43 14
72 20
34 143
58 91
19 39
58 65
102 122
86 147
120 101
2 33
3 5
149 79
110 7
136 11
1 33
8 97
29 117
96 6
65 57
15 156
127 151
155 82
61 9
157 10
115 46
21 151
37 60
148 26
112 138
14 146
16 112
145 119
146 85
14 111
73 42
130 37
147 132
96 111
156 82
83 102
52 121
24 114
36 32
15 133
91 33
117 80
108 29
94 10
20 157
108 28
108 23
78 158
75 102
155 125
7 105
11 130
8 20
109 73
100 21
57 10
134 38
42 118
42 15
22 88
40 122
151 4
117 140
102 94
24 90
59 18
109 70
146 113
22 27
77 58
89 52
108 92
41 63
89 87
94 115
116 46
1 144
51 136
143 18
78 35
43 48
19 108
54 66
61 127
144 158
36 54
45 157
139 30
24 101
17 48
48 45
98 36
101 144
156 112
156 109
43 52
23 34
57 49
44 109
73 21
116 53
91 129
61 65
59 153
138 17
152 14
150 68
132 32
40 45
93 9
37 63
24 79
6 127
135 43
143 108
45 28
71 58
62 29
130 40
99 71
157 59
43 39
106 91
84 35
43 153
76 63
124 116
50 102
126 134
92 55
57 48
38 138
72 82
81 148
9 128
41 82
42 112
113 13
158 103
73 36
45 19
60 107
40 35
129 3
132 72
22 10
141 88
57 1
92 118
70 55
133 7
155 89
91 135
143 67
60 114
51 64
132 86
47 115
85 138
71 111
6 140
67 152
42 83
49 76
124 9
13 102
121 68
155 75
21 108
12 94
92 64
120 148
95 82
105 92
63 92
144 38
47 108
15 132
157 113
32 48
47 139
141 33
13 96
78 59
61 104
101 142
85 107
99 38
127 153
126 52
75 122
139 102
1 138
126 143
45 88
32 60
21 120
117 136
157 137
6 66
37 156
16 56
9 116
37 106
78 121
137 102
125 130
38 50
62 12
86 82
110 51
24 134
133 99
32 98
109 53
107 155
74 146
93 27
116 120
142 73
112 62
128 69
47 147
131 119
140 65
125 5
122 22
63 13
64 17
61 1
107 45
62 103
106 108
146 123
17 131
75 137
68 37
157 132
58 147
40 46
86 115
147 154
97 37
136 86
13 138
107 144
3 16
105 157
145 44
145 30
90 95
95 81
65 111
119 149
94 140
4 5
8 15
54 52
99 76
96 4
143 129
24 102
52 79
120 57
62 83
157 125
151 1
100 75
137 134
59 34
61 124
104 131
16 45
38 125
9 107
137 37
20 79
94 142
102 36
104 22
89 91
31 102
153 87
41 26
90 26
79 22
76 53
57 72
85 3
148 16
52 138
70 68
148 121
58 128
103 137
83 66
67 138
11 48
13 1
5 59
112 26
130 33
67 124
87 49
116 94
40 5
47 112
109 156
21 71
24 51
61 53
92 27
121 142
20 66
145 157
45 121
125 33
123 33
125 127
91 151
121 129
95 60
71 52
105 126
26 94
125 139
96 94
40 65
61 140
123 73
116 153
136 32
63 71
36 103
134 114
63 56
87 140
72 59
25 40
39 22
17 40
100 132
153 115
58 78
40 132
149 133
79 112
33 112
62 120
68 157
4 148
117 125
119 88
122 26
141 13
157 95
57 40
22 90
38 11
139 156
132 31
123 39
102 104
154 38
66 140
156 2
106 28
109 81
130 10
151 105
79 158
117 86
93 142
91 59
138 67
33 57
153 30
140 75
138 90
32 39
111 118
57 11
71 36
82 148
50 96
100 109
41 16
51 155
141 103
125 74
123 114
43 151
93 89
4 29
103 3
12 29
84 150
33 104
96 127
148 108
32 110
117 69
78 61
121 90
51 16
44 23
101 99
93 128
137 59
125 38
81 150
84 22
117 17
154 128
23 86
153 92
38 35
149 82
140 44
145 59
120 53
2 39
107 61
73 88
148 143
27 158
109 91
140 116
4 75
115 108
128 137
42 65
26 97
92 22
101 60
71 109
31 136
69 151
45 53
139 59
107 21
131 40
97 153
152 70
133 86
145 143
81 120
19 71
99 37
64 115
18 106
83 149
24 113
69 99
87 6
17 34
44 81
18 143
107 135
3 148
44 18
50 26
65 19
55 97
93 111
2 81
99 17
92 152
1 88
78 17
124 129
83 9
49 156
62 14
29 76
106 104
158 114
86 42
78 37
102 6
148 155
56 140
140 100
152 96
59 84
126 4
113 11
119 75
34 125
143 28
25 111
124 148
118 55
43 54
29 17
21 158
74 27
129 63
89 152
142 158
141 36
126 112
70 49
21 2
22 9
110 33
78 123
39 98
134 46
127 121
46 78
101 49
22 49
107 79
39 10
142 1
77 136
138 116
143 44
65 119
120 42
45 73
12 139
133 34
28 77
36 18
141 40
14 92
102 34
7 115
119 56
155 103
77 135
114 129
56 77
36 100
150 145
156 69
146 27
130 15
57 42
20 131
132 17
47 88
49 69
15 11
113 91
62 81
30 46
64 68
95 125
115 67
39 28
128 150
73 18
89 29
79 96
86 152
120 121
24 149
138 146
18 8
31 80
23 38
26 33
112 1
93 124
67 98
148 91
73 46
8 142
30 61
77 33
15 69
120 41
41 135
55 42
148 127
49 39
115 58
114 147
64 155
101 134
42 104
19 102
60 69
9 26
113 39
121 143
34 94
27 154
44 71
48 154
128 6
41 148
147 43
85 44
26 138
104 10
128 47
141 62
40 37
23 92
140 67
133 66
112 49
62 61
55 53
49 149
64 34
121 66
151 112
86 20
92 134
113 126
11 102
9 77
145 151
44 151
108 95
65 48
114 33
126 141
58 44
20 19
82 81
78 86
69 148
137 133
99 93
101 137
22 131
123 86
158 65
68 15
10 94
79 133
50 66
31 3
2 5
45 90
33 8
23 150
2 73
73 9
42 63
99 43
51 119
82 45
72 143
70 119
92 12
98 139
112 132
25 73
72 149
96 143
37 29
71 96
141 145
8 149
58 129
97 120
101 80
116 80
77 39
51 91
154 6
156 88
122 90
40 131
3 36
33 39
131 95
99 35
138 104
150 42
127 20
153 142
110 123
143 82
46 96
68 30
6 96
125 106
91 132
25 44
80 104
154 45
151 83
153 136
90 140
149 130
52 56
26 31
39 151
126 30
21 123
104 56
89 148
50 14
55 83
33 11
30 91
49 42
65 70
116 97
90 156
83 30
88 73
139 77
49 35
103 158
156 6
61 80
91 73
91 38
23 99
3 130
87 149
109 18
103 145
94 124
104 70
63 77
90 103
38 84
8 113
89 100
73 143
47 86
121 62
150 125
110 119
74 46
10 4
116 1
97 39
100 82
74 83
76 28
124 127
110 128
89 40
63 131
137 19
52 112
62 67
128 92
106 54
53 35
147 10
119 13
55 11
38 140
153 77
115 3
111 86
61 41
32 25
119 70
145 14
19 97
14 24
121 10
121 151
116 81
24 55
138 8
112 48
69 34
89 144
53 16
66 137
58 111
134 84
27 10
135 137
22 41
109 27
144 55
34 116
28 54
56 109
93 141
58 54
48 108
126 54
38 6
117 154
99 100
130 151
158 62
140 26
143 115
76 125
48 129
110 127
107 158
146 124
110 64
150 21
30 124
85 35
50 7
92 42
95 74
120 82
33 95
108 66
12 27
154 84
105 120
126 120
35 34
83 133
99 34
158 136
142 117
81 94
7 98
103 119
156 139
25 146
147 115
119 132
2 11
28 58
85 58
118 139
144 93
138 129
108 44
88 92
49 59
123 117
115 105
57 116
72 144
92 106
102 23
23 157
35 74
3 91
40 90
156 7
133 22
88 122
140 81
106 130
122 64
86 2
112 37
73 125
115 112
96 43
2 37
34 122
109 5
56 27
65 134
153 66
18 75
35 40
34 107
136 119
78 135
28 141
123 115
103 130
3 19
79 138
146 36
81 109
77 91
64 80
155 4
108 56
80 71
88 152
126 22
76 2
123 90
107 115
90 27
142 95
135 116
117 70
157 50
44 149
62 121
133 98
133 4
87 9
6 73
25 139
156 20
81 37
72 41
139 141
109 123
77 101
113 130
22 103
28 36
11 103
65 107
43 27
65 11
77 3
41 155
156 90
123 129
86 116
46 108
16 72
27 80
156 152
3 140
132 84
94 153
85 4
40 114
24 84
74 122
42 71
88 105
67 44
129 81
19 77
18 46
9 68
81 102
6 9
91 62
107 150
57 78
68 114
86 13
128 90
146 151
70 124
45 17
104 142
151 15
81 45
43 138
45 69
117 104
132 154
75 69
18 47
57 37
91 113
14 66
140 144
53 94
119 44
92 67
26 96
114 145
106 128
157 7
103 31
10 53
105 8
59 137
50 126
39 52
131 24
106 131
51 150
133 72
89 95
11 68
47 77
40 50
15 16
19 115
43 6
8 35
92 66
70 64
29 126
78 32
131 7
49 68
39 116
53 1
143 17
57 97
140 137
84 39
42 157
73 12
70 121
53 93
144 88
8 48
7 93
84 17
60 10
83 52
49 20
80 64
108 49
50 127
23 58
30 77
67 153
3 156
143 57
17 119
43 19
72 5
144 37
17 137
16 74
136 137
144 15
34 78
124 125
134 103
132 127
26 95
129 80
146 120
113 153
86 64
99 137
146 128
56 84
44 8
87 29
65 97
34 33
94 75
89 135
139 37
99 58
7 12
43 55
150 91
94 25
46 105
27 94
27 145
116 50
74 36
63 38
151 93
78 15
87 130
86 4
139 98
152 117
123 40
99 6
117 92
134 48
50 114
18 70
51 87
27 53
96 121
149 87
65 37
118 28
40 156
144 59
124 12
18 2
7 110
152 46
128 85
29 143
53 33
84 93
35 119
79 75
87 143
88 109
108 53
27 95
86 88
72 84
108 60
65 102
19 133
150 128
78 69
86 136
90 121
113 89
62 31
24 132
100 27
36 137
93 14
133 110
147 117
151 128
24 59
151 32
128 102
49 128
7 49
89 93
29 145
58 141
33 76
108 46
99 86
157 109
75 145
19 76
120 99
47 148
138 155
97 157
64 1
74 156
135 148
27 96
59 56
65 104
76 126
85 124
56 95
128 118
64 74
132 38
111 77
119 11
11 40
87 155
3 31
87 127
138 22
42 39
97 96
67 120
132 94
141 149
63 25
134 39
86 132
51 74
12 46
97 126
12 40
21 67
11 70
67 33
92 46
20 27
120 93
102 120
30 41
106 119
84 41
67 125
9 117
60 7
16 38
127 126
128 151
16 65
32 102
52 65
77 1
115 2
76 46
57 157
104 3
12 82
111 59
158 75
59 123
112 143
129 45
69 25
139 118
150 137
14 101
21 4
142 52
2 99
113 106
86 35
79 36
54 59
130 137
22 137
127 70
148 71
118 130
93 61
16 95
107 26
27 126
132 64
40 105
125 94
127 19
92 5
38 29
62 9
121 141
123 50
49 90
130 48
140 60
96 101
60 54
158 101
125 109
62 134
43 79
2 80
23 69
46 56
153 47
140 135
112 34
81 71
135 6
120 109
4 127
71 54
40 60
51 81
50 86
97 118
13 2
60 43
143 117
19 8
131 112
47 24
54 71
9 75
28 38
120 103
79 9
52 81
58 7
81 36
113 138
47 56
122 44
34 132
156 146
41 150
93 29
34 96
78 79
110 140
90 40
30 79
125 100
80 145
37 107
23 109
91 89
138 37
158 12
155 133
81 4
19 51
18 104
44 98
49 60
82 115
38 75
113 129
88 141
62 17
12 155
94 87
25 87
28 11
84 145
1 8
54 74
134 72
1 39
144 72
70 108
68 136
141 43
85 154
35 106
10 43
65 137
101 14
99 111
73 63
124 15
11 105
86 1
138 85
128 58
149 23
38 21
40 52
144 148
119 128
104 36
25 21
20 129
14 74
17 69
1 43
144 56
11 42
119 19
156 66
124 137
139 66
143 24
1 135
139 12
91 64
142 58
134 66
31 51
98 115
143 84
123 157
62 3
15 78
140 87
69 122
91 57
61 85
124 123
29 128
118 44
38 130
128 99
9 80
119 21
47 132
52 59
19 38
151 94
70 156
138 106
105 111
101 90
140 121
152 100
64 153
127 113
63 8
57 105
135 120
50 129
65 32
134 61
28 53
78 13
79 100
152 45
143 54
4 39
131 82
42 13
19 23
36 8
97 50
47 141
83 20
90 68
121 154
38 71
20 1
51 143
41 143
46 62
88 47
136 10
94 127
11 90
90 3
142 54
32 127
15 9
119 33
143 80
122 140
124 143
36 79
45 151
54 120
22 112
64 84
58 55
44 125
23 145
23 28
131 141
53 48
84 26
14 117
98 76
66 61
86 25
154 15
133 39
59 92
11 101
117 40
89 154
42 154
86 124
67 22
148 46
29 38
109 14
136 66
28 95
64 154
146 53
12 79
103 43
5 118
82 60
133 141
128 112
31 137
134 11
29 44
154 158
69 131
96 91
131 136
97 151
65 122
94 109
69 15
125 140
128 89
27 66
36 10
45 41
80 90
102 20
143 86
75 55
157 48
8 91
83 135
139 109
84 131
46 43
3 99
113 112
27 58
44 72
88 12
55 122
43 76
21 154
63 20
11 153
21 133
30 106
67 115
155 136
147 59
140 34
119 109
49 85
29 33
52 8
133 41
89 127
116 83
58 108
58 114
112 74
119 59
35 105
45 40
26 128
4 80
85 114
150 75
22 100
50 137
75 43
1 83
141 95
63 140
36 138
122 63
31 46
61 44
132 83
12 68
12 158
130 73
77 54
60 44
3 57
77 139
64 7
25 101
86 134
55 35
49 88
155 46
46 93
145 92
55 142
103 22
18 14
129 125
153 33
7 71
94 122
134 96
73 99
70 25
53 150
96 72
147 112
35 135
137 98
29 2
131 60
126 109
81 77
1 90
20 55
73 119
103 92
138 39
18 34
143 70
143 112
111 113
69 53
69 117
150 15
35 39
54 134
79 6
71 47
83 153
70 143
79 124
7 123
87 67
42 7
109 1
67 4
18 118
65 62
106 27
95 19
116 158
21 152
125 122
126 145
48 99
49 56
68 91
103 44
109 106
83 21
61 46
148 147
117 55
57 148
154 47
44 39
76 32
99 151
4 108
104 6
41 9
47 13
6 103
48 157
34 95
80 66
34 50
35 139
54 5
143 148
38 152
73 5
70 132
51 5
17 138
42 137
9 16
151 143
22 37
119 140
72 148
31 145
28 125
54 103
138 65
106 126
158 54
107 102
128 64
33 141
64 69
138 71
13 57
4 87
16 131
50 122
92 7
121 133
88 18
113 145
8 45
11 50
143 103
104 144
37 126
30 83
56 145
66 105
90 155
79 129
102 42
21 43
37 131
3 146
40 123
85 6
17 134
61 19
112 104
113 35
12 1
107 86
135 79
120 129
31 5
91 85
98 30
26 49
87 35
6 104
94 147
20 112
37 64
133 85
102 152
87 23
60 93
82 128
153 146
138 122
45 94
81 144
11 82
136 141
101 91
30 43
128 21
61 146
105 148
102 5
97 132
27 120
117 2
88 112
107 112
92 140
18 85
152 4
30 32
111 148
59 91
15 142
59 44
67 62
90 83
32 147
47 14
78 46
45 108
72 133
24 3
6 150
134 157
10 59
121 123
71 125
130 47
99 94
18 58
57 117
64 145
115 40
51 149
32 80
108 57
51 99
65 82
32 122
141 39
79 101
85 47
110 117
57 60
23 113
15 28
129 124
148 27
85 7
101 23
32 121
149 138
143 50
101 78
152 147
76 54
78 132
118 136
28 87
15 58
105 24
4 126
21 111
98 8
72 57
31 14
22 151
17 123
15 129
36 135
13 42
125 89
10 8
4 123
78 99
110 30
31 156
17 18
114 107
158 24
101 32
114 81
38 18
80 74
10 146
37 123
106 92
115 5
41 23
48 156
122 60
119 30
101 127
100 130
152 93
78 104
50 141
92 41
5 91
107 100
2 154
105 36
102 26
61 4
102 125
97 152
14 60
99 107
102 153
39 92
137 147
103 147
29 77
86 23
88 113
42 28
106 78
117 47
36 72
99 33
42 84
110 125
103 66
128 71
120 81
145 89
115 70
156 130
88 103
65 144
158 3
120 14
16 133
114 96
95 58
26 5
11 7
89 44
39 45
56 49
17 158
2 134
67 100
2 101
48 43
141 3
136 69
17 49
117 67
120 105
69 7
21 33
132 140
5 135
106 40
5 79
153 35
6 83
129 158
131 142
110 34
44 27
93 123
29 37
15 103
148 34
147 49
9 53
80 123
36 113
75 95
71 100
137 11
96 34
67 29
4 106
34 17
95 69
116 7
50 16
87 81
57 93
105 102
146 34
79 62
108 25
101 124
46 101
113 60
155 10
31 122
49 22
156 13
34 9
148 102
111 136
27 108
66 31
19 10
157 55
153 56
95 45
142 112
16 135
93 36
47 66
49 24
34 86
7 120
133 18
46 31
126 142
34 99
9 33
40 29
30 80
81 25
7 143
37 87
143 123
51 134
3 71
3 95
28 7
23 111
73 150
154 20
156 92
145 131
9 134
19 50
28 118
53 132
25 13
18 32
70 18
130 129
31 48
49 21
66 147
68 14
117 72
73 96
111 96
151 152
147 78
83 23
11 65
57 104
39 25
142 43
70 100
49 153
13 26
151 103
79 89
38 91
130 135
58 123
145 87
61 87
14 71
69 45
92 31
149 74
109 157
4 117
30 31
45 82
77 122
3 59
71 19
37 91
100 4
109 45
103 36
53 117
86 27
137 119
90 96
127 157
32 143
74 73
59 79
93 153
132 15
47 136
68 17
61 71
9 109
62 36
11 35
16 114
91 63
7 5
124 64
112 116
8 148
120 131
5 50
24 75
5 52
144 39
119 4
10 98
56 146
75 80
49 144
32 144
105 86
128 81
11 109
75 8
31 38
135 49
12 131
5 40
100 126
27 131
126 50
1 73
102 31
102 141
115 147
141 58
118 5
61 55
5 64
11 89
87 11
91 119
70 75
63 141
53 85
130 9
111 70
151 106
62 70
86 128
158 93
79 107
106 35
49 26
58 109
152 121
130 46
31 50
99 40
122 128
104 37
37 143
137 99
3 55
18 134
11 6
83 142
98 74
158 117
64 104
73 74
34 82
138 130
113 16
112 86
25 12
124 20
28 132
6 120
65 1
72 27
2 144
58 15
35 66
31 115
115 11
25 61
25 3
144 82
141 128
71 12
154 32
155 11
39 42
81 35
1 136
94 86
45 78
147 146
150 82
48 85
137 68
91 100
139 138
145 152
13 44
79 3
115 1
94 111
33 139
87 94
30 75
82 106
109 6
154 87
146 87
50 9
119 147
137 151
78 36
136 158
21 57
9 129
44 128
9 61
52 53
29 79
85 137
138 26
140 12
20 23
9 113
31 103
2 53
39 36
63 142
60 111
94 31
38 51
120 146
53 88
44 6
76 89
3 66
100 85
98 63
70 85
96 129
40 99
63 106
44 55
45 101
15 123
35 94
96 136
5 10
21 6
120 10
92 130
105 103
21 114
31 69
94 131
59 122
20 107
64 99
78 110
147 82
7 78
51 37
87 102
41 146
67 78
51 15
30 132
107 147
58 22
46 61
8 154
38 92
115 135
67 69
83 87
57 122
55 48
7 109
106 97
142 2
20 61
16 154
12 125
144 146
77 10
127 118
8 123
9 100
80 43
27 152
132 14
84 16
99 147
8 135
104 29
12 102
72 83
78 98
107 65
89 82
87 74
68 113
149 148
111 80
1 133
36 101
97 147
137 1
85 112
54 63
78 58
98 145
149 86
92 24
107 141
95 53
145 101
78 4
118 112
27 22
81 7
88 148
6 48
155 104
52 132
110 104
24 144
111 134
32 7
132 78
46 5
45 24
82 19
147 11
153 151
90 84
154 111
134 17
30 158
136 71
34 64
40 39
76 107
54 79
70 117
132 12
8 4
53 29
53 70
130 25
16 99
113 49
33 45
107 143
143 99
127 85
51 127
84 75
115 97
104 153
144 36
119 139
56 16
106 90
93 4
73 123
20 119
77 148
53 8
55 120
25 81
25 11
128 41
157 151
15 30
59 72
8 111
1 64
9 14
70 60
151 95
36 58
44 89
144 29
81 86
105 110
25 32
128 18
24 80
62 139
91 30
22 30
62 132
104 84
47 27
40 58
81 93
3 100
65 108
96 82
18 67
140 43
79 151
101 63
58 149
17 97
23 41
12 58
27 112
122 117
116 71
25 47
99 117
47 138
62 16
148 139
151 89
74 34
117 12
80 99
136 148
91 50
51 24
128 67
149 10
17 102
144 46
123 98
5 105
20 36
94 146
35 133
120 83
106 13
16 8
89 99
65 56
38 81
87 119
86 149
8 23
142 21
82 27
30 53
146 35
52 64
132 129
94 30
124 139
146 154
6 74
44 152
23 6
132 21
3 106
111 107
149 107
132 23
20 100
123 55
134 99
131 12
148 112
16 40
106 53
22 70
65 140
23 47
65 128
101 152
151 110
2 146
114 84
130 132
74 13
147 148
29 39
20 114
85 53
125 129
80 118
151 140
26 112
125 9
43 134
44 70
40 8
26 152
82 153
14 49
48 73
129 20
27 102
145 28
33 92
118 75
12 62
63 40
65 123
117 94
70 88
158 145
85 41
125 142
131 96
49 103
64 134
131 145
45 120
71 18
38 153
134 90
140 97
34 25
158 68
119 27
123 136
109 61
41 10
129 95
154 42
1 56
91 39
53 31
132 81
58 135
80 34
100 101
51 103
57 51
34 85
116 156
39 99
107 85
134 49
116 44
140 133
88 58
21 102
149 139
15 74
62 25
101 84
104 91
52 129
10 79
19 148
37 56
96 50
113 99
104 128
83 53
54 109
117 6
137 6
105 135
10 23
11 119
21 32
29 57
3 75
33 158
103 87
83 116
77 150
43 5
71 144
58 119
126 60
92 136
148 66
123 13
78 87
152 8
96 110
62 54
4 25
10 22
128 153
58 82
78 41
17 38
26 91
53 156
37 58
52 43
84 121
69 156
151 27
7 24
50 85
135 145
48 26
67 57
131 126
30 4
141 31
48 10
51 75
151 92
72 2
66 13
46 138
140 83
144 99
93 109
63 109
100 108
130 84
109 133
38 20
85 68
153 139
38 83
16 63
68 126
31 76
74 71
48 15
9 67
146 149
64 70
146 19
40 85
23 152
82 126
20 152
120 136
97 119
98 13
46 39
2 102
86 135
77 118
116 98
21 78
20 127
130 62
25 109
60 3
9 152
48 105
112 41
137 109
136 109
107 71
7 130
97 141
94 154
91 92
53 4
123 110
134 155
95 137
90 134
120 38
98 88
124 81
100 122
24 6
135 105
108 101
53 98
47 127
109 76
97 101
129 61
79 34
1 13
23 26
22 86
106 136
122 58
101 113
106 113
148 17
152 54
32 155
134 119
122 145
52 49
35 127
47 129
115 151
96 22
154 8
75 48
135 86
146 31
61 149
3 27
49 147
14 15
113 133
12 132
28 131
8 98
24 54
87 108
69 52
49 125
155 80
97 79
132 121
139 28
153 46
93 54
4 101
26 19
136 129
22 43
35 33
49 130
154 16
18 60
17 15
126 128
67 150
78 71
88 20
83 117
27 67
120 1
18 33
115 48
103 29
122 156
102 13
11 66
112 72
93 122
25 26
103 51
132 60
4 3
71 98
151 108
69 38
129 25
3 45
115 65
33 38
144 3
70 19
64 29
13 144
112 3
147 127
117 35
96 7
93 145
120 39
117 84
44 123
12 105
150 124
14 28
53 91
113 90
11 62
86 73
157 15
3 1
93 63
100 49
48 70
56 134
46 58
18 55
35 67
103 35
89 23
135 119
125 52
41 129
144 7
4 88
156 56
87 37
142 120
140 141
143 15
71 11
100 99
20 105
34 111
121 38
67 123
7 142
82 110
23 11
50 64
64 73
19 109
97 45
2 62
38 87
79 102
140 123
127 154
126 65
147 51
93 24
71 62
97 1
108 74
15 83
134 58
49 155
45 16
87 86
53 86
47 41
44 10
77 23
154 124
15 53
50 73
65 87
97 154
25 35
38 135
97 35
149 134
28 21
140 73
77 107
95 47
134 130
51 71
89 46
5 113
129 42
118 132
82 6
75 106
158 148
146 116
2 114
2 120
100 38
86 44
33 86
114 155
21 23
22 79
7 74
29 35
147 105
24 39
15 75
89 58
12 92
153 103
111 97
113 5
85 31
145 2
113 121
22 44
139 78
74 64
37 47
45 46
122 87
71 70
65 86
27 23
110 108
82 130
4 95
103 75
6 14
88 85
92 151
143 141
32 113
109 47
131 84
29 48
84 112
147 138
75 24
100 153
107 43
146 133
129 27
82 37
48 40
63 116
88 142
129 130
107 108
133 134
157 45
8 87
92 137
32 157
123 63
121 96
92 99
36 91
68 3
91 60
17 112
154 39
27 34
54 35
65 2
81 30
112 9
141 28
98 79
130 124
11 137
102 33
157 85
124 132
12 149
65 6
62 146
83 143
60 142
5 143
54 68
96 77
134 19
47 33
121 51
133 11
9 88
91 51
37 105
2 47
126 53
120 114
147 46
15 107
69 120
129 9
122 112
87 150
94 21
23 4
3 85
152 146
58 49
155 95
95 67
149 97
54 106
2 9
130 79
49 111
95 135
7 62
151 137
2 32
106 82
19 134
64 20
74 118
153 100
71 104
76 137
45 29
154 66
150 153
54 10
36 153
132 136
51 105
21 70
36 123
112 110
125 24
157 62
116 142
148 138
11 157
115 139
121 111
93 148
83 141
14 107
64 118
41 117
78 72
21 55
82 20
74 59
104 155
48 3
86 19
149 44
81 2
9 133
144 34
39 141
134 143
150 111
48 32
63 44
145 132
13 33
144 9
38 37
120 79
117 108
90 63
112 71
114 40
150 22
46 49
81 26
30 11
105 52
99 140
53 27
138 30
74 109
153 10
75 31
122 80
41 78
101 81
142 103
9 2
68 9
116 52
153 78
73 3
37 136
113 34
146 110
131 66
119 107
112 121
66 62
35 60
78 50
122 82
70 150
111 121
104 53
78 83
55 131
130 13
142 68
125 118
67 36
64 95
26 110
120 13
114 43
156 18
25 127
140 38
147 81
119 116
71 90
11 143
55 6
81 108
84 1
57 129
112 59
123 47
10 95
125 26
42 36
122 132
32 52
111 144
39 34
156 60
138 118
7 31
23 9
7 104
80 69
148 123
99 141
70 61
69 96
107 32
131 80
26 108
27 144
54 25
113 82
77 44
157 42
49 98
30 104
122 61
57 84
104 25
70 140
16 32
24 141
65 60
88 10
65 22
11 2
99 70
56 156
116 123
15 65
69 115
124 68
132 8
8 134
157 149
115 84
53 148
42 1
61 31
118 65
84 25
121 49
8 22
127 78
81 18
62 130
87 95
54 94
69 13
38 104
48 82
43 63
55 29
40 56
14 122
118 14
47 39
59 47
25 103
8 2
158 23
100 59
71 28
43 11
90 110
113 101
130 144
25 142
13 111
145 22
41 62
142 91
139 25
64 114
4 24
147 1
141 101
126 46
48 46
23 63
80 61
60 121
139 47
127 109
42 109
91 149
12 38
46 51
26 79
10 124
151 45
16 116
88 1
64 156
151 109
23 110
105 73
38 137
123 130
69 68
69 11
48 119
52 68
154 88
54 116
22 92
6 29
50 71
108 15
122 133
136 106
79 1
2 12
117 81
88 143
102 73
33 93
85 155
36 71
1 48
102 70
116 23
71 101
106 20
105 118
157 123
95 56
33 1
122 81
108 115
106 146
98 108
25 117
16 69
131 10
22 52
3 58
24 13
5 4
43 125
10 55
97 16
153 75
50 143
86 156
111 100
26 61
134 3
111 41
1 17
119 79
143 10
137 71
88 133
101 116
135 150
110 8
67 149
133 115
8 155
97 115
23 105
59 94
114 157
137 76
78 49
69 147
74 137
54 36
152 2
148 31
102 133
144 92
117 137
127 124
142 59
6 153
122 48
79 50
136 77
154 121
64 79
112 126
133 147
7 137
102 126
141 35
11 126
104 130
26 9
38 112
98 86
21 144
9 34
80 154
125 3
103 95
81 24
95 121
75 143
105 152
96 21
77 84
35 118
153 129
101 20
47 73
38 65
42 48
43 47
142 40
106 153
103 71
100 22
13 104
67 11
100 94
17 84
13 12
75 44
74 103
17 149
38 25
13 66
7 76
86 58
73 52
126 18
133 48
92 35
149 61
55 58
88 26
48 58
120 92
153 101
19 58
77 40
149 35
52 33
101 44
57 138
91 81
133 27
99 80
60 77
55 154
91 31
150 136
137 130
155 79
114 103
81 113
61 22
123 35
100 18
25 67
143 60
82 70
44 56
26 70
61 86
14 151
148 33
133 154
9 32
63 52
4 114
48 68
102 47
5 126
76 66
81 20
150 86
9 25
154 143
68 83
128 98
85 113
46 104
45 57
81 44
134 10
9 85
113 58
148 11
42 14
21 126
74 136
108 141
9 40
80 1
122 27
58 37
76 4
100 44
17 136
48 86
106 65
116 32
73 22
62 46
145 142
52 86
45 27
152 37
41 113
8 26
86 78
24 50
124 105
83 40
63 139
118 97
71 76
95 12
56 105
17 104
23 25
27 55
25 64
144 101
13 92
106 60
10 112
126 16
2 88
3 42
91 104
46 152
80 75
53 137
97 44
130 106
19 25
48 133
8 132
102 84
113 151
102 11
19 89
12 21
25 126
112 22
140 80
93 129
129 153
48 144
146 55
17 25
99 21
50 103
3 153
151 78
94 54
154 49
26 22
27 100
53 49
41 137
138 45
156 98
121 130
11 111
135 22
59 37
46 81
107 41
76 121
142 39
140 5
89 2
22 67
58 30
4 83
35 1
141 158
63 78
134 34
153 96
75 134
139 69
109 7
43 13
89 125
62 35
25 92
84 44
37 82
58 57
59 1
55 134
61 150
128 9
57 130
71 127
156 52
49 80
65 93
9 81
83 36
35 4
96 93
76 140
63 103
13 71
113 31
120 74
28 27
76 158
122 11
46 80
1 99
90 47
113 24
90 28
44 113
86 112
129 67
32 68
95 38
77 12
140 17
45 96
64 58
93 155
71 108
140 33
57 152
64 30
63 97
63 22
66 111
95 100
24 92
70 109
156 89
11 60
93 40
72 73
98 119
157 156
11 26
100 57
22 101
147 42
102 37
158 30
98 11
39 35
42 135
44 13
96 9
41 125
18 16
129 123
154 149
15 96
15 91
77 55
17 29
145 100
100 23
28 100
156 144
66 108
54 125
88 15
22 75
14 55
57 134
52 75
135 16
66 37
99 31
120 132
66 8
20 74
67 54
141 27
32 77
118 104
157 37
22 148
112 98
124 122
100 127
154 96
61 111
74 153
151 42
33 61
78 55
28 40
6 144
5 30
124 54
16 61
83 33
6 34
139 23
127 86
66 11
15 82
149 108
23 55
124 22
98 142
113 76
118 77
117 28
145 1
123 32
27 139
127 24
6 17
115 34
105 149
54 43
51 70
142 123
43 58
91 37
80 33
135 87
111 21
138 86
109 43
1 16
114 1
104 103
62 119
52 2
58 69
126 113
23 53
140 74
108 7
17 101
7 87
89 134
5 25
152 109
111 18
135 11
152 29
106 109
5 117
14 61
80 148
8 34
111 126
54 41
119 105
72 97
54 24
21 22
101 105
131 114
150 55
27 60
79 147
80 121
133 112
101 1
58 3
154 18
6 15
43 85
154 92
2 83
156 91
104 124
123 107
33 88
1 157
37 139
28 113
79 83
29 132
42 45
135 71
103 126
26 148
40 77
100 150
9 63
95 156
112 140
103 139
103 45
126 156
6 26
40 130
29 4
112 60
139 136
143 133
102 58
153 95
55 123
114 12
133 30
98 50
90 111
127 144
103 49
153 13
98 16
5 90
6 39
144 45
145 34
60 72
36 62
70 148
13 39
31 125
21 80
45 156
33 130
83 139
87 110
91 134
84 2
140 77
116 13
114 112
95 91
54 4
19 117
117 58
138 74
33 101
93 3
104 73
104 110
148 135
146 9
3 80
81 38
67 72
137 150
70 1
77 65
12 141
61 116
59 6
63 55
101 2
115 10
126 125
1 141
148 63
76 67
53 44
133 10
37 145
142 93
143 139
43 36
129 144
69 58
116 30
124 149
3 138
94 102
125 14
119 39
14 90
78 33
64 28
96 108
67 148
58 120
43 70
72 127
62 82
50 55
151 26
94 93
139 50
111 75
148 51
105 28
125 6
35 132
98 113
131 87
115 129
38 109
144 114
124 89
140 151
142 13
126 23
119 100
128 121
124 42
152 53
28 37
34 151
65 139
42 31
47 130
26 7
120 87
30 19
29 86
131 34
125 86
114 131
5 121
86 53
62 52
65 157
56 63
147 2
104 79
63 10
127 125
118 11
141 89
150 61
147 113
1 84
73 121
51 3
131 17
85 9
27 19
57 35
87 148
100 56
97 98
7 95
130 138
95 89
75 5
4 42
90 126
152 112
37 20
115 116
132 37
127 88
84 101
23 49
67 113
156 59
11 146
153 80
82 139
134 151
148 110
3 96
111 82
4 2
18 114
41 61
88 56
143 29
82 132
131 117
58 77
2 22
122 54
51 19
102 156
77 80
137 52
45 75
90 131
82 121
77 155
40 53
4 93
3 52
37 133
137 84
96 126
55 19
7 111
2 86
120 9
11 46
155 142
150 1
117 23
153 144
95 29
39 143
51 78
3 94
143 130
46 38
118 12
76 101
82 94
71 37
148 107
51 92
104 105
27 157
29 82
67 59
113 37
115 66
30 118
150 143
152 156
123 131
19 145
90 116
156 54
51 108
44 156
157 138
22 26
157 89
2 35
57 12
16 12
53 71
40 62
72 33
5 138
97 27
111 53
144 96
83 56
95 157
79 20
70 114
114 29
57 139
75 90
24 77
44 126
3 49
145 115
98 21
151 66
115 98
42 60
63 99
34 89
115 37
135 52
126 63
53 96
116 43
32 87
32 151
117 131
78 26
100 35
16 67
30 113
127 149
29 158
120 119
2 45
58 32
37 62
70 83
6 58
14 103
158 108
38 10
73 112
158 60
52 40
72 105
24 71
113 6
79 85
152 98
84 68
112 82
96 67
107 98
137 36
37 116
116 122
125 50
102 91
85 76
59 89
24 97
153 21
117 64
136 16
86 46
99 23
43 152
59 126
148 83
17 54
28 136
65 121
57 27
17 145
137 121
91 147
94 83
137 26
150 109
64 128
80 6
77 87
55 107
55 93
13 105
14 91
154 152
45 63
109 35
40 87
73 116
35 45
154 59
101 6
30 3
63 29
130 139
2 20
92 158
157 68
87 44
67 118
48 30
136 34
69 77
156 110
136 117
25 53
139 44
84 104
19 20
43 128
3 46
92 61
67 101
78 124
23 66
5 149
124 114
146 112
89 42
87 89
41 147
59 78
52 85
79 16
96 98
50 140
42 5
45 4
29 101
150 99
14 59
23 128
123 99
99 106
94 48
73 127
76 50
52 44
41 56
114 79
85 120
136 96
129 43
60 145
109 98
45 103
36 117
36 132
113 80
80 144
133 13
69 86
58 24
120 135
152 104
23 143
94 99
20 95
80 85
150 30
65 112
27 155
135 55
96 89
41 95
62 101
99 146
120 143
158 79
122 68
69 146
67 97
143 68
114 143
123 139
108 97
49 141
26 89
104 132
31 124
132 158
116 49
70 101
117 77
23 149
79 109
49 104
63 43
69 125
125 110
45 71
59 5
35 142
20 145
147 99
31 93
112 96
26 73
16 64
100 144
19 113
30 116
81 107
111 106
89 155
58 118
152 39
148 14
102 38
57 154
143 116
112 148
93 74
117 38
42 150
46 145
61 131
68 4
141 63
57 81
68 92
36 96
114 136
109 145
133 101
22 95
81 92
76 52
128 87
71 126
45 133
81 22
32 95
111 129
23 14
87 52
143 21
19 67
59 144
33 84
106 142
22 83
14 13
46 135
114 122
82 39
86 22
16 117
11 93
116 28
88 124
123 112
20 8
114 85
118 108
97 26
28 12
87 38
125 90
143 62
88 157
107 140
79 31
85 96
49 145
5 150
158 86
87 114
110 49
142 80
19 147
143 153
147 35
50 12
76 112
22 72
101 109
47 65
155 112
41 101
26 140
35 128
84 42
93 102
36 86
128 115
137 66
109 64
38 119
141 73
67 116
72 152
142 122
152 128
156 47
29 49
74 32
71 22
73 126
59 86
32 10
132 114
144 111
105 158
13 93
97 106
79 42
76 93
142 20
108 149
141 79
142 48
65 44
36 144
123 77
32 116
154 138
133 46
116 69
2 14
45 52
84 158
65 54
105 37
84 129
49 102
11 55
108 43
155 74
112 114
120 64
91 34
104 15
153 141
61 99
156 76
129 141
89 9
53 82
11 100
101 52
47 38
20 115
27 21
19 143
83 61
130 99
142 121
20 125
87 30
62 141
80 56
150 78
138 83
66 50
138 42
42 144
85 52
52 126
5 102
70 27
104 35
47 7
140 52
13 37
152 16
151 124
137 120
114 132
62 116
66 73
95 34
117 1
37 152
35 147
49 52
132 22
15 51
57 31
19 9
119 28
64 62
44 83
133 76
8 11
116 111
40 139
85 21
25 145
5 120
119 35
40 76
55 30
114 72
44 157
73 142
64 129
6 131
129 65
115 62
53 153
136 33
83 11
71 130
143 13
6 102
20 149
113 41
53 106
80 87
53 50
107 6
34 102
93 25
88 114
127 96
17 21
117 145
124 26
149 24
60 139
112 38
125 2
59 48
7 106
30 148
6 84
152 139
52 57
82 61
58 68
35 77
61 67
146 10
97 88
145 15
101 42
96 87
90 5
156 23
132 91
10 66
115 31
131 62
157 18
58 6
72 118
19 126
87 25
67 134
103 79
8 27
143 90
40 67
118 56
30 14
16 53
104 30
101 157
66 131
72 28
98 81
29 52
117 27
131 15
152 102
100 113
157 56
57 13
155 47
93 115
142 102
21 147
93 60
93 97
71 91
14 10
38 103
89 156
50 153
151 76
62 68
5 103
61 60
15 55
4 110
95 21
72 46
137 96
75 103
121 153
119 68
153 63
107 57
49 47
121 135
147 137
148 41
142 30
24 69
48 113
157 53
153 20
67 15
125 156
54 122
123 54
55 121
35 98
121 103
86 138
113 33
105 6
87 32
39 11
98 135
119 40
121 3
114 9
2 87
2 118
42 141
79 41
5 152
69 118
16 51
156 97
107 30
3 102
158 18
86 21
152 95
141 20
45 99
138 147
135 97
39 127
139 97
156 40
79 46
139 57
153 2
85 142
62 65
2 113
67 13
67 71
50 5
157 101
83 124
150 98
99 133
122 42
18 19
116 140
49 116
125 91
148 88
84 29
79 33
149 1
92 15
68 65
32 112
123 57
20 52
63 27
149 27
96 132
66 4
10 93
66 96
105 100
39 56
38 24
29 19
139 35
21 85
156 17
81 132
56 23
127 40
108 99
30 107
153 90
72 100
113 128
75 147
111 22
55 17
53 12
56 103
15 122
119 87
95 111
59 9
93 106
131 147
143 81
90 14
75 66
129 21
152 73
20 97
146 103
66 30
9 86
101 38
42 131
127 14
35 79
69 154
67 94
87 17
13 38
88 97
47 97
60 100
121 4
43 1
95 71
4 56
21 39
56 116
106 71
76 68
37 69
34 88
82 59
75 151
36 1
9 65
71 150
42 6
116 119
127 82
111 94
74 6
3 43
15 48
138 156
82 13
40 74
131 74
136 127
148 54
17 10
142 90
82 112
58 76
43 88
64 52
74 85
128 148
44 74
27 29
41 40
78 101
120 142
26 100
5 73
78 141
86 146
155 106
14 45
103 68
112 127
63 5
75 117
79 78
62 1
3 126
136 75
119 137
61 40
23 59
120 56
9 130
15 101
147 66
151 81
31 57
23 74
75 148
126 7
22 39
53 105
149 80
113 81
24 29
103 115
55 24
123 10
87 24
78 57
105 19
144 63
120 26
84 124
94 3
73 152
118 157
73 8
27 46
107 49
34 18
127 15
128 16
51 96
18 73
112 64
51 151
136 91
146 93
56 65
106 77
81 58
89 73
13 146
140 29
146 90
141 134
114 141
127 135
143 53
13 143
113 51
7 147
100 17
44 145
10 119
45 51
134 144
15 59
70 135
142 24
135 53
34 115
46 158
101 103
44 5
53 14
77 16
60 39
37 120
13 75
8 33
107 16
9 15
93 130
75 126
26 98
154 130
95 10
100 63
67 126
133 139
87 77
42 105
101 154
84 102
121 110
148 85
49 101
89 28
145 133
69 70
131 158
30 109
58 93
83 119
63 150
50 79
30 23
142 70
37 18
110 43
39 124
67 74
59 105
132 69
117 96
55 26
44 90
78 60
6 99
58 10
48 153
18 133
15 31
20 22
47 152
82 40
61 12
82 131
83 37
41 11
4 20
79 7
57 112
2 104
64 37
121 131
83 1
98 54
86 39
20 101
34 121
69 106
158 99
35 70
20 86
60 76
52 69
8 128
19 31
24 42
155 92
158 100
117 45
70 157
143 118
107 12
41 97
68 81
145 6
95 27
126 133
50 31
140 20
117 41
152 91
30 146
18 24
58 61
62 72
2 44
77 158
46 83
41 37
157 145
48 89
1 5
57 79
136 118
112 124
77 88
62 140
158 98
152 138
42 126
155 72
137 111
12 3
133 142
90 16
34 131
139 101
59 61
4 61
51 122
62 78
10 99
37 48
131 154
32 22
65 95
82 49
69 116
4 71
43 148
71 59
45 5
107 39
100 46
100 54
148 28
26 72
62 136
74 86
143 56
94 9
80 46
77 127
156 43
32 123
100 41
15 25
158 51
93 7
67 133
142 132
90 87
105 76
75 96
21 44
114 6
58 127
34 47
45 18
40 25
109 36
91 137
81 82
69 139
73 129
24 145
11 104
8 76
43 9
148 134
81 125
152 141
41 86
113 77
107 64
68 96
140 82
93 121
48 98
93 114
92 93
137 126
4 100
147 69
22 14
150 127
113 100
23 103
40 12
27 122
34 106
125 93
31 87
123 1
64 126
105 139
88 50
5 42
139 133
80 67
57 5
52 38
61 155
115 101
122 23
75 130
59 138
131 151
117 134
122 95
114 2
117 59
60 150
5 48
156 143
48 96
69 102
154 115
34 8
50 131
10 141
9 6
83 41
1 127
132 111
96 42
39 67
89 51
23 126
1 126
72 30
106 3
87 20
82 33
157 152
113 140
68 51
135 63
23 101
82 84
96 73
88 41
93 17
24 56
28 119
42 44
112 157
140 105
7 15
60 17
104 145
38 41
107 14
75 101
85 88
77 138
8 138
14 147
16 33
32 139
68 80
55 129
35 145
149 100
49 58
39 91
94 92
150 144
138 93
121 6
40 115
111 119
134 6
120 45
77 22
129 111
152 69
29 66
57 99
24 5
88 16
106 144
138 99
150 155
118 82
45 89
157 64
97 4
91 111
129 94
101 12
74 91
60 108
37 147
74 26
128 65
103 135
114 30
154 5
100 15
68 13
79 43
59 98
108 4
46 124
16 132
97 63
133 77
129 147
16 111
11 107
4 28
44 148
1 111
105 61
104 90
6 79
139 60
95 44
145 37
17 127
62 95
109 77
31 113
7 102
119 48
135 9
85 111
72 50
21 46
151 67
67 155
84 70
123 70
69 105
58 88
125 116
60 58
105 113
3 34
150 70
103 62
98 69
125 69
130 11
101 43
102 28
146 81
101 128
55 112
38 157
8 120
102 39
3 154
5 24
143 142
67 83
98 1
103 70
98 51
150 29
15 35
117 106
134 146
109 41
80 49
65 17
61 56
27 142
95 33
78 129
75 97
46 55
13 123
132 130
67 158
99 45
146 22
81 47
54 99
152 36
98 46
57 125
24 64
147 21
148 145
106 10
37 153
132 18
26 15
101 111
118 60
112 21
6 85
70 36
23 84
70 96
11 13
39 122
92 19
141 30
61 132
79 111
18 150
14 75
157 131
46 128
28 32
37 154
38 31
91 99
28 112
9 118
130 155
74 29
18 43
65 49
65 109
56 72
37 125
90 37
80 39
72 4
153 70
158 113
119 101
26 54
92 138
103 20
150 53
104 151
48 131
111 114
157 105
129 52
46 33
119 118
124 146
10 125
106 96
7 28
95 84
141 130
10 50
112 95
104 136
61 26
33 120
117 111
83 84
68 36
41 68
13 17
93 127
80 108
53 13
111 132
141 90
29 34
126 155
4 53
114 37
87 135
127 146
45 142
8 38
79 104
38 123
69 27
42 16
119 92
41 32
28 70
55 115
38 128
130 116
103 4
40 13
102 98
86 119
78 63
149 145
14 110
133 87
135 13
3 30
89 61
113 142
5 88
73 20
9 74
131 28
144 66
52 108
31 148
36 37
54 16
56 104
88 25
148 2
32 158
142 138
97 12
155 107
70 2
20 88
91 153
118 72
95 130
24 146
60 151
95 145
130 152
87 21
55 150
32 109
24 43
131 11
7 57
17 93
35 124
46 87
112 81
59 140
53 42
153 25
51 113
89 68
138 79
63 73
48 155
48 55
56 47
123 22
54 34
138 32
79 60
149 37
141 151
96 76
73 66
132 147
133 65
90 12
115 149
16 110
16 30
144 143
88 69
144 27
114 68
23 83
83 130
70 80
26 154
32 21
88 52
54 26
145 71
83 90
102 44
79 21
132 146
71 97
23 67
119 73
56 14
82 56
107 116
71 139
89 33
69 8
100 142
53 56
31 34
145 77
40 28
13 117
96 57
139 105
23 1
24 49
88 53
149 151
153 122
6 18
79 23
31 98
81 41
89 140
80 42
63 136
154 126
93 48
39 21
86 66
83 100
143 105
34 91
80 129
47 83
1 28
67 17
90 71
109 9
8 32
93 156
18 86
106 43
17 88
134 154
29 93
43 132
31 94
98 56
132 40
129 44
88 78
47 98
111 32
95 97
136 156
120 8
13 119
5 98
51 54
23 130
85 101
10 120
66 81
130 81
9 143
58 16
146 26
63 57
125 152
40 36
33 17
37 111
106 36
101 82
82 80
106 114
78 52
142 49
51 69
111 45
66 16
137 105
30 6
112 35
24 19
71 20
24 60
19 75
110 77
7 46
32 156
64 138
106 148
68 135
104 147
51 115
35 75
114 140
121 114
64 14
1 60
125 55
14 1
132 20
145 11
3 21
76 6
107 80
143 30
1 76
133 155
138 139
48 59
9 123
24 156
74 66
84 95
140 139
46 111
48 22
66 118
127 8
89 60
40 135
42 18
49 53
34 31
98 49
66 144
54 1
137 132
45 139
100 65
105 3
9 99
41 66
80 20
75 40
35 14
16 98
89 31
2 15
67 110
141 65
129 8
44 133
157 67
135 20
77 41
60 119
59 19
137 5
128 10
95 17
95 92
58 154
89 139
98 129
75 16
136 108
70 154
140 78
75 9
26 48
152 44
107 138
43 106
44 104
38 64
26 102
148 32
139 52
118 99
50 108
82 133
49 115
131 70
83 79
108 40
78 42
69 63
122 147
77 29
106 29
106 1
34 4
7 61
35 46
126 139
38 129
70 45
117 99
102 157
107 17
145 107
153 23
64 33
143 59
69 10
86 29
155 100
141 45
129 93
6 40
16 91
79 136
127 48
65 91
135 91
19 130
29 135
39 128
119 20
144 142
77 94
129 48
27 124
151 48
23 75
129 28
104 80
63 31
18 146
34 71
82 103
79 44
59 4
101 59
148 140
42 37
53 134
135 36
128 143
78 54
73 157
107 124
8 158
104 118
158 25
93 21
7 23
56 55
96 45
143 114
80 113
108 146
71 118
41 50
108 82
104 106
112 79
87 111
20 148
2 34
6 53
125 148
84 73
119 145
56 114
123 113
11 37
84 156
143 55
64 151
64 57
130 156
10 12
26 158
61 15
46 65
76 139
117 25
114 53
43 136
65 52
145 63
73 10
126 56
120 52
140 108
4 97
48 27
101 133
21 92
119 89
41 14
90 32
99 18
21 84
18 100
68 22
44 75
153 55
44 76
33 42
60 68
120 91
40 143
95 15
44 132
137 64
46 66
134 12
104 154
85 37
27 20
125 95
151 153
55 73
37 98
149 59
119 62
118 8
20 42
72 52
64 50
141 123
57 142
16 52
103 155
11 134
38 76
3 136
79 150
76 124
28 49
144 71
9 126
100 125
102 27
108 136
42 119
87 100
18 111
52 95
47 48
156 147
19 27
45 113
31 2
87 93
89 85
4 157
155 150
125 84
96 115
116 118
118 90
114 109
53 142
17 130
98 91
123 95
26 113
73 146
47 50
124 130
57 28
140 124
96 10
25 59
99 68
133 61
69 124
42 30
7 135
30 69
94 132
94 16
15 41
44 2
9 37
113 66
98 59
58 72
32 130
52 11
130 136
10 61
41 84
27 87
133 117
148 13
85 29
45 60
57 87
150 134
39 131
58 18
54 29
147 18
78 133
102 9
81 55
117 120
49 41
101 22
55 67
108 62
39 111
24 112
64 102
123 16
114 44
53 113
92 91
27 7
7 156
60 101
123 67
111 123
133 71
33 151
44 32
35 52
60 144
22 73
31 79
138 110
75 89
15 120
150 90
68 39
55 46
16 19
134 108
114 156
99 29
108 47
12 91
105 13
122 83
107 133
143 149
143 147
130 76
61 2
98 9
27 33
1 124
98 24
119 67
156 150
140 50
103 14
31 23
135 80
61 114
73 144
111 38
61 157
22 35
115 113
59 115
111 68
43 8
31 74
131 98
15 87
58 156
122 123
52 102
138 40
26 1
61 143
140 2
107 8
101 54
50 41
112 40
70 15
90 35
85 78
77 15
137 141
9 78
1 130
43 109
17 65
105 127
89 21
79 84
9 111
55 137
113 50
78 18
29 63
145 135
157 69
120 122
11 41
13 24
121 15
133 120
150 65
125 43
71 122
28 67
28 4
22 119
131 143
92 1
52 90
106 4
102 75
141 106
83 26
23 147
141 85
121 35
146 97
130 32
114 35
101 53
153 99
25 36
74 5
101 155
148 111
113 10
144 49
44 61
56 39
12 51
61 39
125 119
108 42
146 39
37 3
87 71
20 137
144 83
30 64
114 50
123 96
118 123
75 139
70 38
144 54
126 45
40 33
56 107
10 101
29 81
153 111
70 137
131 32
92 127
28 64
127 106
16 101
114 36
142 77
17 81
136 17
121 28
138 53
22 11
81 146
122 20
20 104
28 114
67 81
7 86
101 48
158 135
19 79
109 136
51 41
151 79
35 114
149 153
153 74
150 51
113 127
106 150
145 121
154 151
5 8
93 139
115 117
103 112
60 21
140 113
147 13
95 13
139 142
130 127
49 136
51 21
3 104
49 92
93 126
69 64
6 64
140 70
34 68
46 99
158 111
102 78
132 89
81 157
16 1
91 127
93 73
76 115
42 124
115 4
117 24
88 89
35 56
13 147
55 49
39 16
58 132
61 75
108 98
84 66
108 113
148 82
153 17
91 154
7 53
24 130
142 148
11 131
15 19
4 7
106 58
140 18
111 85
121 100
73 48
29 27
39 61
139 58
136 61
132 118
33 109
67 130
37 43
56 8
19 3
15 124
93 28
69 141
152 97
123 89
84 126
50 107
127 59
1 26
85 20
111 26
84 100
104 58
133 21
128 133
69 126
1 114
105 90
130 65
82 140
86 145
92 97
53 129
75 21
148 95
33 9
65 116
132 56
137 93
95 96
48 52
4 104
19 72
158 82
19 53
16 129
141 67
93 101
118 116
143 36
83 106
15 3
18 20
155 144
75 123
54 97
19 87
155 1
59 134
64 25
12 76
132 2
39 86
136 45
38 141
37 129
137 101
91 114
31 41
9 17
121 13
14 100
55 20
18 137
32 149
101 5
151 96
114 126
37 38
152 71
112 147
116 88
118 85
142 10
88 34
74 152
131 38
154 24
113 56
29 139
134 115
36 92
111 9
75 83
139 104
123 84
76 8
107 9
40 136
90 23
26 137
131 57
34 13
153 22
46 114
104 146
119 3
144 115
81 3
15 2
130 3
152 43
111 49
23 144
33 66
117 103
128 26
42 70
103 146
45 140
128 28
101 10
112 88
71 116
31 121
138 115
45 112
11 113
153 1
7 138
21 34
156 135
149 88
51 27
139 125
124 47
158 56
132 68
73 58
64 88
135 132
7 92
55 38
27 135
113 40
140 3
115 127
124 84
76 42
158 146
42 43
158 106
50 6
24 151
144 23
127 34
5 2
83 76
34 63
71 29
114 115
31 1
68 143
94 78
84 24
103 54
60 103
47 153
55 148
54 96
24 95
104 41
95 75
106 7
99 13
3 72
92 120
78 81
67 48
152 122
43 72
98 84
108 151
108 111
147 20
45 134
31 68
62 42
156 53
110 130
136 65
7 90
158 8
119 15
76 62
154 67
96 14
103 61
38 108
4 32
71 26
3 128
93 44
39 75
148 43
126 83
11 43
68 5
65 41
8 69
103 15
140 66
119 9
62 89
76 27
61 63
2 130
79 26
158 44
149 5
3 39
105 44
111 39
136 82
44 129
79 82
106 140
114 60
48 79
133 47
36 76
57 135
66 32
59 110
59 145
95 115
40 101
12 36
129 11
138 75
42 72
145 73
27 2
150 63
26 133
7 19
122 153
137 145
18 52
97 11
144 73
54 131
141 66
104 125
24 53
7 8
123 2
158 5
116 68
102 124
144 53
44 142
140 55
105 89
102 117
43 118
24 35
49 51
144 8
15 141
77 130
3 69
22 46
43 91
49 129
62 8
145 45
42 38
88 66
127 94
138 38
68 131
134 9
64 93
63 74
44 117
144 41
53 149
149 8
91 19
75 10
150 58
141 147
7 38
40 120
142 44
38 143
3 60
114 46
81 83
74 19
68 28
6 24
94 110
149 90
57 66
121 37
70 13
139 39
3 28
89 32
134 110
74 119
22 48
93 56
15 61
75 144
114 31
38 15
101 115
146 79
121 20
26 78
114 24
63 82
102 129
73 131
86 67
124 61
130 147
114 142
51 89
157 2
130 31
12 14
82 12
22 98
118 125
21 95
122 66
42 128
122 13
139 129
25 30
4 76
157 28
54 92
44 80
143 38
66 25
1 134
132 122
78 23
42 75
56 87
60 46
44 14
67 60
68 19
140 13
145 86
105 59
65 89
3 78
26 64
39 7
73 84
26 27
154 14
119 8
137 80
94 70
114 42
133 54
140 149
6 138
105 16
108 110
121 116
70 46
62 71
65 100
27 11
108 86
6 158
116 85
37 84
6 101
108 94
114 149
15 6
10 118
66 102
101 11
83 35
25 42
130 77
98 130
17 59
87 96
120 72
64 76
136 9
122 106
146 52
66 22
71 51
7 56
75 41
8 144
57 77
13 127
114 99
30 154
151 77
138 57
128 146
124 95
8 42
110 27
90 80
19 48
152 158
92 90
123 104
91 98
105 116
57 118
6 105
118 58
24 125
13 36
81 59
150 79
154 7
56 100
82 111
22 133
13 20
106 44
77 95
142 46
102 68
140 152
10 74
28 42
77 30
2 125
101 9
33 15
108 80
96 158
63 125
134 140
133 14
77 48
27 57
157 133
79 94
157 11
148 67
6 57
91 94
4 19
97 80
70 146
21 100
52 123
32 138
34 22
126 98
90 56
64 39
14 39
116 61
76 122
7 58
86 6
96 144
13 142
14 155
151 85
143 65
155 22
40 59
53 22
93 96
47 52
66 64
47 116
81 137
129 66
14 153
76 55
26 12
127 110
5 56
151 22
116 29
107 28
148 104
41 21
8 29
127 87
49 81
59 52
110 54
60 61
54 23
123 17
20 102
143 33
68 101
139 154
30 21
107 142
123 91
119 25
67 122
10 26
6 109
133 97
78 25
158 130
121 73
8 79
147 8
26 121
83 137
129 16
63 84
22 65
115 22
87 69
147 150
18 41
81 131
131 140
29 96
10 78
110 25
149 78
101 93
124 110
126 48
143 102
48 61
58 96
134 73
2 36
119 37
22 150
81 121
78 147
144 26
57 25
79 87
40 92
150 87
141 99
81 139
24 135
45 74
132 13
16 75
53 17
29 14
148 150
94 130
121 108
125 158
110 109
68 7
120 88
20 113
149 55
103 129
62 59
147 119
33 6
16 25
29 85
66 123
117 42
142 92
95 113
157 23
120 24
83 13
148 10
109 143
139 153
139 31
79 67
16 109
12 106
102 139
89 149
86 70
59 13
119 71
59 87
157 33
150 129
3 90
41 158
57 44
120 31
76 94
54 82
32 78
127 91
105 47
84 143
100 19
41 128
114 76
142 97
79 106
139 117
54 107
138 7
98 141
78 51
25 99
52 131
93 113
11 120
90 20
130 93
3 32
41 92
83 58
110 75
91 106
149 137
17 35
64 132
30 120
50 76
24 8
87 156
144 156
136 24
57 39
154 107
39 119
85 129
152 63
63 70
95 118
65 39
83 38
92 4
137 143
67 70
22 55
155 137
50 120
60 122
81 97
109 89
56 92
148 80
33 44
32 146
145 84
137 131
2 72
144 35
39 51
157 128
100 6
36 22
144 68
88 8
62 142
157 46
37 73
157 88
49 64
154 119
119 135
45 13
52 143
25 54
54 149
124 98
116 36
104 100
122 39
43 104
157 75
94 43
98 65
65 106
39 33
91 120
113 134
107 110
155 3
119 16
9 122
134 42
50 83
47 35
15 17
149 14
23 136
80 150
21 112
14 40
140 138
18 94
3 144
122 113
139 119
23 35
77 117
4 125
155 128
101 145
121 77
14 131
153 59
142 116
66 139
100 102
143 92
106 51
25 89
11 57
81 133
124 87
139 128
63 16
120 102
153 51
44 127
97 24
98 73
19 93
75 109
82 21
129 149
5 86
135 89
18 13
135 73
112 105
150 74
57 29
37 117
135 155
72 96
59 62
127 158
79 80
127 84
20 122
40 14
61 152
28 25
115 125
33 105
64 97
144 10
49 72
34 79
23 153
98 23
52 48
22 156
36 149
71 132
74 142
146 152
147 65
110 155
156 24
11 52
117 34
80 105
150 27
127 98
126 97
141 105
50 124
93 154
155 145
77 149
74 79
158 29
127 102
61 101
109 120
113 67
154 99
76 86
83 156
36 133
99 26
78 118
28 98
39 38
37 11
99 91
153 110
116 124
30 155
28 105
127 16
22 99
113 111
43 78
20 121
123 127
134 125
34 127
154 86
68 98
30 141
123 106
155 158
9 144
136 43
84 107
95 117
135 75
18 149
17 23
153 145
98 146
22 63
105 42
106 74
32 125
76 129
91 28
155 129
60 55
54 115
155 78
6 90
73 95
98 126
63 155
110 69
132 41
92 111
22 45
89 80
146 157
88 55
143 45
7 73
2 8
29 103
94 56
149 49
144 65
78 10
17 16
96 153
50 136
68 149
120 59
115 132
97 117
116 22
32 44
52 70
127 66
135 58
41 12
53 130
92 40
51 116
77 74
98 29
126 82
121 94
53 90
107 134
113 108
156 93
116 110
17 82
137 154
59 3
113 104
133 60
49 93
13 67
46 19
21 53
121 147
4 58
66 89
77 52
158 14
115 68
4 23
17 150
77 19
134 44
36 104
81 112
37 146
7 81
72 14
90 93
2 38
13 86
59 8
118 46
36 48
106 116
156 83
135 85
141 1
89 55
94 40
21 99
121 152
80 68
126 101
145 130
82 150
8 105
31 95
49 158
64 120
56 112
81 105
154 118
51 76
103 117
125 97
82 97
141 21
156 45
1 131
157 20
34 14
116 19
6 157
83 3
3 11
89 137
25 144
90 157
54 19
11 86
54 136
77 125
101 31
144 140
70 28
37 33
89 10
14 109
136 121
70 125
92 43
60 59
100 24
102 79
83 154
105 123
90 118
22 19
137 50
80 60
157 126
40 150
41 53
18 109
33 27
52 141
22 66
116 59
63 156
122 85
34 101
27 153
35 63
65 18
44 20
46 88
129 17
51 112
94 19
148 18
152 84
94 8
10 96
121 55
32 17
48 78
103 113
112 6
34 137
88 125
127 80
113 43
61 90
103 120
80 4
153 127
106 147
40 19
113 154
103 132
86 48
81 61
95 149
122 104
94 24
104 69
129 140
150 45
15 79
88 11
156 5
112 58
98 150
89 109
145 23
23 21
74 149
25 91
74 124
79 70
33 78
134 27
108 35
93 16
16 125
55 44
68 60
12 57
24 44
26 86
30 10
30 147
20 89
76 34
125 120
125 141
99 42
93 95
72 77
156 29
99 10
48 50
31 133
30 121
24 117
40 88
56 102
130 16
123 23
109 78
138 127
42 35
25 138
140 61
110 102
20 82
155 2
4 151
67 26
79 48
158 4
43 89
103 83
30 140
27 15
101 8
9 5
123 118
82 5
114 124
38 94
103 131
9 29
21 124
65 75
73 148
144 145
48 74
143 31
39 5
90 17
14 132
108 68
31 110
106 30
22 140
129 15
141 96
89 122
72 51
110 150
19 42
137 153
97 65
40 124
92 77
81 143
23 93
93 104
49 150
25 46
37 2
17 117
119 51
101 95
90 29
69 23
23 87
105 83
50 25
48 104
155 59
84 81
27 28
31 90
75 62
86 83
80 28
129 41
28 78
42 3
39 153
88 106
63 34
71 53
19 13
82 83
133 121
46 125
103 102
9 135
89 11
113 110
101 16
87 1
77 4
10 91
97 69
115 140
16 121
5 3
101 114
25 105
123 43
48 142
33 48
154 97
124 70
121 122
76 20
151 5
66 18
28 138
123 105
25 66
33 54
87 103
35 157
14 68
95 108
102 56
153 93
127 27
109 10
56 9
65 138
62 148
67 18
51 100
38 144
110 74
128 78
2 117
70 30
49 134
147 141
132 120
102 72
147 15
35 92
100 3
52 25
8 122
112 20
152 25
21 138
92 68
15 38
19 124
27 79
36 74
121 149
113 4
72 38
102 113
150 102
143 73
98 136
34 114
38 154
92 142
149 13
34 27
61 66
129 103
15 149
139 122
97 148
15 85
61 112
94 12
111 46
103 134
33 81
144 18
137 44
90 25
47 15
63 15
9 87
76 106
135 112
148 144
119 77
10 40
122 8
29 133
108 155
2 18
74 52
32 16
106 32
83 152
146 142
158 139
91 88
11 5
61 45
50 84
81 84
33 140
14 150
71 66
3 149
55 12
129 137
133 62
96 63
68 78
103 85
157 8
129 40
98 92
118 141
92 143
142 37
29 120
111 35
79 71
135 64
118 89
53 78
59 103
148 125
100 47
68 140
28 48
89 111
29 134
38 46
112 12
96 24
134 147
36 152
154 35
45 83
142 60
47 102
46 121
66 5
25 93
101 7
84 86
87 145
147 67
104 127
158 16
140 14
151 118
107 154
30 123
81 40
75 50
111 150
142 151
135 103
148 105
77 13
22 82
28 89
7 96
72 58
151 61
145 129
143 2
131 42
59 146
13 122
9 43
158 112
39 129
118 67
154 23
109 132
41 134
95 102
97 76
95 1
31 59
118 2
57 54
99 158
131 97
115 141
54 22
86 68
15 70
29 87
52 15
117 91
111 155
92 58
133 157
156 81
86 51
8 68
43 31
27 50
112 84
39 156
21 3
72 65
151 102
36 128
21 129
13 101
86 45
158 15
81 103
26 30
1 122
55 139
7 83
138 9
152 3
48 33
52 4
29 136
97 85
4 130
129 37
37 140
85 130
98 17
99 87
60 51
139 145
129 14
144 51
151 54
127 71
99 97
57 45
31 4
136 139
88 149
5 125
107 126
151 23
74 133
75 98
125 128
31 107
116 157
133 32
82 93
28 129
88 131
68 69
102 119
93 1
114 69
68 107
6 80
30 156
9 20
128 88
157 16
47 57
36 143
47 20
19 106
97 56
141 10
78 21
115 77
111 44
139 84
55 111
18 130
15 93
152 145
1 24
96 123
88 32
123 69
28 16
26 153
50 21
86 153
62 15
30 54
73 47
33 53
24 108
86 129
55 80
134 121
94 119
115 109
46 15
71 77
135 106
10 137
124 2
9 4
84 92
103 46
122 16
35 112
124 66
85 126
149 104
62 88
68 120
119 46
91 1
145 113
148 45
91 102
2 56
143 88
102 155
58 95
122 142
153 113
156 50
84 155
110 73
78 122
43 97
12 116
92 30
158 10
87 78
131 4
29 111
63 58
140 157
60 24
104 152
64 130
129 82
112 144
18 10
42 47
6 152
59 7
134 138
21 150
42 92
68 84
43 154
60 18
