156 4272
109 53
29 125
13 25
51 90
22 113
111 66
128 69
86 117
130 120
39 103
18 22
83 27
82 97
45 146
97 104
127 8
60 87
15 43
66 129
127 75
93 29
110 35
78 93
100 35
8 70
30 23
118 150
83 143
92 53
117 17
150 21
102 144
50 53
63 105
45 50
13 109
122 149
26 44
124 1
109 84
23 20
80 111
86 130
33 29
111 113
70 78
40 137
126 140
114 148
30 47
13 154
113 57
45 62
5 47
119 28
28 7
147 65
116 152
60 18
11 54
67 92
52 91
119 62
44 118
98 54
122 68
59 16
143 118
131 40
78 120
136 111
121 113
107 97
59 90
156 98
41 120
152 136
70 27
120 133
41 45
39 33
72 114
15 75
18 10
133 2
32 22
133 37
97 95
92 63
133 26
71 128
70 109
26 34
10 8
103 40
38 37
11 147
31 5
121 104
156 152
27 8
33 97
123 84
23 108
79 133
105 142
45 53
105 113
103 28
49 33
76 4
46 40
17 33
108 147
106 126
112 131
51 34
41 1
139 20
55 150
108 15
128 35
152 26
122 134
90 114
146 67
83 67
36 24
138 35
128 150
4 103
134 82
137 24
15 93
97 63
90 12
24 121
102 72
29 59
153 53
125 119
144 64
9 105
77 61
133 97
139 61
17 150
55 13
14 51
11 138
137 92
55 9
22 130
31 76
155 127
30 111
4 71
82 156
150 104
153 132
97 76
1 156
152 37
114 89
8 128
3 20
97 7
36 55
1 149
107 21
64 41
98 66
110 12
138 13
113 119
40 8
150 66
70 28
124 156
31 42
117 128
20 59
144 134
124 20
133 71
101 43
40 49
76 109
118 93
81 110
90 118
132 124
42 57
26 48
43 63
62 39
69 29
64 2
96 25
17 154
40 154
133 13
50 156
61 113
114 151
2 46
59 36
67 136
109 147
143 16
66 58
102 133
75 140
45 32
53 93
36 59
27 96
62 143
121 23
33 20
60 145
156 8
80 11
127 28
128 91
70 41
118 67
150 156
20 40
15 67
93 97
93 90
97 119
143 34
92 52
6 70
4 53
63 129
143 22
81 113
112 103
20 61
13 104
92 16
115 142
58 112
76 81
26 40
134 90
114 110
138 11
63 53
48 114
99 2
125 118
118 139
88 137
72 23
82 104
69 121
62 73
46 44
17 20
29 148
115 78
37 136
44 33
95 154
140 39
80 143
60 47
134 127
19 89
145 120
61 153
111 140
48 112
137 67
111 125
58 114
35 98
108 72
130 135
50 56
72 146
112 88
129 28
35 45
104 31
106 113
151 154
114 15
113 20
111 114
42 9
112 143
119 116
111 46
51 127
114 97
155 67
23 126
51 25
134 96
155 133
50 141
31 111
147 27
131 153
75 78
128 111
88 84
61 7
83 13
123 37
17 123
73 151
25 107
76 130
11 67
84 98
86 80
95 147
108 6
113 134
80 76
2 17
85 46
110 100
1 10
10 17
149 128
148 154
76 92
154 126
12 127
16 55
155 94
69 99
7 47
26 142
47 102
67 146
100 17
39 71
81 92
5 128
15 14
102 8
9 137
88 113
18 142
90 121
102 88
85 51
36 68
33 151
11 135
49 135
9 16
115 51
7 70
94 70
115 87
46 39
77 107
11 65
30 146
63 2
67 76
44 86
102 63
10 50
50 37
100 32
17 27
7 112
45 89
110 65
20 21
135 86
37 117
148 122
41 148
7 96
124 141
110 28
69 132
135 88
93 131
13 108
21 47
34 38
135 136
131 135
5 84
7 136
38 89
148 62
22 74
41 15
119 118
110 86
87 126
3 43
27 110
105 92
139 103
131 93
55 107
14 29
79 136
42 151
132 97
111 126
134 141
89 49
68 124
32 16
67 99
52 141
18 148
99 60
39 8
10 100
49 115
52 47
108 47
127 118
125 14
16 83
11 83
35 4
143 93
41 63
53 153
148 129
148 43
63 97
86 124
40 51
110 51
56 134
44 7
102 113
8 75
52 55
147 130
4 28
77 11
96 30
81 91
62 52
48 62
62 34
127 77
115 143
88 39
142 89
85 91
15 57
69 16
17 92
153 2
102 19
21 70
93 61
36 65
31 35
123 109
126 119
90 27
49 110
129 43
53 12
90 76
137 5
113 114
41 125
100 135
55 88
148 8
109 72
62 51
95 73
57 40
67 156
105 42
88 60
104 80
7 32
92 152
27 39
67 103
100 57
87 131
87 147
142 140
72 106
66 11
38 124
2 114
95 106
96 14
70 97
97 67
99 21
52 65
39 13
155 53
105 53
120 27
138 126
18 99
69 45
94 36
12 132
130 64
153 116
29 15
10 122
156 139
18 94
138 101
49 123
98 91
20 97
4 128
106 149
52 143
49 64
131 120
39 109
99 110
57 74
24 23
44 63
97 140
2 144
11 18
129 77
39 129
41 81
78 21
85 120
92 4
155 148
43 153
1 29
55 112
148 21
76 149
93 152
1 105
134 151
96 64
30 48
145 146
151 30
131 148
31 12
32 74
69 14
26 155
64 100
60 6
75 145
19 131
59 120
61 95
79 91
139 155
109 47
18 100
104 13
125 12
93 116
55 11
154 118
83 87
154 123
83 145
67 66
126 137
126 150
45 22
118 130
23 112
46 85
91 110
142 92
139 149
107 128
137 89
36 66
2 65
18 47
49 3
72 44
124 63
98 149
72 121
125 37
65 115
156 1
40 68
57 4
140 107
138 50
74 9
144 38
24 83
47 13
65 8
60 98
119 73
38 29
136 92
141 35
114 105
63 133
116 5
50 29
19 69
51 75
125 104
106 117
64 57
71 48
24 50
94 53
77 8
75 88
100 45
70 59
39 126
102 27
117 150
112 96
98 61
94 28
122 97
115 67
16 23
49 48
83 76
22 150
8 13
51 124
97 131
120 125
78 147
150 113
27 147
119 6
95 64
18 48
136 70
80 6
124 31
60 50
113 31
8 93
7 149
94 128
141 145
20 84
135 33
128 68
11 89
13 117
31 154
40 129
20 150
11 45
79 18
86 37
118 19
81 112
152 150
3 93
78 140
74 19
95 23
77 94
153 114
129 124
145 109
8 125
147 23
69 128
79 130
65 20
6 71
48 31
19 151
14 38
94 143
123 11
8 29
48 109
145 108
59 20
117 100
62 102
120 88
64 131
114 46
67 142
95 107
45 11
132 92
64 119
28 150
150 30
112 79
29 104
132 131
15 111
63 135
119 71
79 153
18 35
19 38
108 82
27 107
29 98
135 53
124 46
147 118
30 61
120 151
33 1
74 103
44 47
130 113
72 55
59 107
66 7
98 29
125 100
118 154
25 111
50 118
119 5
134 86
82 108
22 23
116 48
43 103
7 54
39 150
32 129
125 15
31 104
19 73
33 89
62 139
33 41
82 143
4 86
49 127
118 79
85 3
90 24
140 14
39 80
54 151
38 156
139 153
142 53
5 155
55 119
49 5
127 9
8 147
58 26
36 19
49 46
23 60
135 7
24 78
30 133
77 28
1 122
36 135
93 124
96 65
49 32
20 106
46 20
41 105
76 119
91 74
35 13
29 83
52 125
29 144
30 121
69 76
15 41
11 133
132 105
59 108
12 150
120 38
114 141
47 36
103 125
73 110
145 44
86 151
109 150
97 126
52 114
124 78
89 51
77 58
52 39
138 117
74 3
16 54
134 69
44 97
93 77
45 48
83 93
147 138
108 29
83 48
1 116
16 63
52 153
136 71
111 26
25 100
154 41
5 12
136 121
75 54
118 101
151 41
101 106
97 25
51 138
136 94
47 80
22 83
134 1
141 101
43 39
44 2
112 25
40 142
24 91
33 70
112 119
14 140
58 21
125 156
21 127
141 85
51 30
106 70
10 3
12 29
75 31
64 120
66 36
114 90
134 55
87 93
7 102
49 53
27 28
66 110
144 135
34 36
80 69
148 121
66 65
17 135
83 6
85 134
151 39
137 42
125 108
120 76
82 24
131 84
71 56
8 148
134 126
79 62
117 104
136 88
3 105
134 139
68 40
71 156
78 69
118 133
27 125
127 102
96 78
57 64
113 79
82 50
122 156
107 155
26 11
149 14
109 143
80 70
139 95
119 34
88 155
31 126
121 89
115 24
60 17
109 117
13 118
100 49
123 14
148 75
143 70
78 126
1 5
122 56
73 14
73 116
85 92
137 119
17 46
116 66
106 77
37 69
111 1
56 107
106 101
41 55
89 56
153 112
106 54
120 30
75 4
153 46
99 76
49 86
79 83
73 99
118 116
71 93
25 136
21 87
59 148
90 112
135 1
3 31
101 109
92 36
9 75
100 52
103 7
28 101
32 120
16 156
56 60
140 54
93 119
79 44
30 82
66 6
27 86
146 69
146 154
112 19
105 7
66 99
109 125
73 58
76 30
24 63
99 100
109 28
16 19
68 24
42 142
105 73
102 93
57 90
92 142
43 87
115 113
112 55
13 139
114 136
9 99
137 138
111 148
117 12
4 81
61 18
3 106
107 61
153 4
41 154
41 144
146 128
5 101
47 37
107 45
7 13
45 64
92 66
130 38
115 141
154 155
39 152
18 86
51 18
17 47
7 114
49 92
67 120
120 73
69 131
135 124
74 101
47 73
37 38
142 139
140 38
139 146
96 126
115 106
17 75
93 87
124 75
31 63
59 105
98 33
49 41
110 70
55 130
3 51
21 33
54 147
17 40
147 125
47 139
149 64
66 62
26 139
51 143
117 66
111 100
62 121
79 43
45 109
138 112
87 26
75 28
94 123
8 107
45 144
56 137
53 102
27 64
49 147
101 12
128 147
47 107
125 96
116 65
18 27
126 61
118 88
127 89
26 74
60 22
61 85
21 3
27 154
58 93
18 39
72 153
88 104
50 154
87 63
44 114
81 45
136 30
104 59
116 123
150 78
67 51
68 152
23 11
152 6
125 4
52 27
123 26
151 53
138 151
138 100
21 91
64 125
84 97
3 77
114 121
24 100
49 26
6 108
22 140
127 81
76 20
46 125
68 15
75 123
42 47
132 117
94 84
142 3
73 17
92 29
142 114
85 5
22 9
73 70
25 113
128 80
139 38
108 121
60 135
150 1
95 2
51 99
110 82
141 61
153 9
55 56
46 15
113 70
69 140
104 42
24 64
59 129
138 63
119 128
55 85
64 89
101 63
129 1
20 66
104 133
122 154
142 107
104 86
85 1
144 34
13 153
58 4
90 139
18 80
126 42
133 104
121 142
45 2
52 17
105 49
94 9
24 125
9 66
13 52
2 45
45 66
5 40
55 118
34 88
129 42
118 74
56 35
148 67
56 2
64 96
153 92
15 119
147 76
37 88
143 60
86 112
132 51
82 117
119 149
113 4
107 85
155 142
30 70
33 128
97 52
114 7
52 136
36 115
64 86
52 83
85 4
65 83
81 93
62 113
83 104
19 71
25 26
56 54
73 141
82 115
129 4
37 47
152 58
141 140
130 91
53 71
147 58
126 24
61 1
117 89
46 52
105 83
91 14
30 59
119 58
53 147
109 44
33 62
81 22
68 63
99 131
92 127
9 51
22 90
56 1
110 104
65 68
151 58
36 148
82 62
146 24
36 53
41 46
1 50
58 64
109 3
124 61
152 88
120 121
54 35
81 100
16 117
145 155
105 87
78 50
117 79
98 81
61 96
45 141
104 16
38 79
140 26
11 50
48 12
131 64
152 131
78 36
53 2
23 32
74 67
116 2
148 132
64 114
123 45
147 129
38 108
142 134
127 137
101 139
52 58
50 48
127 120
41 5
40 4
110 151
134 132
128 131
45 47
150 147
127 113
37 150
106 56
28 8
51 92
144 48
119 120
116 13
5 122
42 38
33 51
63 114
68 41
21 75
83 47
73 145
17 83
20 141
80 35
150 43
18 146
48 82
52 30
132 56
117 119
8 38
87 133
40 70
132 45
135 8
86 77
41 87
79 70
62 71
43 12
154 111
2 66
102 137
86 6
13 88
74 23
3 135
15 76
4 50
49 13
144 103
20 134
103 46
144 153
16 91
107 69
150 45
94 55
73 29
25 144
95 37
140 69
29 1
111 95
26 138
35 9
156 62
99 105
153 81
72 75
75 70
53 38
3 129
151 83
53 91
72 8
78 18
97 113
77 87
16 35
79 60
136 117
29 149
115 54
17 57
38 92
65 91
44 16
60 5
38 21
2 82
149 155
121 87
11 80
28 142
129 66
140 153
67 118
80 37
45 52
81 106
15 46
151 142
110 6
98 124
98 65
34 32
23 54
27 90
102 49
112 57
58 110
39 58
51 43
11 100
75 153
92 106
84 5
119 140
141 54
20 24
77 67
105 24
134 79
18 30
82 23
133 43
148 135
139 28
52 126
31 45
146 51
87 25
55 109
53 83
91 116
107 131
77 97
124 131
5 23
39 76
140 58
134 136
45 94
76 104
55 148
152 110
77 136
91 31
3 58
100 6
24 75
13 98
21 145
62 81
122 102
71 100
13 142
69 118
99 28
123 38
80 27
53 24
137 71
45 145
51 110
81 2
114 13
24 66
119 107
62 14
27 120
131 49
143 103
65 72
109 95
146 45
112 43
132 123
49 71
69 49
139 87
52 105
1 72
3 137
29 26
28 1
108 93
79 48
89 92
69 89
82 78
97 91
53 127
60 134
1 13
117 144
155 35
126 109
117 65
5 115
142 46
84 6
67 53
58 1
12 41
103 79
88 91
16 141
47 129
57 31
124 56
117 133
70 100
81 129
1 67
106 100
112 101
134 14
156 153
64 18
110 99
1 96
15 68
76 33
87 89
155 22
16 93
95 42
126 102
24 56
98 80
102 33
88 50
17 60
59 70
90 36
33 25
61 140
24 5
21 153
50 94
123 106
34 146
151 146
97 93
144 102
97 13
68 119
154 2
139 114
148 32
155 31
10 60
27 133
26 35
128 61
39 63
149 138
81 47
69 148
7 97
113 53
38 107
50 60
59 45
119 87
86 35
43 38
87 36
18 129
106 132
142 106
108 5
100 123
109 17
107 100
132 129
100 106
149 143
48 26
83 2
5 140
118 66
62 53
153 147
137 79
57 130
80 72
57 58
145 154
52 98
16 133
68 53
104 94
11 110
30 62
69 42
87 135
10 112
120 1
121 52
68 42
62 36
42 56
37 89
119 72
146 136
34 27
150 62
60 11
143 10
33 99
45 37
117 13
5 71
156 134
65 58
34 48
100 75
23 72
116 70
15 3
135 94
50 142
146 70
29 150
53 37
152 12
37 95
43 14
156 6
49 58
44 4
65 49
34 119
71 92
13 42
25 24
21 74
49 150
61 76
25 152
89 13
59 61
27 71
114 109
73 59
55 110
21 39
49 82
90 134
134 75
94 67
150 31
58 43
103 35
140 148
29 9
18 120
27 59
119 50
102 156
77 135
96 113
110 77
145 107
37 119
141 63
30 126
152 94
10 153
47 143
9 91
89 52
44 87
122 51
80 139
10 108
155 86
50 122
74 37
71 8
56 109
150 95
28 93
104 63
9 84
154 1
135 156
15 11
19 154
82 74
5 86
76 142
84 42
119 81
29 72
131 107
114 55
145 114
76 129
108 75
140 56
93 43
109 107
67 54
43 44
5 27
111 136
147 110
97 145
8 90
156 127
89 131
46 12
20 83
126 15
78 80
10 98
21 43
32 38
103 129
105 109
28 120
49 154
47 131
49 72
53 49
95 87
82 34
110 137
105 121
113 146
120 20
82 67
98 72
136 23
47 108
145 18
128 51
79 108
49 109
40 28
74 151
147 8
122 128
134 84
111 139
138 7
48 10
14 55
10 146
152 8
3 99
43 13
11 148
28 133
147 106
149 122
107 41
59 12
154 39
139 63
97 16
65 13
143 48
124 137
19 72
128 106
50 21
115 60
50 114
51 109
97 101
94 42
18 102
55 152
46 38
18 112
150 114
24 74
89 20
154 27
62 84
96 39
119 8
83 33
105 15
133 67
62 87
54 74
98 111
42 76
84 125
138 47
68 47
98 83
108 101
90 87
30 138
118 62
63 149
67 130
2 1
88 117
109 129
63 77
141 105
9 11
32 8
125 91
105 135
154 83
151 1
30 92
23 55
34 86
42 96
77 98
59 63
19 102
34 137
136 1
145 66
17 70
91 147
147 45
1 85
12 111
129 117
149 78
155 72
74 85
133 120
125 90
8 88
7 75
30 156
76 67
142 47
121 90
109 108
145 2
1 88
44 34
120 128
113 110
91 87
68 58
118 98
57 63
86 34
91 98
51 114
155 38
60 124
88 149
64 115
121 111
75 156
131 133
2 41
61 53
148 139
117 7
14 138
19 8
64 1
132 37
20 27
141 39
151 122
108 7
61 27
126 4
16 139
84 60
107 76
87 22
54 50
48 77
87 12
11 140
84 118
77 130
59 41
38 58
98 58
73 85
54 104
53 33
55 100
117 54
120 93
101 121
52 129
50 123
31 73
26 45
50 84
76 85
4 95
20 135
94 38
143 13
44 39
41 152
114 106
64 149
85 34
32 56
110 76
35 137
64 123
147 128
77 133
75 49
134 19
54 84
9 31
118 3
115 116
23 142
22 80
6 64
112 85
134 24
18 5
93 108
144 151
109 49
143 152
81 6
139 56
59 24
64 52
78 84
26 118
116 11
67 40
12 33
87 153
100 16
113 7
47 25
34 42
95 60
8 32
35 133
99 36
140 68
32 4
134 25
34 9
20 65
103 144
51 8
1 126
21 12
14 153
24 12
155 122
71 5
156 76
74 73
49 85
93 122
131 36
19 25
2 142
51 35
63 116
15 74
136 149
36 18
122 121
52 38
77 31
147 44
147 70
155 153
114 126
91 82
62 27
72 47
133 153
99 149
66 18
88 51
34 125
42 108
44 83
59 77
121 81
63 125
84 51
140 45
45 31
113 49
140 67
82 42
125 129
122 27
126 32
143 148
1 47
13 28
112 63
141 74
126 147
20 53
127 24
13 100
126 78
149 23
141 143
122 46
145 129
114 145
1 51
35 110
101 86
47 46
39 47
41 50
37 123
115 37
129 44
61 79
147 132
117 130
121 59
69 50
2 15
118 121
88 4
28 141
152 48
49 113
105 34
89 127
100 131
78 98
64 140
38 90
90 119
156 17
34 156
121 119
80 5
88 90
4 87
143 18
106 155
139 31
95 50
87 146
54 145
86 56
32 89
140 95
21 64
109 39
73 18
136 93
115 9
70 126
136 16
99 78
155 70
152 30
127 131
31 58
148 94
107 77
61 82
46 87
10 106
44 11
90 65
27 111
41 145
30 96
30 74
27 143
67 97
156 70
144 12
51 116
99 95
22 141
146 135
24 15
94 22
47 58
28 49
44 41
50 13
70 55
59 55
16 3
108 104
82 101
120 85
9 132
70 32
20 58
100 48
1 107
48 25
16 45
96 16
130 17
105 74
154 52
135 4
122 152
33 103
110 121
53 34
60 15
140 41
115 33
82 12
88 37
11 153
38 71
23 145
39 89
140 53
90 14
73 36
29 126
111 52
100 113
45 71
153 61
90 148
36 61
14 74
155 49
86 146
130 150
56 114
111 93
18 79
131 12
15 148
33 71
75 79
155 4
119 151
55 23
150 148
3 78
93 41
69 90
100 142
5 145
18 7
124 111
16 42
144 99
58 95
136 109
126 25
5 61
125 7
121 29
53 11
124 2
92 50
39 54
142 21
155 28
70 110
24 71
33 17
31 155
51 39
111 15
33 105
8 116
44 129
44 36
126 74
43 88
141 44
65 113
119 92
107 141
122 55
109 140
21 140
75 108
113 73
28 85
144 114
82 17
98 17
72 5
43 146
102 122
78 2
114 8
95 92
11 155
20 100
27 63
18 135
142 147
143 127
82 140
22 129
13 152
14 54
26 18
3 148
53 20
35 79
146 66
72 41
107 130
113 72
23 135
73 1
147 13
127 4
128 75
8 31
155 20
77 39
106 11
122 18
143 149
10 113
155 45
114 47
83 148
120 75
126 75
106 51
110 74
92 28
89 45
17 68
154 99
57 37
47 87
78 56
140 141
39 151
17 141
30 89
79 97
148 142
132 30
138 122
116 139
91 11
113 120
57 43
21 85
11 143
15 64
77 93
78 23
122 142
143 83
152 154
132 145
139 127
13 45
43 61
150 57
142 150
26 79
129 84
153 79
125 142
68 36
156 106
65 93
130 154
22 37
89 85
141 115
48 54
80 19
49 14
102 95
61 64
115 47
5 20
48 33
155 93
129 122
153 154
113 127
74 150
155 101
114 16
151 22
35 27
19 51
85 74
7 19
135 139
75 16
1 28
143 53
17 48
39 145
44 94
96 26
61 37
54 30
43 97
144 81
7 52
147 153
142 145
141 59
87 97
53 108
30 119
120 105
49 25
153 23
102 142
91 133
25 20
63 123
111 146
141 62
46 56
28 36
9 48
18 62
38 50
154 100
26 49
36 104
96 100
76 144
74 118
39 148
82 35
137 93
138 149
57 144
5 35
73 75
52 29
115 39
109 106
152 36
137 37
5 100
99 111
93 19
65 106
49 75
67 116
124 22
9 143
131 14
116 98
42 120
143 69
93 76
84 87
57 73
61 148
97 42
47 17
82 126
110 62
95 13
94 59
112 34
140 118
119 55
124 49
112 105
91 17
6 28
95 36
21 78
44 58
85 130
3 48
72 43
132 79
133 79
83 45
20 17
51 155
138 1
51 122
110 4
11 34
69 36
29 82
139 147
10 27
144 47
85 38
140 139
92 13
40 95
93 145
115 26
78 95
90 3
118 95
53 100
89 120
136 86
148 102
150 23
15 82
25 42
9 140
87 138
61 152
138 19
16 92
43 55
122 145
133 105
154 18
57 112
81 130
90 149
90 23
43 113
73 88
53 146
65 100
48 134
51 15
136 10
143 119
129 138
52 110
156 149
156 143
93 151
153 149
19 149
43 74
72 78
36 57
22 33
110 152
107 16
101 127
141 104
1 118
35 108
83 94
3 9
62 120
97 61
115 83
39 16
140 30
9 61
38 94
24 65
33 95
97 117
15 133
40 92
16 97
33 101
10 69
143 21
55 28
25 67
132 104
38 12
75 34
148 109
2 22
70 34
46 112
141 106
51 82
104 122
78 127
45 57
142 74
98 147
44 120
94 50
119 23
15 8
152 63
149 32
10 119
10 4
145 136
103 26
94 56
77 137
31 37
27 55
34 55
131 104
3 125
122 45
30 90
31 15
97 55
132 66
24 26
119 95
44 62
17 127
102 143
14 3
88 15
30 51
117 34
45 56
59 139
135 121
44 53
100 22
117 8
26 137
26 133
148 120
143 128
105 150
115 101
120 107
152 51
102 109
49 28
14 105
86 61
122 112
72 104
53 79
14 7
119 86
39 142
83 100
127 43
86 88
80 155
25 44
147 127
60 136
131 44
35 43
20 143
37 112
90 25
119 96
123 93
149 116
15 80
153 134
74 60
71 104
151 43
72 103
10 64
78 118
79 12
24 137
78 32
133 42
112 14
118 56
141 90
101 7
57 137
64 73
144 125
39 55
6 27
126 130
143 78
124 117
6 114
108 139
24 153
152 140
103 71
120 92
25 3
115 64
89 10
143 71
53 22
135 112
114 33
139 125
3 149
80 127
1 151
81 57
134 87
145 54
52 146
64 16
80 12
17 56
41 66
6 96
124 148
29 33
81 109
69 40
56 141
143 30
32 37
83 137
148 50
12 129
153 22
11 20
29 94
68 138
23 42
144 9
81 116
69 146
5 150
61 38
156 150
152 18
122 53
29 96
156 126
141 124
152 127
132 68
97 135
46 144
156 103
91 142
108 80
24 39
135 54
88 156
87 88
55 78
110 78
42 75
58 134
137 7
29 11
52 124
150 10
70 122
3 79
45 103
109 40
53 156
135 75
112 123
24 115
81 55
2 154
35 71
29 112
21 132
78 72
37 49
128 124
50 5
93 101
146 36
75 133
111 53
108 20
144 52
10 94
37 71
123 146
43 21
97 105
28 19
84 18
104 123
26 153
60 68
108 40
2 86
22 24
45 90
35 118
109 126
40 99
57 143
121 137
114 102
144 142
18 87
75 23
146 134
123 67
48 138
85 101
22 155
145 124
60 27
71 125
106 38
121 73
124 151
1 43
14 52
25 59
117 154
44 135
111 133
84 27
26 150
154 114
62 125
64 68
3 75
121 22
89 117
22 87
152 22
21 142
97 81
112 115
110 40
58 88
82 84
105 108
143 31
8 76
111 81
68 21
156 67
148 26
27 134
140 22
43 59
27 53
11 85
120 114
97 37
78 123
34 113
73 52
155 81
3 143
22 48
9 89
41 89
30 95
3 118
52 154
108 125
57 47
14 66
128 152
15 150
148 95
84 94
18 71
156 147
92 80
64 110
73 139
27 42
124 19
21 94
79 119
78 86
75 144
40 109
27 12
37 50
111 109
76 110
142 57
129 128
117 137
42 39
92 26
133 134
72 73
38 121
119 117
29 129
143 87
153 24
47 101
120 135
112 140
97 2
56 136
97 40
23 75
64 33
76 103
82 43
49 15
17 67
134 63
25 4
92 155
109 16
86 136
146 97
97 136
155 12
28 69
151 131
128 137
6 2
148 38
126 87
24 105
14 27
12 27
124 26
69 52
57 103
130 15
113 50
104 127
132 52
34 51
129 8
92 18
141 86
53 112
62 59
66 151
18 54
19 117
100 132
26 107
95 84
34 30
76 89
100 19
93 18
92 46
54 142
137 76
109 43
129 112
95 153
23 2
75 55
125 60
73 65
115 121
21 130
132 107
33 54
77 104
145 72
21 25
2 137
106 67
53 8
78 20
105 31
86 63
125 9
74 149
38 47
44 38
35 66
116 84
39 86
119 114
155 120
38 145
131 115
46 89
131 156
27 82
6 74
51 84
133 112
98 34
99 68
146 123
85 121
63 20
122 138
154 98
92 114
89 77
117 64
123 28
3 119
66 71
147 124
35 33
86 119
113 147
35 70
133 82
37 62
19 88
61 135
50 16
115 114
105 101
70 7
81 127
81 12
127 59
96 8
113 117
115 28
22 156
152 148
142 102
25 140
82 27
58 61
145 70
127 100
113 124
90 20
62 100
128 138
104 73
83 24
38 154
33 102
78 65
80 44
78 58
32 13
151 124
30 19
82 142
131 51
85 80
138 132
93 31
6 101
60 119
22 128
143 54
92 121
39 26
42 97
94 57
53 36
20 28
16 44
89 110
122 52
34 57
153 38
74 64
30 63
19 152
73 50
18 95
7 67
98 44
124 132
68 104
87 134
27 105
96 61
91 44
120 145
97 22
137 59
108 77
125 72
142 128
16 78
2 72
90 144
67 68
76 91
42 60
111 56
141 137
46 72
90 37
135 113
83 136
155 149
142 5
92 82
126 10
7 139
87 75
28 3
133 155
11 109
80 55
39 12
2 92
77 55
154 82
149 153
106 73
119 57
78 83
19 74
16 12
10 38
60 121
4 120
27 124
141 55
145 5
97 39
10 102
93 144
53 21
33 152
31 99
84 85
149 41
32 83
46 65
30 31
18 74
130 74
60 1
93 128
151 64
2 98
97 108
83 156
71 113
127 104
119 88
79 155
54 153
65 14
32 66
81 4
2 105
55 29
91 104
69 78
152 7
29 48
5 105
137 25
81 108
127 151
130 155
55 49
52 92
92 40
2 35
102 104
11 95
21 115
65 125
142 122
110 63
18 32
68 111
132 54
135 117
149 119
52 71
145 152
90 16
156 129
110 153
106 108
143 39
148 58
63 18
41 92
148 37
129 116
124 64
29 121
78 3
64 26
136 123
32 10
137 91
53 16
116 135
153 15
145 104
118 76
86 25
144 29
106 1
11 98
6 89
156 5
139 70
101 11
24 7
52 33
119 64
8 97
88 98
102 17
31 86
137 17
80 58
147 10
27 69
150 37
34 11
32 33
6 63
127 1
142 136
117 63
92 105
101 84
133 101
45 91
9 135
5 14
32 75
100 102
18 78
54 76
32 59
90 21
128 33
19 106
96 43
149 92
50 73
23 33
52 64
150 48
137 108
153 13
156 59
87 69
32 26
142 80
40 120
154 55
118 152
53 142
67 133
14 65
25 82
155 117
102 29
60 140
124 18
114 155
35 130
65 130
22 71
85 108
85 44
13 110
66 39
55 47
39 137
128 65
138 152
156 90
1 26
29 124
114 27
10 115
143 96
135 5
111 40
45 81
109 94
120 91
15 95
4 75
54 130
35 2
9 8
79 22
39 49
98 5
73 127
98 105
130 124
57 105
64 94
21 102
14 147
116 143
88 124
42 25
70 89
59 147
41 114
88 9
43 3
89 103
147 117
90 77
133 143
63 127
17 7
153 101
146 32
92 38
74 156
104 149
68 115
37 132
38 112
137 84
11 130
139 26
71 117
145 150
149 134
62 91
139 111
111 22
151 93
142 97
26 13
107 138
117 83
134 35
52 14
2 109
29 133
7 79
48 85
13 151
86 10
32 141
83 61
23 57
29 151
150 99
127 39
2 38
110 25
75 146
73 98
142 45
133 23
121 154
18 34
42 145
73 9
75 30
110 64
107 108
87 55
73 53
36 72
156 72
2 150
109 156
111 120
136 142
86 118
64 7
151 106
15 65
56 82
6 120
35 113
11 47
85 82
88 142
101 148
40 58
156 79
91 8
61 45
17 151
150 74
147 89
13 40
32 21
92 35
149 60
110 26
14 132
59 69
83 12
4 140
63 15
125 27
29 136
137 72
105 14
69 47
113 122
7 38
62 109
154 88
154 149
28 87
132 98
109 85
150 152
56 94
13 133
87 136
86 72
35 75
149 141
16 121
86 126
90 137
106 37
25 118
141 30
55 87
84 153
107 80
123 68
109 104
84 41
111 103
78 107
91 153
28 71
135 14
93 134
97 83
36 103
25 117
47 95
131 10
113 106
125 122
132 114
138 49
89 116
123 76
56 86
87 28
9 123
30 134
96 123
102 68
74 112
81 82
130 62
21 26
17 87
8 153
14 12
51 86
88 111
68 33
135 142
141 72
9 68
131 134
116 23
91 137
64 97
127 133
25 127
54 121
12 130
102 92
120 3
74 105
38 15
13 95
29 10
114 113
134 80
53 101
18 45
110 145
92 55
153 26
61 103
154 145
137 66
142 75
76 97
8 121
137 70
93 132
67 124
1 18
124 43
15 101
90 42
71 37
150 17
123 72
9 85
30 143
16 73
38 75
135 16
147 18
123 15
50 9
75 25
151 105
67 64
85 67
38 7
101 87
143 5
61 41
99 123
85 39
77 40
111 68
148 48
29 20
120 118
111 123
25 124
87 115
10 80
16 94
2 128
93 40
9 6
47 27
5 46
7 111
140 155
101 152
91 32
14 19
137 97
22 67
82 153
114 150
9 136
110 38
67 154
68 136
60 82
100 24
77 131
136 85
46 34
53 43
77 109
30 28
76 102
106 150
78 85
100 92
123 61
14 42
101 28
153 74
115 95
144 1
70 75
45 13
21 113
72 83
73 8
65 90
98 104
15 5
117 111
98 146
56 17
115 70
70 117
119 65
15 110
25 65
13 66
151 8
28 68
58 154
109 20
40 75
152 108
112 142
154 53
48 102
25 9
23 67
15 24
152 137
147 41
127 36
67 111
73 2
66 104
76 101
154 90
101 70
77 27
120 58
68 50
138 45
98 50
51 65
112 12
45 68
25 54
42 131
110 156
21 119
134 73
88 11
83 40
53 107
40 34
142 91
135 56
40 85
145 38
115 79
113 116
71 81
143 153
93 78
21 7
53 80
88 101
76 150
36 9
69 82
110 11
92 134
65 67
109 75
68 92
24 133
15 36
46 70
125 17
77 35
50 57
119 30
118 47
112 109
16 67
69 153
73 37
4 138
96 103
96 53
99 65
5 124
151 134
85 8
138 89
86 12
145 42
114 63
142 133
2 16
90 52
43 6
130 36
146 48
134 92
126 27
49 116
123 131
60 64
60 62
132 16
153 108
141 82
3 14
72 21
109 4
104 54
71 30
104 131
114 77
137 54
55 103
128 71
137 111
13 62
76 48
54 150
18 8
57 55
127 85
47 92
61 60
82 69
31 60
16 140
51 88
29 55
143 117
25 141
143 23
33 147
127 34
117 85
99 52
116 75
144 118
45 27
135 95
117 155
23 131
137 103
22 111
56 62
15 17
139 41
91 89
144 21
9 49
116 31
79 92
48 131
10 73
91 47
126 135
52 50
150 14
129 88
23 6
16 112
106 50
58 70
5 129
58 7
89 39
25 142
54 112
76 44
5 108
145 153
76 57
98 2
97 56
144 91
74 86
124 89
105 124
103 155
12 82
20 42
113 92
27 145
141 131
125 56
109 61
137 134
42 66
144 36
56 55
14 79
54 117
9 146
19 55
33 78
112 116
134 154
34 4
139 2
98 27
65 120
28 156
147 7
10 103
115 148
113 47
62 15
24 51
132 31
4 82
93 52
48 68
117 143
29 54
141 118
88 78
14 21
39 115
38 56
153 55
27 83
16 7
50 49
18 137
54 6
97 80
20 63
131 75
112 61
126 22
18 90
93 51
53 47
146 119
143 101
78 155
43 148
102 127
30 54
103 114
42 80
135 122
59 43
105 76
93 146
15 122
84 93
55 41
18 151
35 146
37 19
6 57
74 20
156 45
97 72
86 18
118 113
68 49
45 135
129 51
103 15
146 79
111 71
69 35
22 147
51 139
27 92
49 111
73 19
95 74
88 41
111 112
21 95
67 127
94 20
128 135
22 138
98 37
53 121
150 112
65 57
95 126
132 69
119 143
132 78
88 128
111 115
104 109
156 85
63 9
74 62
79 64
47 142
62 63
81 29
153 68
147 140
60 148
84 73
153 151
56 58
86 65
38 72
144 152
143 41
6 144
132 152
137 95
12 49
77 156
108 22
66 107
127 20
22 134
63 155
52 149
111 91
37 14
116 91
151 82
19 110
91 139
10 5
105 23
27 130
17 108
60 130
22 43
154 19
120 37
142 156
48 97
111 124
131 106
76 1
120 49
21 57
54 140
14 108
30 57
59 110
100 78
6 33
48 4
2 52
121 94
7 103
61 106
15 70
4 63
57 34
94 103
5 125
3 62
141 15
13 50
89 24
58 35
6 44
35 59
1 53
79 147
34 110
8 100
6 86
15 71
135 145
139 118
87 121
130 86
85 30
10 19
82 63
125 102
78 122
110 91
97 66
134 37
156 77
105 11
147 148
80 100
34 84
26 30
70 63
61 129
108 114
38 24
99 74
81 10
87 8
66 130
4 148
148 107
25 122
89 101
108 111
120 143
19 103
111 92
84 122
46 47
58 146
8 34
98 77
77 23
149 95
61 36
60 116
81 11
142 6
140 6
37 144
42 53
23 114
80 90
75 138
125 13
59 14
154 91
19 11
37 11
141 116
40 146
139 134
99 5
98 141
9 58
100 62
28 21
63 91
35 103
72 154
63 93
41 79
89 82
39 73
5 118
8 119
23 147
127 141
129 19
18 21
80 9
84 151
145 30
68 35
108 100
38 78
96 99
122 76
102 100
62 106
67 20
101 92
4 144
89 148
26 117
8 63
57 155
62 111
26 90
117 122
138 154
83 80
69 74
16 20
47 120
28 97
112 77
75 51
33 134
113 43
140 114
113 133
71 35
75 69
95 128
20 114
78 82
108 8
57 122
13 14
111 75
144 105
66 79
126 101
25 103
87 17
47 40
80 153
119 142
139 133
36 6
20 124
16 127
147 120
154 63
96 37
95 31
59 44
16 53
64 106
39 27
89 78
105 154
1 110
49 16
135 141
40 118
36 124
58 63
36 28
121 44
85 42
102 91
61 112
31 106
37 20
142 108
153 51
148 76
148 54
114 112
148 137
72 2
87 152
42 100
15 144
91 152
48 91
40 54
57 134
6 80
48 127
98 115
98 6
109 155
85 41
45 42
131 149
119 136
146 57
4 69
2 33
9 18
126 12
35 61
43 36
155 14
60 100
102 66
11 84
70 135
120 102
77 33
64 24
147 104
54 51
112 36
70 14
31 150
108 115
144 58
69 141
154 153
7 146
43 41
9 47
80 30
6 11
81 88
55 133
81 1
70 60
11 24
29 86
7 77
71 27
79 150
119 155
100 58
2 69
20 119
103 88
86 27
133 84
156 110
1 90
153 148
83 74
3 59
59 46
38 74
17 65
124 86
3 152
105 61
55 10
49 151
69 51
113 9
147 83
108 17
148 36
36 2
56 153
96 138
39 37
56 150
1 14
84 80
7 126
153 8
130 152
15 116
15 33
85 89
26 127
33 94
39 75
66 26
45 87
149 100
139 50
57 140
41 11
4 35
59 50
63 107
54 77
50 45
13 156
66 102
130 19
81 94
33 156
22 139
64 5
113 150
17 86
12 75
45 119
60 79
118 148
93 70
137 122
31 131
116 111
107 57
16 155
99 117
55 89
46 138
99 18
143 59
15 100
104 9
82 11
37 118
63 119
151 75
32 95
145 103
25 6
146 56
137 135
66 146
104 139
89 130
9 129
144 2
107 67
105 69
118 45
40 87
39 3
12 122
5 119
127 55
32 90
14 126
7 50
7 156
6 128
3 7
121 151
31 55
10 87
13 138
127 94
107 12
25 147
36 107
4 155
73 123
8 71
137 10
142 41
61 50
66 106
49 36
127 140
19 86
87 11
151 118
89 81
125 152
154 89
81 74
44 140
83 73
31 7
115 133
143 106
30 77
79 37
27 13
21 93
87 142
121 146
29 62
87 109
10 48
52 53
78 153
146 39
85 68
11 12
39 146
142 71
3 61
78 30
7 148
127 82
149 103
141 132
10 71
154 137
105 93
46 16
121 1
73 23
92 130
25 139
44 18
90 96
2 3
96 128
72 149
48 60
149 3
52 88
60 144
74 119
105 91
43 11
7 8
96 80
46 67
11 120
97 138
142 24
111 70
140 12
54 87
98 26
92 3
37 139
32 136
85 132
72 6
22 88
10 142
134 128
95 9
33 118
93 38
138 24
4 19
119 146
2 18
46 63
39 18
51 142
70 67
132 140
56 13
136 15
107 24
26 31
117 124
100 115
35 127
84 130
123 147
45 136
64 95
124 29
59 32
82 103
85 86
144 128
75 107
