123 8783
30 114
26 80
54 29
47 110
75 20
110 44
62 30
69 92
28 45
20 111
117 64
108 62
70 6
107 74
95 42
99 75
63 99
49 86
43 71
7 31
54 104
61 120
71 115
106 111
16 56
39 57
109 108
62 66
99 53
59 83
30 118
86 95
99 40
68 13
2 4
43 26
43 89
63 29
43 93
42 111
101 117
12 73
116 77
73 41
52 10
121 63
7 112
76 68
33 98
121 106
83 19
110 96
23 120
70 118
114 71
63 62
32 57
65 86
5 38
66 73
80 14
53 7
87 33
56 81
42 59
101 55
63 3
117 11
46 6
79 112
20 56
1 44
62 85
30 78
10 5
78 67
52 61
26 3
21 32
34 35
68 107
121 108
119 87
53 65
49 120
58 107
101 25
71 119
110 94
115 1
57 96
116 12
3 59
112 1
1 35
58 96
66 81
59 123
68 123
54 120
101 102
105 4
13 68
49 65
26 94
24 33
75 71
52 94
23 48
7 110
82 104
54 73
28 104
91 78
15 8
108 55
40 66
93 57
106 73
122 39
54 114
35 79
12 3
115 2
123 76
44 46
104 12
105 17
92 117
110 117
101 95
101 18
52 32
121 85
91 42
65 112
1 113
6 110
104 24
63 30
25 100
105 79
118 4
29 80
51 71
97 104
72 99
84 114
116 11
98 82
46 40
112 59
121 56
121 61
101 8
46 94
13 26
47 43
113 53
44 85
26 81
67 57
10 116
75 34
38 6
6 13
52 108
61 109
24 107
66 108
2 18
49 29
65 16
83 96
78 122
59 114
16 35
108 23
9 115
37 53
34 102
101 98
13 105
40 104
105 41
60 53
110 72
108 56
8 110
51 17
118 82
31 21
53 89
115 82
4 82
106 46
86 94
107 23
75 31
22 54
123 46
27 116
12 87
100 93
45 41
78 9
19 40
107 105
78 87
20 25
27 28
85 29
94 15
53 5
90 30
101 72
15 43
70 83
14 8
74 35
17 80
34 32
105 80
30 48
8 22
83 95
14 123
89 42
119 15
121 19
21 85
4 37
9 7
42 21
52 104
96 7
3 66
51 109
47 102
58 116
100 101
6 43
14 51
30 111
96 53
123 16
58 12
122 83
59 100
5 62
1 71
12 77
111 103
77 72
60 36
72 96
24 72
97 113
36 53
87 50
96 15
16 61
14 89
44 38
46 118
31 44
9 83
86 2
55 90
26 123
13 66
10 44
89 96
44 115
105 87
33 35
91 54
57 83
44 50
17 55
39 93
95 120
12 55
60 31
75 113
41 114
80 98
122 66
41 80
50 117
10 48
7 38
29 42
78 115
113 54
10 113
118 95
69 64
5 112
99 83
8 1
29 3
3 87
101 106
16 103
10 60
19 2
94 64
96 104
37 21
3 121
37 8
64 30
15 65
46 31
90 71
12 1
89 86
8 16
109 12
107 73
30 97
51 42
116 52
51 114
105 92
47 56
34 99
56 57
32 44
17 96
6 101
81 51
111 83
99 17
40 78
101 29
100 64
103 104
62 84
103 94
85 45
88 29
53 49
15 123
90 66
36 122
22 106
79 60
12 37
95 107
10 72
61 40
17 109
46 32
99 110
47 64
55 94
92 91
10 58
112 100
61 66
44 55
7 20
100 74
20 6
18 55
59 115
107 15
31 27
30 31
32 51
72 90
39 37
109 14
20 27
71 6
2 34
5 4
3 6
116 78
56 46
66 32
41 99
23 73
13 67
32 102
98 12
81 86
55 76
28 122
7 71
22 27
100 3
58 20
88 60
11 35
78 69
70 48
106 55
107 99
53 17
7 44
25 7
40 10
110 23
103 25
2 59
18 40
24 95
45 22
17 99
55 74
58 72
55 23
68 119
14 120
3 61
98 83
75 56
119 42
80 95
107 87
30 76
92 16
69 28
6 104
117 42
111 43
48 95
27 6
48 83
39 1
56 9
64 102
43 42
98 32
49 32
93 53
109 43
19 43
31 40
40 33
68 116
84 49
91 4
20 60
40 23
122 85
25 83
113 2
100 31
32 72
4 53
62 11
110 33
36 14
55 26
100 39
100 91
102 84
96 119
56 84
103 111
117 67
95 65
95 102
3 48
35 119
88 25
63 12
29 10
23 49
21 120
68 15
102 18
56 58
12 84
104 25
69 108
57 117
54 4
99 108
121 15
110 102
24 20
69 74
10 15
86 3
107 92
79 105
93 68
7 83
27 94
27 49
41 34
101 51
84 94
26 32
118 8
37 96
53 96
41 40
38 56
21 72
53 58
123 30
121 45
5 106
6 46
1 10
1 118
37 50
86 98
87 76
98 76
48 85
46 103
94 62
66 92
48 58
119 89
82 5
96 30
101 42
15 24
118 44
12 80
41 47
9 5
22 49
105 70
41 79
27 46
3 15
108 94
101 11
81 88
94 59
120 34
96 56
62 91
81 112
101 104
12 20
29 6
64 59
52 66
92 24
20 110
6 83
116 26
121 21
49 104
61 76
75 59
72 113
3 92
38 61
82 22
12 115
97 40
25 46
84 103
1 61
54 111
47 114
106 33
7 111
108 120
36 89
102 26
14 71
11 76
51 14
10 61
51 101
81 113
102 89
110 123
44 109
15 66
113 52
79 121
95 77
65 54
106 66
62 33
1 72
21 67
77 98
14 7
105 99
96 8
121 2
2 54
60 73
50 85
111 68
103 58
5 103
110 80
60 70
121 109
76 53
97 100
102 56
96 114
5 85
117 76
45 59
17 89
55 21
71 123
34 106
108 86
56 111
3 60
13 103
33 120
7 2
117 50
61 55
43 120
28 79
43 16
66 113
91 109
89 51
24 92
1 3
85 109
91 13
43 40
15 59
43 45
32 106
73 57
55 52
2 102
82 94
115 81
26 73
110 66
33 40
57 68
105 58
100 53
64 113
85 46
95 1
83 26
119 28
74 77
108 48
45 80
53 62
106 88
86 84
36 98
76 110
19 61
73 87
105 104
90 46
97 78
1 4
115 111
4 6
112 14
10 55
111 61
110 105
119 34
89 19
20 50
23 33
95 110
61 64
116 23
60 54
29 57
64 2
105 50
110 50
67 55
31 121
82 86
20 35
20 51
104 88
119 107
63 27
2 121
98 122
61 117
21 60
53 120
43 70
12 51
18 79
109 42
102 120
66 102
90 40
51 44
77 112
112 35
47 96
100 110
76 44
123 84
75 24
91 26
18 70
13 86
53 43
59 94
116 119
17 108
2 77
70 23
49 100
72 91
106 67
26 99
58 52
120 60
30 116
7 58
113 90
18 85
1 91
56 29
61 116
111 100
107 63
27 90
62 73
114 27
43 24
116 43
103 10
29 119
70 51
121 55
70 66
24 89
36 100
1 37
45 106
101 69
1 84
118 45
114 118
83 59
120 35
61 34
108 89
89 117
100 47
120 55
43 62
11 77
54 123
48 117
47 101
1 120
60 59
89 113
89 90
30 41
45 56
80 72
92 118
95 53
87 80
81 82
56 37
81 62
101 12
13 37
20 18
46 24
10 78
104 90
48 12
24 85
101 79
99 60
73 35
13 33
11 86
106 32
67 74
2 64
46 27
54 47
43 90
121 65
78 50
37 100
69 106
66 45
98 99
5 20
101 122
63 113
44 66
23 54
106 4
90 80
73 7
92 52
115 38
32 85
107 112
10 32
93 95
47 67
70 123
71 53
50 43
45 60
12 114
20 9
60 63
44 23
9 118
60 14
99 101
117 10
100 11
123 19
9 47
54 13
53 50
23 122
77 3
108 96
65 75
91 69
111 107
114 44
59 40
4 91
79 90
43 30
4 14
21 75
39 80
88 75
49 119
43 19
31 58
97 66
41 112
28 99
60 88
100 15
4 68
97 56
44 35
118 32
90 102
116 18
45 77
120 48
29 64
64 83
46 49
32 43
63 92
58 11
67 63
33 30
38 57
73 86
102 96
114 78
32 78
103 59
34 3
52 62
23 4
48 38
103 119
52 19
49 98
110 89
72 110
114 39
58 79
27 81
91 47
106 5
46 33
50 11
21 105
48 37
35 84
13 71
85 43
12 44
83 17
73 58
60 118
111 52
118 103
69 7
15 77
36 23
115 43
28 37
109 104
57 61
43 117
17 114
15 101
78 28
18 73
58 101
19 86
75 104
61 119
14 12
23 13
24 96
12 79
37 70
20 40
4 46
78 39
19 69
37 89
81 120
23 18
62 53
66 121
97 21
44 104
109 16
25 9
42 122
16 40
36 39
72 109
97 71
51 1
54 48
1 43
111 12
9 4
30 105
114 61
107 5
16 7
89 97
29 7
17 47
115 10
119 91
76 38
26 121
92 73
79 47
80 91
91 58
56 12
72 120
37 5
76 121
75 84
50 52
47 5
69 80
67 59
16 14
20 59
3 109
10 68
67 120
30 32
9 2
16 52
24 93
50 66
86 85
78 98
97 80
2 119
109 121
49 28
61 6
13 123
95 83
90 79
28 113
110 4
45 97
94 89
33 26
80 82
63 26
122 107
114 88
48 2
105 56
73 28
53 1
77 76
15 104
4 76
49 85
19 57
95 88
65 14
2 89
16 21
39 7
79 88
91 44
46 115
53 3
86 7
2 46
94 61
2 1
3 113
7 13
101 1
21 111
70 7
106 78
83 85
69 43
116 80
100 13
72 111
76 60
55 89
111 37
37 80
1 79
116 87
114 98
97 27
106 27
92 53
93 82
27 21
114 33
117 47
106 44
85 49
32 65
63 72
59 60
73 33
119 25
91 34
119 7
39 50
75 70
9 42
54 49
36 65
83 41
31 115
33 59
45 114
115 69
52 77
28 49
115 58
54 62
100 54
59 19
42 30
119 80
77 49
112 74
31 63
28 106
7 30
68 118
77 70
14 28
120 21
98 18
100 4
63 4
67 119
24 118
53 34
34 48
47 76
98 108
88 14
114 30
74 119
54 116
119 4
47 19
38 26
23 86
61 63
114 42
82 112
71 39
9 24
11 2
69 98
22 16
70 13
117 66
53 12
38 66
41 102
64 65
88 105
117 72
69 91
12 61
94 82
50 16
88 34
72 12
103 61
3 28
103 77
100 102
33 53
54 2
63 19
27 123
94 35
10 117
34 95
72 35
90 105
88 19
5 72
58 114
11 102
31 93
68 54
116 7
103 92
90 58
37 113
119 104
24 7
68 86
112 42
118 94
119 67
51 86
98 30
45 58
51 82
42 3
49 31
89 104
9 37
68 59
23 68
112 101
54 110
18 63
84 75
2 78
67 38
94 31
14 104
46 25
54 36
66 122
6 35
73 68
38 52
115 83
31 7
89 80
116 10
71 32
13 77
12 70
43 46
25 54
99 104
30 9
50 114
31 57
92 99
115 34
45 28
4 106
45 69
78 15
35 15
30 14
64 89
102 67
52 109
3 69
34 40
12 65
10 66
33 2
105 110
76 102
17 90
25 56
30 89
120 16
119 65
45 26
31 26
49 84
48 72
71 72
119 62
59 49
83 86
43 78
118 84
68 78
57 23
116 69
89 29
61 68
7 114
68 26
47 98
111 14
54 15
16 123
62 59
66 118
4 109
79 84
53 60
5 2
109 117
5 60
34 10
119 21
68 24
52 85
73 100
45 119
92 94
17 76
52 16
75 91
67 40
68 65
95 74
37 7
22 24
113 42
8 20
8 104
67 14
46 28
3 103
109 15
65 10
93 102
44 49
57 112
108 41
50 13
26 105
23 28
34 64
40 115
103 82
62 18
8 58
17 93
29 94
13 92
90 50
90 60
110 8
34 28
102 79
94 118
40 113
27 31
53 64
2 39
88 115
75 46
89 47
48 66
62 122
48 74
85 20
52 3
107 77
56 42
92 85
27 53
40 64
92 79
117 5
94 96
74 19
63 53
32 28
44 68
117 90
41 66
46 76
63 77
16 70
70 93
35 21
14 115
45 92
34 80
38 25
117 98
91 121
78 97
115 68
122 100
65 95
42 50
4 105
107 75
97 76
14 43
123 96
10 23
39 46
90 18
35 47
87 45
80 54
68 58
123 108
56 88
57 71
81 83
55 84
72 106
97 5
72 1
49 105
31 97
95 28
56 30
108 32
65 5
99 121
18 49
72 85
42 52
65 60
80 61
106 12
48 21
46 82
39 120
113 17
59 51
67 27
91 38
110 35
1 62
51 26
120 82
51 20
95 32
41 65
32 101
33 75
89 61
55 14
85 24
25 24
41 24
37 9
60 86
101 107
1 13
81 54
103 20
33 54
47 85
84 77
97 26
85 68
76 8
3 74
30 112
96 1
119 95
21 1
21 101
105 31
39 34
2 27
42 63
33 19
36 113
91 100
61 21
46 57
8 51
79 31
103 28
113 82
38 46
105 13
96 83
19 17
99 43
98 92
52 113
112 31
100 75
112 108
56 123
37 30
82 20
5 79
102 113
63 89
39 52
118 22
51 57
37 56
42 18
20 98
50 18
15 93
78 17
27 89
114 99
57 16
108 78
87 100
79 83
14 5
73 43
82 1
63 69
82 88
62 35
54 61
39 121
79 106
79 97
35 55
40 95
47 92
24 17
120 103
93 42
17 4
63 75
75 78
38 22
41 3
14 119
96 74
74 65
95 101
50 42
66 123
50 90
17 26
8 38
57 51
40 105
55 1
118 54
21 88
78 72
17 36
13 98
123 79
82 102
72 98
66 99
38 116
117 119
46 97
17 21
100 63
117 58
113 7
49 13
65 115
46 81
54 43
45 42
31 103
35 92
8 5
89 83
51 49
97 110
11 107
107 120
120 118
109 49
123 6
94 69
31 23
27 79
39 2
27 68
109 73
74 26
45 3
58 47
6 87
66 72
26 44
2 65
47 100
47 78
80 87
29 109
72 70
104 52
104 38
77 100
82 9
96 69
120 92
33 123
46 60
26 76
52 34
53 78
116 108
3 35
24 25
30 91
66 16
122 45
44 40
121 51
58 95
75 122
101 6
121 31
3 7
49 53
50 41
77 38
74 13
14 16
74 30
80 69
26 92
116 93
40 12
36 80
75 15
116 105
2 40
108 52
117 4
123 118
80 59
93 90
4 78
77 104
90 63
51 56
73 120
60 112
94 68
118 3
122 43
32 8
57 54
35 89
74 83
94 97
101 90
66 111
92 83
78 5
40 14
16 60
43 112
24 42
104 86
20 58
35 93
104 96
112 36
74 51
49 87
88 53
60 44
94 19
76 73
98 89
42 7
108 76
61 42
79 117
9 50
16 77
15 27
120 80
118 76
27 91
48 82
80 84
120 110
70 19
47 72
83 123
75 17
65 70
14 6
28 4
94 103
117 122
68 9
76 70
106 101
42 9
107 14
45 13
59 71
36 16
96 102
14 52
75 92
64 55
85 77
104 102
19 12
14 21
112 11
15 45
34 9
79 80
45 96
88 51
101 112
53 25
67 114
26 93
26 59
54 88
43 9
40 98
35 72
90 73
52 45
92 110
101 73
117 108
55 44
44 2
114 85
29 11
118 23
1 105
78 27
115 7
70 109
55 11
12 54
11 87
67 80
74 109
113 107
49 62
88 77
107 62
51 118
37 4
112 78
47 119
36 37
65 111
60 61
4 39
15 33
67 83
112 110
58 81
90 39
48 89
47 29
60 65
8 47
109 114
15 39
90 95
67 22
79 67
117 51
102 46
88 102
22 122
107 3
3 115
3 90
45 78
4 75
46 83
68 42
19 39
45 25
91 63
55 31
14 105
39 90
36 59
59 15
79 3
87 85
64 86
118 112
53 91
67 66
123 94
56 121
66 47
123 62
79 19
78 42
23 62
74 11
64 82
115 46
120 4
50 8
25 41
90 51
2 55
113 89
63 116
6 59
36 20
24 86
68 96
60 111
46 50
32 107
12 27
104 40
75 62
63 55
92 69
49 77
46 108
11 91
45 21
122 23
109 81
123 18
118 109
76 24
117 19
99 61
2 82
3 101
33 6
85 108
81 12
120 95
62 22
100 20
98 3
44 78
76 3
95 109
31 33
36 110
123 80
92 75
47 123
46 53
33 86
97 99
77 80
56 95
32 59
95 24
50 110
117 83
91 82
56 8
12 104
66 13
42 47
12 36
104 77
23 46
66 87
39 11
39 74
53 115
109 60
77 2
88 63
9 108
6 106
43 122
5 116
7 54
58 69
57 73
5 70
31 114
92 51
34 70
80 79
64 6
25 64
62 114
22 110
76 23
66 44
65 94
55 83
112 103
35 78
10 80
37 27
41 14
15 118
29 69
39 69
17 64
107 106
11 60
66 11
102 29
25 72
20 65
38 16
7 56
72 16
34 57
3 22
91 10
75 9
46 15
77 35
1 75
112 30
116 86
106 79
120 30
71 15
53 14
72 64
2 12
86 9
43 115
8 65
76 115
49 2
46 30
21 8
77 94
80 110
98 55
84 52
38 3
69 45
100 8
23 110
3 55
10 6
42 39
112 69
37 69
43 81
13 6
77 64
18 19
62 89
114 72
64 33
80 15
87 74
22 55
99 103
54 70
88 100
73 18
70 116
61 7
55 85
62 63
91 97
45 50
107 114
64 67
50 48
3 49
98 29
93 44
8 81
103 37
13 91
91 118
108 119
12 21
59 76
86 42
70 96
24 61
75 30
52 25
57 44
117 81
16 75
60 7
79 53
10 77
89 15
118 34
33 62
82 109
111 101
115 42
110 53
103 48
17 75
22 21
36 111
119 46
57 85
1 15
123 109
113 91
68 32
13 75
86 19
37 2
40 24
2 71
104 64
6 94
83 104
67 93
83 45
36 21
37 118
87 65
97 15
77 39
91 46
16 39
88 119
60 35
9 48
10 22
119 11
98 110
101 33
11 57
96 61
100 14
37 90
114 102
103 6
83 36
89 40
59 23
25 93
34 25
28 94
41 10
7 95
59 47
115 15
68 67
26 79
46 86
43 39
111 16
51 33
47 80
102 80
97 95
112 53
95 40
86 5
85 38
38 108
97 43
22 18
71 66
27 106
111 33
48 7
118 93
58 44
13 54
70 113
30 81
64 29
111 117
26 98
62 17
53 72
71 26
111 7
4 107
68 77
106 74
35 94
91 84
25 79
71 79
101 76
36 108
55 59
97 48
36 17
84 37
109 52
95 10
51 85
58 15
99 36
6 30
50 75
23 102
42 95
18 100
18 37
26 56
23 14
54 25
112 41
81 66
12 19
123 103
15 13
7 57
33 82
11 78
9 31
73 85
2 43
42 78
109 54
93 73
48 47
3 62
112 66
103 81
118 25
7 55
103 63
26 28
21 81
44 43
113 18
54 95
50 109
55 70
36 83
23 81
17 61
123 97
38 27
116 3
83 103
34 42
93 36
118 111
19 71
104 30
48 120
4 102
11 108
72 86
33 119
116 61
31 96
12 120
25 88
68 89
54 101
40 93
16 99
120 25
111 10
113 99
47 112
87 64
42 40
91 29
55 22
17 94
9 43
53 23
13 28
109 3
15 112
25 32
42 92
11 89
116 32
119 110
111 8
118 30
114 34
43 56
95 41
21 31
62 21
27 15
113 111
72 43
108 8
7 8
83 3
72 94
80 86
82 114
57 81
90 35
103 40
123 28
80 56
90 81
38 82
99 102
17 5
84 55
70 3
65 9
82 64
87 73
92 30
61 104
109 98
63 22
61 110
74 115
10 14
12 95
12 76
63 107
64 118
53 88
117 74
89 102
71 24
100 122
39 26
50 59
64 96
76 88
109 95
87 88
42 49
18 76
38 65
55 80
87 108
11 71
74 64
7 42
56 11
36 105
52 29
103 47
119 40
123 63
33 42
68 111
43 74
27 45
91 41
108 22
53 37
57 19
68 114
30 71
97 7
67 30
35 9
23 16
78 96
98 84
93 32
6 117
57 15
12 71
34 45
46 43
66 1
53 55
50 55
6 42
13 101
107 27
63 7
8 107
2 47
87 72
47 94
26 19
81 89
27 65
56 64
50 23
32 49
69 6
19 121
117 96
77 60
69 79
13 51
15 120
112 121
79 62
14 45
31 101
59 27
11 120
33 109
115 51
59 18
18 84
51 67
115 110
22 1
31 76
117 35
118 51
24 2
51 94
14 80
10 79
19 122
42 61
78 65
66 36
32 30
93 51
72 7
80 24
1 70
38 62
35 74
21 107
32 6
16 4
76 96
96 55
121 112
102 62
98 63
35 85
60 26
19 10
102 108
7 92
73 45
70 27
79 18
5 123
92 96
88 111
79 1
29 15
101 14
89 21
39 17
58 82
60 89
8 71
73 119
20 83
25 26
37 92
6 85
78 76
22 119
78 100
98 119
98 42
98 96
31 109
84 87
17 100
73 34
64 51
67 54
6 99
117 62
107 51
20 13
9 98
46 59
77 63
114 18
17 97
108 45
66 112
42 91
25 112
61 18
90 38
45 36
37 47
59 75
20 116
63 64
28 95
69 112
47 63
31 3
123 83
105 71
61 54
43 2
88 20
52 122
45 44
116 82
9 112
22 71
7 102
52 112
82 108
66 21
18 113
82 34
86 17
100 99
70 71
74 6
62 116
103 83
25 70
17 16
91 14
117 29
122 48
61 107
62 68
22 45
46 64
37 54
7 49
92 101
101 109
30 96
54 79
59 80
108 104
117 32
19 48
13 31
87 24
51 83
29 67
116 15
30 68
77 121
60 117
13 38
77 50
91 3
18 48
47 118
98 16
102 65
83 56
95 68
68 95
97 62
66 7
52 1
25 17
91 43
112 109
94 76
123 29
57 109
78 38
58 89
122 5
66 116
67 116
53 54
3 116
89 13
54 5
10 56
31 59
85 97
83 22
63 59
101 43
16 97
19 15
51 80
33 85
53 35
33 81
33 95
37 71
121 57
80 118
110 39
12 59
51 5
89 39
122 99
86 122
49 58
91 15
66 95
88 79
38 49
14 33
63 98
85 16
8 42
86 44
4 45
80 66
20 44
31 86
93 49
57 82
9 58
78 95
65 42
34 105
82 6
109 96
88 23
93 118
17 27
92 86
26 10
118 49
122 26
67 71
16 111
70 98
20 119
92 108
108 91
91 55
1 14
53 83
59 69
64 103
83 108
105 109
40 58
47 90
63 83
47 20
66 104
21 44
88 117
34 93
106 96
66 119
59 122
87 70
84 88
110 109
54 38
114 46
13 46
123 104
69 105
117 70
63 117
67 43
46 90
106 70
20 90
93 3
63 95
34 62
67 2
30 84
95 118
3 85
9 56
13 79
9 27
19 53
58 16
23 89
122 68
40 63
43 119
92 11
119 117
71 111
61 37
106 90
18 96
92 18
54 69
7 40
17 58
111 26
22 97
90 44
12 58
113 67
81 118
4 26
20 2
36 95
5 37
26 119
19 94
65 46
66 86
40 73
113 103
113 26
45 100
105 46
22 40
7 18
1 106
103 39
27 119
106 47
116 99
12 18
54 86
27 112
119 123
59 11
12 32
50 123
28 57
17 92
90 77
61 53
64 79
8 108
98 79
23 113
5 8
63 67
84 26
69 117
11 13
24 74
3 108
62 90
66 103
39 32
86 50
7 52
41 20
121 99
84 57
2 88
41 100
7 74
86 26
117 73
96 81
112 37
22 112
112 45
64 107
1 49
61 59
118 74
108 42
22 20
9 15
15 62
73 76
55 7
16 43
19 105
13 41
17 122
14 109
36 26
2 109
105 15
6 68
46 75
36 119
2 28
97 47
114 57
62 3
47 116
103 55
95 105
64 16
47 3
52 81
83 92
16 79
66 106
119 93
54 57
121 49
92 38
90 14
102 36
57 56
65 104
115 48
110 15
27 113
34 59
5 73
97 9
75 12
12 31
19 74
26 12
34 14
47 59
119 38
121 34
20 14
22 80
89 94
98 13
110 22
23 43
89 108
64 120
99 54
64 47
112 80
22 26
72 14
47 115
100 87
42 73
35 113
28 10
19 47
49 107
84 4
24 59
102 1
24 48
101 70
18 102
118 72
117 53
117 86
65 91
112 65
32 82
29 44
18 71
63 119
99 111
43 109
97 74
99 21
101 58
61 86
24 40
63 56
107 37
107 52
43 36
85 81
114 10
7 19
2 93
9 90
22 74
34 36
17 35
69 116
108 20
75 120
15 88
95 14
34 8
76 50
77 73
81 33
69 89
100 12
43 8
18 2
72 11
82 46
51 99
65 119
62 101
103 90
49 102
92 36
88 114
63 40
24 121
105 103
82 120
105 44
117 36
13 117
82 37
3 44
6 37
25 117
101 23
48 97
71 61
86 96
55 115
23 8
12 49
116 33
98 62
58 68
61 31
122 61
90 78
65 73
82 38
57 37
94 41
35 46
58 2
25 39
107 7
45 47
54 41
18 1
59 33
42 45
92 98
60 40
49 1
117 120
114 81
22 109
56 71
29 96
58 29
69 68
17 41
102 58
6 76
91 6
74 79
69 38
87 35
66 23
7 99
86 40
39 98
43 96
112 104
104 10
22 114
12 66
33 112
91 37
80 62
120 5
85 34
113 101
51 110
79 108
76 118
92 4
36 5
32 11
27 50
32 21
65 49
71 35
53 114
84 83
113 45
123 116
50 69
86 49
45 82
94 71
1 114
123 21
63 21
42 25
36 27
19 3
77 96
86 59
98 118
35 111
63 86
99 32
70 61
98 21
107 12
93 120
1 77
101 119
30 15
38 41
51 53
101 52
36 13
46 63
29 112
102 73
76 37
112 5
98 6
14 112
35 33
38 71
105 62
67 12
11 121
81 78
58 23
102 81
115 4
95 12
56 70
25 49
74 45
52 101
80 27
19 18
99 73
49 118
68 62
98 69
44 69
112 79
16 38
75 64
111 104
44 65
32 62
62 86
80 90
105 64
82 23
20 16
118 53
121 97
102 104
45 88
10 67
34 63
5 98
95 19
12 13
77 61
108 115
14 94
51 66
5 56
77 26
66 120
85 80
55 123
76 74
53 121
62 32
109 22
98 97
76 119
118 70
122 58
8 114
122 84
51 40
20 68
1 96
28 88
107 8
18 95
98 23
63 91
84 36
29 116
26 89
96 4
50 65
31 52
41 25
111 71
123 9
26 86
86 45
70 2
64 39
103 22
97 36
23 106
62 41
11 80
101 114
101 108
51 24
17 118
69 9
114 17
24 101
20 78
73 53
85 74
39 14
61 84
27 17
95 56
12 26
107 25
57 35
54 115
112 23
54 24
23 92
35 54
33 105
122 70
101 120
99 105
57 10
81 105
19 79
38 103
52 33
28 81
66 49
70 31
98 1
37 110
86 57
29 43
27 18
74 91
15 98
74 1
109 32
46 122
3 23
114 83
95 33
91 87
35 51
53 66
5 110
71 89
32 108
9 80
117 23
112 9
84 86
86 62
9 52
39 78
64 104
102 41
59 7
24 63
60 51
42 82
11 30
9 36
116 106
113 72
11 93
18 31
56 2
89 38
39 59
112 56
11 42
45 46
64 25
89 26
109 19
119 52
22 88
24 18
22 4
8 37
79 74
22 78
11 18
25 67
47 41
100 70
19 44
21 84
41 4
13 61
95 115
11 64
39 89
97 19
61 96
95 111
41 97
9 84
81 45
46 39
67 33
39 113
99 69
4 59
9 63
3 46
88 101
54 71
97 55
123 92
122 119
10 65
94 28
93 85
122 111
38 97
25 10
106 39
84 44
77 54
111 48
5 21
118 17
59 22
83 37
102 43
30 69
38 11
100 23
64 36
82 123
38 113
60 113
53 99
46 52
81 44
71 46
4 114
91 45
96 18
82 13
57 27
26 4
88 35
16 37
32 67
21 91
118 55
64 70
8 73
102 45
75 25
99 6
26 47
3 39
112 81
122 69
56 43
100 25
53 106
12 2
13 107
62 19
105 30
60 90
105 101
62 44
54 14
121 46
96 101
115 56
69 17
20 3
45 48
6 70
110 100
22 65
43 83
67 58
85 32
62 1
95 7
82 71
31 1
44 71
118 48
70 35
4 123
121 86
30 1
54 26
46 67
49 42
71 20
96 9
79 82
111 13
88 109
56 18
70 1
87 1
83 34
43 79
43 3
38 94
93 12
94 83
29 31
75 117
17 91
17 71
37 41
117 12
27 7
76 14
26 40
110 58
73 60
16 94
23 31
123 20
97 4
15 70
70 88
82 61
60 75
86 112
47 87
9 95
16 31
91 22
71 84
53 92
4 96
46 119
60 82
60 102
55 62
84 68
112 21
117 40
69 62
57 108
38 98
68 33
37 13
85 21
102 49
3 107
83 51
6 9
109 28
120 117
67 4
40 81
80 113
45 2
111 66
37 33
84 25
5 25
4 111
95 67
94 36
123 121
16 59
23 51
1 41
24 53
111 113
80 122
18 50
12 96
41 15
101 32
95 112
18 8
88 122
51 46
42 55
23 101
105 1
69 3
19 84
16 3
108 101
20 63
77 65
113 108
16 78
20 69
93 62
82 51
42 84
29 30
26 109
18 123
32 117
57 6
89 100
30 21
87 81
27 36
80 37
64 94
70 95
35 34
63 82
33 97
10 109
97 109
54 50
17 112
7 24
96 63
107 76
92 42
106 99
15 67
88 62
74 86
79 103
117 33
93 9
57 8
90 34
69 21
60 32
14 27
78 66
103 16
48 15
93 58
122 55
101 24
21 102
72 112
1 99
5 64
42 66
98 66
112 73
33 118
109 53
121 119
33 45
52 117
59 5
67 35
94 10
26 102
70 87
45 9
42 102
48 31
23 27
55 116
3 42
65 57
55 92
46 41
54 84
46 107
67 112
94 1
97 1
50 24
88 67
61 22
64 117
105 38
101 118
64 81
104 83
113 83
87 57
65 24
35 30
122 59
23 35
67 69
89 55
65 21
39 12
93 94
103 62
74 50
121 100
21 16
46 105
15 89
19 76
60 11
121 54
62 49
104 121
81 47
108 83
111 59
64 1
75 85
15 32
114 116
32 55
2 23
52 57
27 30
93 106
120 2
95 73
8 46
66 22
11 90
51 70
101 78
108 24
44 33
118 110
2 100
52 43
28 59
115 31
47 121
110 31
9 10
95 55
93 74
45 11
84 19
112 119
16 47
33 72
75 41
1 121
123 105
37 122
54 83
79 109
50 30
38 78
37 68
19 21
8 115
59 121
91 104
74 33
92 1
48 111
4 122
110 91
31 79
34 11
50 31
42 106
8 67
27 59
90 41
95 103
106 71
65 88
118 107
94 81
43 20
63 11
80 55
81 111
57 62
91 49
50 98
80 117
17 42
19 87
93 40
72 10
120 101
100 76
8 74
9 107
6 40
60 10
27 23
31 19
74 2
99 7
51 28
108 66
77 122
64 7
105 43
105 96
97 33
78 22
72 71
85 102
62 26
101 111
74 34
56 117
115 45
61 108
69 76
3 112
49 116
35 38
8 26
20 105
84 97
86 88
5 18
17 116
85 9
102 86
95 86
42 5
30 95
14 36
35 122
23 111
46 37
102 97
101 21
90 11
34 110
27 47
104 47
9 73
91 25
100 37
23 47
107 29
61 11
23 117
106 87
77 101
45 27
61 15
75 42
103 93
67 118
53 117
103 71
97 17
77 97
104 89
115 101
45 65
12 119
10 119
27 115
121 96
59 108
52 96
110 16
77 99
61 49
8 24
95 13
101 45
7 94
15 4
98 105
121 43
76 117
14 42
26 112
77 12
60 81
104 111
91 16
57 20
19 50
108 69
90 112
49 37
16 41
29 4
1 22
37 81
89 109
122 113
36 4
21 36
50 72
120 53
47 9
120 10
87 3
29 82
23 74
85 50
24 65
111 65
103 110
6 55
56 49
94 123
26 6
68 101
84 11
22 6
122 28
107 100
11 119
43 37
4 27
18 99
22 93
115 17
118 5
67 105
118 21
40 53
6 41
123 89
70 77
84 118
75 88
35 109
77 23
120 89
83 118
76 21
38 114
110 73
46 79
75 58
75 32
101 27
121 11
118 106
12 5
102 122
64 116
39 86
35 5
47 97
43 1
115 63
7 12
64 75
123 120
92 111
119 70
63 85
76 47
69 2
119 64
108 97
78 110
69 59
56 39
109 10
93 37
114 48
90 91
25 75
97 65
63 24
18 107
78 81
5 113
58 4
59 91
28 67
20 106
27 118
32 60
40 5
53 59
55 38
92 43
111 3
109 90
9 71
96 51
39 25
110 2
51 35
75 38
105 49
46 65
2 50
44 51
71 81
93 52
94 30
65 45
59 109
41 106
93 65
18 51
91 73
54 8
99 85
36 7
63 66
48 30
25 86
41 87
123 78
114 121
85 53
18 116
118 2
115 36
119 86
103 9
121 88
71 60
26 70
93 88
114 43
33 103
24 77
11 53
51 7
114 105
9 53
30 120
89 48
2 36
77 109
93 80
21 110
18 39
6 28
12 41
57 7
4 40
75 35
120 31
108 106
107 13
56 93
21 3
61 16
112 6
89 79
93 38
65 116
45 4
114 92
99 34
96 14
107 85
76 26
10 111
43 66
56 109
107 19
100 7
45 76
22 86
6 118
88 13
10 63
8 111
40 21
84 7
33 8
41 62
41 83
83 55
95 11
73 63
107 81
14 50
58 7
38 43
33 46
101 9
14 95
14 18
50 57
33 121
83 23
18 4
52 68
30 102
5 42
27 33
63 112
6 14
75 118
60 98
102 74
98 85
93 104
48 78
42 96
66 25
30 88
28 9
93 92
58 63
58 67
30 100
73 47
61 78
44 13
43 104
54 55
88 28
89 122
1 19
16 25
55 91
104 105
74 80
22 44
14 66
30 110
29 21
7 3
54 76
55 45
120 91
48 27
84 73
33 48
100 77
6 24
88 112
109 88
63 106
82 119
116 59
71 95
97 122
89 41
67 46
59 26
39 119
42 79
22 19
36 35
40 122
60 27
45 75
75 101
123 82
96 78
44 74
104 107
12 43
88 47
78 26
43 88
42 108
110 32
103 34
61 43
81 14
69 60
6 121
123 26
70 8
92 81
50 118
32 114
112 88
13 72
108 37
81 2
11 56
98 24
26 62
118 65
55 64
34 88
12 52
87 7
63 2
51 68
114 49
24 99
65 1
42 123
118 35
39 3
82 75
108 47
11 74
103 14
68 12
12 11
58 92
106 68
51 100
111 30
84 70
1 40
32 61
107 119
83 121
73 9
100 118
68 48
106 92
61 113
86 119
116 109
48 84
62 28
44 28
21 116
31 122
15 122
18 24
27 19
116 79
79 111
111 39
66 105
69 121
92 37
78 18
7 91
36 10
100 119
49 20
98 65
57 66
85 11
123 74
96 36
32 63
44 12
76 105
65 31
121 115
43 118
91 99
123 55
20 117
37 84
28 102
115 75
26 90
117 95
72 55
111 98
22 95
74 90
1 12
46 114
48 106
70 92
123 33
89 35
43 11
55 57
88 121
122 35
19 1
34 120
27 26
21 42
82 118
121 60
102 51
114 7
32 98
17 107
62 118
41 123
110 104
93 28
59 55
50 106
90 64
96 46
16 64
119 50
48 110
7 116
46 20
15 35
41 16
41 30
17 119
10 73
44 3
111 60
80 34
39 31
83 115
103 99
29 79
51 96
5 87
73 117
80 88
33 100
2 99
88 46
97 2
81 10
31 112
49 56
111 17
33 25
20 21
1 97
102 111
114 103
123 60
17 104
102 30
96 68
113 118
60 41
40 75
74 27
41 92
40 6
63 65
79 25
79 45
25 13
98 9
100 109
48 33
59 119
69 54
111 94
17 121
27 24
17 46
7 45
15 53
14 82
123 35
121 38
2 76
97 112
18 3
86 16
103 121
31 68
36 63
79 69
50 33
37 38
18 115
79 76
69 10
74 120
101 84
100 61
13 65
18 112
87 105
75 22
77 69
68 46
15 48
33 102
78 73
8 122
21 99
17 84
32 110
86 78
40 35
119 78
64 87
75 86
48 53
47 74
77 87
54 103
51 84
44 113
30 64
65 90
48 123
15 117
82 47
115 74
54 92
95 25
31 107
34 69
17 33
58 113
71 97
21 86
32 33
67 86
114 120
97 29
105 73
121 117
109 85
72 6
18 46
106 114
7 15
101 123
58 115
103 32
56 108
70 108
30 67
78 14
66 89
90 55
56 5
44 7
22 70
103 4
114 74
111 70
35 97
64 101
74 106
43 29
103 84
37 60
39 44
122 74
39 58
29 68
107 97
43 113
50 28
84 15
72 121
107 54
5 120
54 30
101 99
109 38
30 94
90 1
118 15
32 87
78 25
101 67
50 2
83 97
97 93
115 55
3 26
8 35
1 89
30 121
83 119
64 14
123 34
69 113
14 92
92 120
66 43
72 49
35 65
40 32
81 34
30 123
3 45
82 65
103 21
103 101
11 14
123 22
25 97
29 77
35 8
49 80
64 52
84 60
80 99
97 57
113 116
112 51
108 29
51 31
101 50
115 118
44 120
6 71
61 91
104 93
100 67
106 16
32 120
93 119
28 91
70 104
82 63
69 75
62 109
17 66
2 110
75 10
88 78
48 44
18 78
34 44
114 109
100 108
101 115
25 19
88 74
22 101
111 32
72 78
29 98
57 65
75 51
3 36
2 6
94 17
41 17
68 73
68 44
88 97
72 44
10 9
86 102
108 93
41 9
113 40
102 20
70 67
99 23
10 16
82 28
105 108
20 24
96 20
35 6
45 29
6 22
120 62
22 48
14 23
85 3
114 66
105 6
93 117
119 99
27 48
33 36
118 68
32 84
105 89
1 111
60 8
21 83
88 96
38 21
3 122
73 89
67 117
96 2
37 91
18 23
111 46
80 28
16 51
96 90
105 118
38 117
45 74
57 13
59 88
13 104
45 17
74 75
73 42
105 47
119 44
122 56
3 76
22 47
100 9
51 62
96 59
118 105
123 56
67 61
43 22
81 11
25 38
48 116
83 67
42 31
93 98
46 62
30 79
115 40
53 15
29 111
58 93
8 17
71 48
12 97
91 123
16 20
69 85
95 57
4 36
57 84
91 110
89 111
30 75
112 33
42 98
79 2
75 50
108 39
113 28
66 6
41 69
63 100
122 22
61 103
19 93
101 80
22 35
92 122
70 15
23 61
113 31
100 106
64 95
14 46
18 64
90 4
40 69
29 38
14 4
55 27
25 95
37 111
27 117
122 90
5 10
110 21
71 12
33 113
2 57
120 85
75 110
43 47
55 25
14 114
66 4
103 78
105 12
21 47
114 6
68 6
78 10
7 29
89 120
31 16
3 34
25 121
59 107
20 46
91 40
92 58
118 67
103 52
95 69
52 89
49 61
90 53
64 56
87 42
94 108
28 47
64 93
56 1
121 67
10 38
22 118
52 36
93 71
108 21
61 65
48 23
71 1
102 35
99 92
66 50
69 77
73 64
59 52
97 30
78 68
83 71
118 86
43 87
50 7
63 44
49 50
123 5
2 8
60 97
90 104
67 17
12 123
14 96
31 88
38 60
4 28
92 109
97 54
95 114
42 65
33 90
28 110
71 8
34 31
114 93
11 68
80 38
81 104
28 13
15 54
34 39
8 11
75 39
82 117
63 123
71 11
29 14
41 95
64 111
14 10
102 77
52 102
64 100
26 46
5 75
74 28
23 119
102 82
115 24
9 45
109 24
111 27
114 96
102 48
87 41
47 27
35 41
36 79
98 123
30 4
101 105
79 23
25 81
53 36
27 66
1 42
27 93
70 80
14 84
59 36
92 54
11 109
52 114
99 78
53 75
12 56
4 11
53 81
98 57
11 17
65 23
22 100
4 86
92 57
96 72
50 95
61 73
81 57
55 15
87 22
105 74
19 77
110 29
112 77
119 118
84 20
32 81
16 58
111 82
81 48
40 54
82 110
85 110
29 81
113 9
49 7
67 20
15 75
75 74
98 34
10 74
55 82
73 39
68 35
85 84
91 103
66 114
10 120
72 58
15 22
111 56
6 5
89 107
33 41
95 26
100 123
112 46
88 1
78 61
54 17
51 107
6 69
92 78
70 103
111 114
13 11
2 56
88 4
37 116
66 54
72 81
22 107
25 110
57 1
48 79
68 17
66 31
40 107
19 33
40 13
20 52
75 98
95 99
47 10
16 121
34 4
117 18
61 36
77 16
29 102
3 29
80 44
76 122
78 112
86 92
110 122
57 4
78 74
32 73
80 7
123 50
110 60
12 68
54 117
52 115
105 8
4 88
31 71
73 114
109 86
27 84
116 60
14 41
13 7
80 96
99 50
94 100
115 109
67 44
14 9
67 122
101 7
70 85
10 18
118 38
60 120
111 91
89 71
22 46
104 55
106 11
3 64
103 41
47 113
42 107
48 24
76 1
64 15
19 25
94 53
109 48
1 98
100 2
80 32
49 8
26 120
108 100
43 80
53 100
94 5
60 20
54 66
25 2
108 54
115 107
53 113
72 53
56 35
110 47
99 27
80 4
118 36
9 13
48 68
42 85
116 21
56 6
7 33
65 69
31 17
18 68
20 7
28 117
86 69
24 39
73 104
33 116
87 34
7 88
28 107
38 58
61 39
14 86
34 108
86 72
76 58
67 49
74 53
112 71
114 16
95 70
40 68
69 35
66 93
2 58
5 51
91 50
106 52
107 10
93 35
116 76
98 115
15 6
27 108
61 38
17 79
73 50
6 86
112 22
64 99
32 89
29 107
12 14
47 52
122 101
14 81
119 56
12 10
33 39
74 85
32 75
17 25
62 36
86 18
17 48
52 100
36 58
87 98
76 86
66 58
34 77
37 103
92 39
59 99
51 73
94 105
113 55
37 82
16 110
63 105
51 78
99 81
71 74
88 68
6 123
20 100
13 83
98 50
46 74
115 16
107 61
9 113
84 5
121 37
48 39
35 69
106 31
36 47
71 117
73 16
74 32
29 88
23 100
23 2
24 70
121 80
61 77
119 27
90 94
102 101
71 21
3 123
51 6
56 119
122 82
52 53
61 75
25 12
10 91
20 26
14 72
17 56
119 13
62 115
53 21
120 18
19 52
83 35
60 38
32 22
116 74
117 89
101 71
17 82
56 73
25 114
91 36
75 3
57 22
115 72
31 99
6 77
52 42
96 42
5 7
104 16
116 103
23 34
51 120
67 25
25 74
10 112
96 88
70 97
95 52
107 21
114 87
3 81
8 86
104 46
22 99
37 26
39 41
78 80
5 76
107 44
112 67
85 55
102 88
2 116
75 23
51 87
94 113
49 117
76 54
33 60
12 25
99 117
14 74
30 28
118 60
97 123
114 101
78 118
22 108
44 116
12 48
120 114
65 103
34 61
110 56
58 109
91 120
35 31
84 109
72 122
62 76
33 108
15 47
54 68
120 45
30 60
34 47
111 72
99 58
121 104
102 15
50 84
122 3
17 63
89 64
3 110
35 68
113 43
94 4
49 41
93 114
62 75
9 30
103 115
66 19
25 33
31 47
35 22
122 80
38 39
60 24
121 9
42 77
81 8
30 8
112 27
4 73
26 58
5 3
16 6
120 97
119 9
115 27
32 16
123 61
57 97
60 16
93 83
10 76
39 13
84 111
56 38
76 67
73 70
114 32
42 99
76 30
91 12
3 120
105 39
94 74
79 75
92 48
122 98
51 75
78 123
114 90
20 97
75 115
54 44
58 86
20 36
33 94
44 114
67 89
119 113
78 91
118 52
88 71
118 37
25 65
11 9
61 81
110 64
115 99
61 106
31 81
53 94
103 91
46 73
6 2
57 32
44 53
85 113
66 90
42 101
106 75
92 95
17 20
25 103
91 64
89 23
92 34
22 96
56 54
38 47
87 18
6 39
9 66
59 30
122 102
24 115
75 66
78 62
36 57
29 93
89 101
109 31
120 13
27 114
51 79
117 61
24 104
121 17
5 40
71 100
61 118
31 5
84 40
89 17
91 80
85 64
121 102
78 104
109 84
82 68
95 27
107 16
11 75
37 121
65 58
108 10
41 27
115 86
73 105
11 96
36 99
24 19
9 46
85 52
94 104
117 16
33 11
64 17
48 99
60 77
106 61
90 100
61 89
37 14
103 74
62 46
87 123
62 34
21 118
16 53
20 71
48 32
77 82
94 102
63 5
20 114
96 92
121 4
66 9
87 59
23 91
6 116
74 116
28 33
100 58
112 102
98 111
63 61
78 6
99 106
53 32
98 78
78 116
83 109
64 114
88 42
47 66
26 33
7 6
44 57
24 78
94 122
114 89
13 97
103 51
101 59
39 108
60 15
14 15
37 88
67 5
79 13
8 94
66 57
19 83
19 41
33 58
56 15
92 5
40 85
78 94
109 102
97 69
74 67
5 86
34 30
66 39
74 76
12 62
47 99
69 119
99 64
3 18
66 27
52 48
116 81
47 48
22 12
31 105
49 15
111 20
99 24
78 58
21 73
57 67
18 88
98 64
98 20
4 85
20 121
72 93
54 87
93 47
59 120
82 33
53 116
29 22
95 98
80 106
109 26
75 14
108 102
27 29
121 59
90 74
27 44
78 75
25 57
57 50
86 32
100 89
98 103
41 11
36 22
81 92
66 63
99 62
77 41
104 69
110 70
105 84
41 89
24 47
58 13
116 53
63 74
67 115
107 109
50 121
48 57
41 46
1 67
106 108
16 90
49 54
110 95
9 78
92 25
9 75
86 111
21 39
16 63
49 81
69 72
20 5
57 75
62 24
73 36
86 66
64 90
7 17
5 101
80 104
92 113
91 83
92 68
9 38
82 60
99 31
10 87
87 93
16 106
14 31
68 5
79 86
79 92
49 14
32 79
11 12
104 103
119 94
12 82
16 19
37 63
48 50
28 58
90 119
108 60
120 77
107 34
86 100
3 99
64 88
85 67
29 27
106 37
19 34
46 116
28 8
120 109
22 32
43 101
93 72
55 110
28 76
88 56
17 73
58 121
90 27
19 54
78 2
60 93
83 94
117 92
103 86
118 90
14 76
107 117
78 21
84 98
36 81
64 54
39 23
11 20
39 114
50 39
114 58
49 19
3 117
27 100
28 39
62 71
38 19
111 118
96 35
35 58
33 63
66 80
88 15
70 26
122 51
123 65
58 73
69 61
96 6
31 78
49 25
99 94
95 64
38 110
73 101
95 91
10 114
106 77
12 93
102 93
85 94
108 6
34 26
47 39
83 68
79 39
34 87
122 10
59 96
5 80
6 89
34 58
123 90
81 80
108 114
17 62
25 52
40 108
95 78
85 78
42 103
115 92
67 107
16 92
62 94
39 60
99 97
120 76
33 50
82 111
38 72
84 18
112 58
77 111
84 104
18 74
102 17
47 34
9 29
4 120
19 58
113 35
100 5
26 41
84 12
114 55
80 19
40 41
80 83
68 93
24 102
68 85
38 93
21 69
78 90
115 50
91 18
12 98
104 80
106 122
58 120
56 51
88 76
62 58
105 9
89 72
15 52
90 3
61 19
64 46
17 29
69 51
57 45
34 81
110 62
65 79
99 88
75 105
46 16
66 110
108 33
28 31
76 90
48 55
118 88
85 69
23 36
79 20
22 30
78 41
100 33
110 40
32 121
120 3
20 45
105 65
8 101
75 108
4 22
83 120
105 20
32 50
89 18
119 106
6 67
36 67
119 59
115 61
115 79
76 57
8 39
53 101
41 101
67 1
75 26
18 42
73 4
117 22
79 57
34 56
7 79
72 117
28 11
20 15
26 52
109 25
52 12
60 46
10 83
116 104
26 43
85 82
13 57
41 71
39 24
29 39
9 122
4 33
99 8
113 36
102 95
117 1
119 77
117 79
123 70
65 121
6 57
38 55
43 86
98 117
44 11
26 110
56 60
15 87
27 83
68 34
10 97
12 72
64 63
112 8
8 95
18 69
30 39
98 5
89 56
105 90
93 123
119 74
24 52
44 58
70 14
75 95
24 44
50 100
96 107
108 98
21 22
105 24
94 29
122 34
70 63
105 14
3 91
48 64
19 6
38 5
23 76
49 16
97 83
103 116
91 108
17 65
33 78
33 12
120 32
121 13
106 85
65 47
91 107
89 67
23 41
74 54
48 114
9 55
45 112
122 117
8 48
113 115
38 106
35 4
15 72
35 44
68 27
86 22
109 69
119 84
87 44
42 6
122 97
5 24
14 69
45 15
80 81
116 120
30 61
106 49
70 72
80 40
4 12
116 73
54 22
121 7
118 62
68 25
92 8
116 115
86 106
62 60
102 4
15 21
56 75
122 89
2 19
72 100
24 31
62 39
99 19
72 89
64 18
102 8
121 10
107 40
42 116
44 56
55 4
91 70
9 1
46 120
38 15
3 43
22 11
51 13
103 2
44 73
69 13
63 114
86 87
32 3
56 113
19 55
88 5
5 16
45 61
41 32
86 76
11 34
105 67
69 109
1 103
119 31
75 8
96 71
80 6
35 13
32 94
86 75
13 102
2 106
32 71
11 97
21 61
113 97
27 8
12 92
50 71
36 112
35 64
6 111
79 4
21 25
16 55
17 28
68 30
76 52
48 62
79 119
117 111
107 93
1 9
14 99
85 60
71 114
104 17
60 104
69 103
46 5
91 57
112 57
61 70
25 22
39 87
64 27
120 44
120 81
63 46
51 69
110 6
48 29
65 37
94 67
35 110
27 20
81 59
73 118
66 78
36 88
15 25
17 18
68 69
58 108
95 75
50 45
96 98
113 68
58 100
17 101
52 107
19 89
36 61
5 99
34 89
36 11
113 10
98 60
31 39
48 75
71 90
75 103
14 32
86 101
51 12
71 62
104 39
44 39
60 5
115 9
60 62
101 34
111 78
114 1
13 90
47 16
87 75
56 66
102 7
27 13
67 9
24 21
34 67
62 112
8 77
20 104
121 78
25 6
87 113
24 30
45 51
72 31
9 106
73 88
58 85
79 54
110 76
9 72
76 61
96 116
80 85
62 87
120 94
31 91
109 36
75 48
83 82
123 100
2 108
68 70
74 104
120 84
92 17
69 14
112 86
24 4
72 76
39 71
67 62
12 28
2 91
97 107
22 50
107 123
79 58
111 24
89 2
38 120
58 24
52 64
30 19
44 92
86 35
113 81
82 57
122 27
109 17
109 21
62 65
121 25
116 56
59 38
30 45
70 58
12 74
83 38
105 83
122 115
30 11
87 15
71 94
116 111
71 101
33 29
62 120
15 106
65 83
49 4
13 122
113 6
92 28
29 45
84 120
74 10
13 2
74 71
28 24
51 15
102 5
35 20
24 81
14 75
10 3
55 17
80 65
96 122
63 6
61 105
94 44
42 87
2 69
78 7
3 79
96 67
82 36
40 22
52 21
1 21
68 39
5 109
76 75
42 110
15 38
41 122
108 18
100 35
30 49
31 66
17 34
76 15
107 22
120 106
51 117
52 11
40 3
67 32
22 3
88 33
26 78
32 20
19 117
18 44
102 63
71 68
45 115
97 60
100 73
114 51
26 55
89 33
12 90
11 69
68 76
121 62
67 87
62 79
74 41
103 80
94 87
65 101
37 72
82 101
100 107
99 70
9 26
24 84
24 123
35 59
90 65
23 7
70 47
40 57
55 66
59 46
45 62
82 69
41 43
86 103
44 89
27 101
60 23
66 96
44 112
73 90
17 30
75 49
44 60
48 41
24 114
2 83
18 10
119 57
36 45
70 55
103 108
41 68
96 76
110 49
56 87
29 59
15 84
117 49
95 36
102 32
7 72
7 35
68 99
89 91
67 108
35 91
86 24
62 78
53 110
68 94
2 25
10 12
58 33
92 3
100 71
54 34
19 23
72 33
105 94
2 41
100 55
98 107
121 113
44 70
93 109
88 94
24 41
59 85
29 84
13 64
95 108
56 25
106 123
50 25
21 10
54 19
110 1
2 60
88 22
110 27
18 9
97 49
116 4
26 21
97 114
49 24
60 103
26 29
102 39
60 87
120 71
32 74
47 2
55 78
58 70
55 9
93 77
71 120
34 119
116 66
121 75
119 108
96 31
114 5
102 76
94 49
9 18
49 69
3 47
98 7
46 11
104 120
75 109
13 87
72 92
71 33
71 91
65 28
56 114
100 82
34 97
117 9
74 114
35 29
88 116
72 17
56 112
85 106
85 13
23 45
104 14
83 73
61 46
90 52
99 20
63 18
69 66
8 121
89 24
72 73
87 2
1 116
72 27
6 3
20 109
19 109
5 77
39 82
57 89
121 103
40 86
75 79
60 71
63 102
40 83
50 63
46 89
46 117
9 121
111 4
53 112
118 101
77 43
44 25
51 65
99 66
78 8
115 3
62 56
87 47
18 16
49 73
100 44
40 82
10 122
69 65
114 91
69 34
43 31
57 116
3 13
60 37
89 77
83 16
108 107
79 91
100 52
49 112
43 57
67 15
117 7
40 88
52 93
79 27
82 95
41 77
36 101
101 26
68 41
61 29
92 45
11 29
72 75
28 100
75 36
122 37
111 6
60 19
6 21
31 85
28 6
99 47
22 28
9 70
22 15
104 95
61 57
5 88
40 2
83 1
69 24
8 119
111 47
71 27
32 12
112 91
69 96
101 87
69 88
65 76
7 84
111 106
28 80
72 42
4 89
107 48
41 18
27 75
90 85
41 105
31 9
95 81
116 31
105 16
70 115
123 117
26 2
30 37
61 3
78 93
119 24
64 68
113 110
10 81
53 84
31 110
42 80
6 36
28 30
39 75
74 4
84 76
32 18
17 3
114 9
122 108
28 115
99 37
117 121
43 38
118 57
31 123
115 41
111 108
117 34
4 21
29 73
51 34
63 39
73 55
91 71
42 121
3 58
12 103
53 69
64 34
119 47
54 80
106 60
31 118
67 91
61 99
112 96
113 98
117 123
26 63
122 16
47 1
108 95
38 13
60 106
89 70
83 43
7 9
61 95
99 87
10 52
74 110
111 109
119 8
13 88
121 44
45 38
62 8
106 2
23 42
13 100
30 92
38 101
39 48
94 43
113 74
28 108
72 82
43 14
24 12
6 62
74 38
99 100
80 71
79 61
101 46
94 32
105 121
10 100
123 7
81 72
16 72
17 98
50 44
3 20
97 120
61 123
104 56
122 121
73 109
84 31
95 121
87 79
110 106
83 58
37 79
73 93
102 6
24 79
95 106
116 88
96 49
88 10
53 56
67 47
121 66
87 99
39 20
85 88
48 76
5 41
53 51
90 12
66 38
59 3
41 53
94 6
36 109
33 73
10 118
41 107
70 120
89 62
58 54
84 71
73 37
20 94
26 113
82 16
57 121
7 64
22 41
60 76
53 38
43 108
52 86
82 67
14 40
105 76
86 109
112 90
83 102
86 41
46 121
123 64
2 105
13 114
123 102
67 28
121 118
45 98
52 50
8 44
27 74
37 55
104 109
47 25
7 36
74 96
115 112
10 57
117 84
102 47
14 64
82 17
30 50
121 52
68 72
40 19
67 72
84 50
74 87
112 55
120 121
88 54
122 73
116 122
51 89
41 45
5 44
18 33
94 3
69 46
4 48
14 35
90 101
44 88
58 10
64 69
59 6
15 61
64 12
69 53
41 49
56 77
120 26
73 25
113 21
123 71
6 12
13 40
89 20
14 38
83 76
49 114
59 90
81 110
40 100
28 69
31 46
53 20
107 24
105 85
123 110
57 111
40 121
88 45
61 93
2 75
26 68
75 107
24 105
65 29
113 66
40 120
35 77
84 100
57 69
19 51
15 115
23 93
82 11
71 63
27 9
60 52
10 108
85 76
98 19
119 51
116 30
16 114
73 11
82 107
90 56
103 87
112 43
2 16
111 55
30 73
43 48
64 109
100 46
108 59
40 65
39 70
10 85
59 67
43 100
37 6
12 75
57 107
46 69
109 8
81 18
113 100
28 36
107 4
27 86
72 56
52 84
91 93
53 71
123 15
10 43
31 67
92 62
8 55
87 112
122 8
28 82
41 118
6 52
52 63
41 60
85 117
18 53
100 43
116 40
23 5
119 71
58 117
53 123
66 100
68 31
90 33
107 95
48 81
54 56
52 106
94 16
84 38
58 25
58 41
85 39
96 75
93 21
41 56
2 87
12 69
81 24
35 96
73 75
107 33
47 46
92 90
110 79
83 30
1 119
102 105
74 44
74 89
9 94
83 64
107 83
70 94
81 46
9 59
69 71
29 118
118 11
107 35
34 90
55 88
47 61
62 16
52 8
63 10
93 99
43 91
57 91
48 34
115 22
70 106
31 64
46 42
3 83
51 97
96 12
6 47
67 70
79 14
58 106
26 104
17 51
47 108
53 119
20 84
70 69
91 19
88 30
77 1
51 4
69 70
78 92
18 103
7 119
37 44
101 65
87 53
61 115
109 83
106 110
57 40
22 8
1 110
60 74
66 51
77 36
35 82
29 71
25 104
8 6
27 73
76 113
99 5
61 33
61 48
56 67
58 43
3 41
76 94
18 104
54 121
67 65
66 59
4 8
99 115
117 105
55 86
102 14
87 115
117 85
104 8
120 7
101 85
27 99
3 17
60 116
104 72
74 93
21 65
104 112
119 36
48 35
119 109
120 63
98 33
104 106
26 24
118 83
71 121
21 26
28 84
108 74
114 25
58 77
53 45
37 99
36 19
75 44
21 20
1 122
9 17
55 100
115 104
75 102
76 28
27 104
99 82
3 54
118 73
29 83
59 117
94 37
104 101
50 34
7 22
1 115
91 119
99 56
98 41
119 26
80 42
101 93
24 103
83 62
5 90
32 42
106 15
89 123
20 66
18 11
107 111
79 34
52 51
7 60
10 27
73 14
44 67
105 75
18 117
3 30
34 96
69 84
98 49
24 91
40 117
93 81
83 24
92 44
6 19
32 99
8 36
13 111
115 6
98 39
83 28
34 98
17 70
100 26
9 74
10 33
101 96
37 98
24 32
56 83
71 118
62 2
16 122
28 14
72 80
54 37
120 111
21 9
59 112
12 42
29 86
113 5
75 13
115 57
7 117
76 107
55 117
38 77
4 95
104 1
6 108
73 72
79 22
3 40
123 14
94 106
88 110
4 44
77 11
21 90
29 28
123 113
70 32
2 20
76 109
5 108
84 79
25 68
109 61
116 20
106 56
90 22
121 76
18 72
94 112
64 123
71 36
55 107
101 60
14 30
112 122
108 75
48 13
28 86
75 6
62 10
120 54
87 91
10 17
3 65
45 94
74 37
47 120
25 98
35 99
4 65
29 104
11 104
60 99
56 40
65 97
31 29
76 66
67 77
115 100
3 4
59 50
71 56
54 122
53 28
18 34
105 55
110 19
107 42
119 83
100 98
3 106
18 80
95 37
16 119
89 106
94 77
113 37
65 19
38 67
81 60
86 36
22 69
35 62
32 54
40 25
76 11
94 7
45 35
45 8
13 39
104 41
85 36
109 107
7 65
15 103
111 86
42 19
59 93
82 40
101 22
104 65
36 52
23 96
108 26
59 66
21 50
94 93
28 52
57 95
49 12
51 76
2 90
16 91
119 35
109 119
32 9
93 100
43 50
35 26
108 27
71 96
70 28
45 111
38 32
53 11
12 23
11 15
121 50
108 72
50 74
8 60
116 36
5 117
120 19
93 6
68 8
28 87
69 94
34 75
62 108
112 115
7 100
40 1
16 118
115 94
96 120
33 28
25 115
52 98
69 37
8 27
81 79
122 7
53 67
119 85
20 118
29 50
7 73
57 46
48 104
68 18
72 108
51 64
47 26
41 75
77 20
18 36
108 14
63 94
105 122
88 87
114 2
40 27
17 95
60 79
55 12
116 48
17 72
56 99
18 54
86 63
30 22
19 65
46 98
73 46
91 89
76 48
39 122
38 4
24 46
91 122
107 82
61 69
116 65
25 53
109 40
19 29
18 77
119 54
90 103
51 104
81 19
3 98
74 103
68 49
71 16
41 61
8 106
118 27
25 20
101 16
9 64
88 37
62 103
119 116
40 36
93 60
75 27
97 101
99 18
54 100
86 54
11 32
80 68
120 79
70 10
53 16
108 12
71 92
19 56
107 65
73 98
45 37
33 101
97 77
107 57
95 22
55 108
84 17
1 11
35 114
51 36
105 88
75 123
114 73
54 7
96 43
11 122
16 26
13 16
118 28
21 30
59 31
107 101
19 9
78 99
27 67
122 114
91 94
36 76
121 64
94 99
6 53
99 1
16 50
48 46
80 89
113 12
86 11
73 27
51 98
4 25
29 46
10 104
72 102
73 32
62 100
99 15
55 16
122 15
16 67
14 100
80 114
107 70
120 112
56 27
13 17
67 8
39 103
13 110
23 24
8 40
110 108
65 67
62 121
1 45
50 78
42 68
2 104
65 12
84 30
36 90
89 74
109 94
81 3
65 99
86 91
1 29
87 103
86 89
75 19
36 104
94 90
53 111
101 37
100 59
72 95
61 14
91 75
85 107
23 30
110 9
26 13
25 43
31 75
88 95
82 45
15 71
117 59
94 26
23 44
49 47
72 79
11 5
57 5
4 17
81 84
46 93
35 86
8 33
33 122
4 29
87 121
116 107
116 113
109 63
40 45
54 52
86 27
72 13
99 42
5 52
8 2
22 103
25 42
110 54
85 37
87 109
77 46
19 32
16 8
105 82
96 112
22 31
17 22
83 49
76 62
93 19
65 56
53 9
25 27
109 62
20 93
122 47
35 2
26 95
32 31
53 24
93 30
37 40
76 79
107 68
14 59
24 13
3 32
99 120
50 36
85 30
33 7
83 40
14 17
69 12
4 67
99 11
26 64
99 72
72 119
70 24
33 1
85 65
73 19
4 49
34 20
94 80
15 76
31 116
53 48
100 94
47 18
92 119
52 46
95 123
72 51
71 112
101 83
114 36
13 10
17 11
102 117
64 24
43 55
28 34
106 45
115 71
92 47
16 36
70 100
27 2
63 76
118 115
44 30
59 34
61 79
96 64
76 35
118 24
52 76
52 67
20 75
92 105
85 95
88 72
24 43
65 114
51 119
114 62
50 82
14 62
120 87
84 122
22 42
31 83
19 91
113 70
120 27
102 75
4 83
21 97
116 29
107 45
119 103
25 60
62 42
88 118
4 58
51 19
35 87
83 100
87 114
14 55
36 121
112 107
29 54
75 28
26 114
78 89
8 100
2 35
31 42
16 46
40 118
49 9
100 32
57 33
7 70
23 97
79 95
36 73
113 14
75 96
45 109
35 10
76 93
32 123
74 117
35 88
36 31
105 78
50 97
103 68
60 58
20 92
79 107
51 91
100 92
123 42
67 23
19 11
54 32
55 81
93 20
89 50
102 115
24 109
58 19
78 101
87 25
21 59
120 113
52 105
54 10
27 72
4 121
92 104
48 63
76 9
98 104
121 114
51 25
1 101
92 107
106 98
117 100
123 52
50 15
121 72
40 46
79 102
122 42
79 72
51 123
29 85
103 30
51 23
89 34
59 101
41 52
65 77
83 107
29 51
46 9
102 61
95 113
53 80
116 37
123 98
40 89
55 99
110 82
79 64
8 84
71 116
51 39
14 48
8 78
58 97
107 116
8 53
57 123
122 20
108 31
72 103
39 45
34 16
75 43
81 117
32 37
79 81
36 117
82 66
115 120
96 11
87 95
93 7
118 42
13 47
85 54
66 83
84 74
95 92
74 47
27 82
73 48
95 59
30 13
46 35
32 91
71 4
43 5
87 106
19 111
50 47
12 106
10 64
40 103
54 6
117 45
61 97
119 39
110 69
98 37
110 26
1 81
99 41
68 37
17 52
85 66
4 54
71 43
93 113
32 92
37 94
18 27
94 101
62 38
11 113
16 85
90 59
45 83
58 91
118 19
55 28
73 94
90 121
123 77
77 68
10 28
49 101
5 26
27 51
26 115
84 46
9 60
16 113
41 58
56 120
49 35
96 73
60 78
119 17
116 63
36 51
24 90
103 8
32 1
83 74
97 25
99 26
23 50
24 11
85 23
32 39
34 6
64 85
68 14
43 72
86 30
11 31
34 122
13 22
54 85
108 17
36 2
58 62
12 89
74 73
94 13
31 25
9 6
83 113
72 24
120 23
56 101
64 76
77 116
84 47
72 26
41 39
81 119
8 75
39 105
68 90
95 87
17 23
91 74
111 31
21 23
103 3
96 87
44 102
11 123
4 34
115 35
39 15
13 12
10 53
4 18
11 7
73 23
44 94
85 104
97 68
8 66
19 116
50 53
96 111
3 63
80 23
85 22
62 15
20 42
122 46
13 3
5 92
26 51
122 72
68 40
91 86
50 10
3 80
62 81
87 49
63 36
32 36
47 95
24 16
73 84
28 15
110 92
25 58
27 122
72 41
46 3
74 40
74 122
55 96
69 55
114 76
36 91
33 51
89 95
63 57
38 17
85 115
17 113
51 9
87 116
72 21
8 59
24 5
73 97
120 46
34 29
29 121
50 64
92 14
29 55
116 24
73 91
55 30
98 86
90 117
47 71
42 53
111 88
90 76
84 72
20 49
118 14
37 48
47 11
46 102
105 42
28 101
93 111
11 33
56 62
110 120
77 79
14 70
18 57
113 59
38 33
40 72
63 81
108 105
69 20
116 67
1 25
64 122
69 81
34 65
107 9
82 122
47 21
78 23
3 100
67 19
111 105
45 71
9 81
78 30
23 78
38 111
97 13
73 112
17 40
80 51
84 110
76 98
45 72
2 80
62 117
24 68
95 43
81 87
39 85
65 32
54 46
84 24
117 110
9 76
53 44
15 41
123 24
1 92
97 115
31 61
72 60
98 72
40 92
66 61
19 80
17 123
89 31
41 116
86 56
112 16
67 34
19 5
76 6
32 105
42 86
113 57
94 20
3 1
25 44
94 33
107 91
32 17
39 97
60 108
106 113
48 26
81 93
58 45
67 123
89 103
81 42
55 109
99 119
45 123
28 7
121 35
57 90
44 45
31 55
88 61
10 50
99 49
19 8
58 102
51 38
81 26
5 15
119 100
5 49
70 122
109 46
76 56
59 28
113 47
52 73
85 72
123 11
27 77
72 4
94 25
108 81
53 8
48 56
88 107
109 80
60 29
42 114
48 86
63 70
30 56
13 121
81 9
8 72
35 23
47 4
8 112
51 115
104 31
85 70
20 62
74 49
25 34
28 29
112 95
93 112
11 116
112 118
85 19
13 1
42 38
57 105
23 71
24 66
64 121
121 16
9 8
5 13
118 75
91 30
40 7
18 21
73 17
49 74
79 96
44 82
81 69
93 108
88 86
62 93
121 82
102 60
13 69
117 99
58 55
116 110
14 54
69 118
43 63
115 26
25 14
2 42
96 40
114 65
10 37
121 58
99 44
58 118
44 107
71 64
71 42
35 81
21 15
117 63
68 50
93 79
111 110
85 6
117 15
79 48
64 44
112 113
16 13
23 99
101 88
3 38
100 117
48 92
102 40
56 89
48 8
31 53
89 27
2 111
38 30
69 111
83 20
43 6
50 35
29 47
77 88
8 105
18 35
87 8
12 113
13 23
101 97
113 4
58 76
65 85
103 122
104 74
4 31
54 72
15 95
30 33
5 121
28 75
64 11
70 11
23 112
90 62
96 24
79 113
97 72
66 55
67 82
46 110
44 22
52 39
72 61
52 72
2 61
63 43
112 54
121 84
44 99
40 76
46 26
88 48
59 97
2 5
43 73
37 28
90 83
7 96
13 74
31 37
70 40
69 82
32 52
80 70
64 62
101 28
50 67
33 79
29 56
61 56
11 115
68 4
81 43
18 5
4 24
115 93
49 95
120 72
6 103
101 56
81 56
108 15
97 91
61 23
122 87
34 84
49 21
11 26
109 76
81 20
120 50
41 13
102 31
75 53
72 59
120 8
120 40
113 65
113 8
29 61
51 112
121 40
15 107
5 67
119 88
39 104
29 78
7 67
110 28
67 101
11 112
87 77
29 60
66 62
40 102
90 89
90 88
10 106
62 80
91 85
5 115
74 108
74 9
14 3
11 65
36 97
117 54
116 70
94 22
55 122
59 58
21 48
113 121
60 18
88 108
28 12
96 65
37 46
96 34
55 8
55 98
51 105
76 108
107 64
42 93
27 107
84 21
59 1
74 69
119 10
14 103
5 11
45 1
120 96
64 10
59 45
47 84
87 96
99 25
1 47
7 14
52 47
35 7
25 47
35 25
88 21
10 105
102 110
92 50
2 81
47 93
6 49
85 44
39 18
41 29
122 94
122 54
70 102
103 67
1 55
68 84
76 18
3 71
8 19
28 92
98 36
56 74
43 28
85 116
110 57
11 82
21 70
61 32
2 95
89 116
87 61
86 51
87 52
69 39
80 73
76 104
100 34
122 120
109 51
77 45
73 96
26 74
25 84
87 118
44 27
78 34
24 120
123 37
30 23
101 81
103 72
93 61
35 56
90 23
74 118
42 94
47 7
43 85
19 67
75 69
27 5
19 59
82 91
96 85
71 102
8 3
29 66
36 77
21 100
105 37
42 2
65 22
103 31
114 13
97 16
37 93
97 24
98 40
24 51
53 63
41 57
18 15
47 65
119 90
14 101
43 49
34 121
70 111
76 36
115 102
102 23
64 71
71 30
90 16
114 84
114 50
77 52
114 113
43 116
39 33
93 22
70 46
47 91
113 123
110 87
3 119
68 82
31 108
99 57
7 50
56 19
2 72
71 13
70 119
80 33
119 16
27 98
104 54
78 43
99 114
119 19
101 62
86 82
61 102
58 57
84 89
10 24
119 32
104 67
115 32
99 55
69 99
118 40
89 88
38 63
5 1
70 73
6 122
110 75
13 56
56 103
14 110
22 85
23 21
69 57
59 65
94 57
119 45
78 119
24 57
83 2
53 122
82 113
28 112
112 34
83 88
107 38
39 29
15 42
21 18
106 53
120 38
59 64
36 9
72 2
36 33
5 111
32 25
97 45
20 80
49 94
66 85
76 43
120 83
42 113
22 63
70 99
87 46
102 70
110 115
117 77
78 36
28 105
20 38
101 5
87 14
35 80
77 31
104 110
91 60
29 23
55 118
121 28
90 42
30 122
106 24
66 12
102 55
45 30
91 32
77 47
23 103
82 10
64 19
77 53
78 51
53 102
32 5
64 32
46 36
89 59
12 83
65 35
102 25
8 118
102 91
1 20
108 50
103 100
75 68
53 85
29 52
59 102
29 117
37 49
44 118
16 9
89 87
20 64
58 122
90 118
94 8
70 56
105 116
56 3
81 5
2 112
81 37
3 94
32 118
87 62
5 105
80 76
43 32
7 80
13 115
7 51
85 15
67 85
38 20
38 89
41 81
20 61
58 37
99 39
4 52
25 37
70 43
57 120
100 60
82 77
16 49
66 53
14 118
52 97
69 18
81 74
110 46
71 49
90 115
16 32
86 68
81 75
21 77
93 59
21 115
45 55
116 28
77 9
29 99
60 57
122 86
12 109
106 7
112 17
100 88
59 87
16 86
41 115
121 90
73 74
78 120
73 59
64 57
52 99
65 8
80 74
76 123
105 95
75 100
82 49
26 49
95 54
65 105
80 21
21 87
96 105
32 10
71 19
47 104
123 40
79 66
87 110
57 59
85 89
103 96
57 106
29 48
92 19
92 106
71 69
81 61
47 109
109 65
25 105
25 69
123 41
35 3
2 84
29 110
53 47
93 101
67 94
65 7
4 51
86 110
89 119
78 121
101 91
57 103
11 99
77 59
71 105
55 56
72 30
83 91
96 32
49 88
44 91
93 11
51 95
112 106
22 67
63 110
9 39
66 14
82 4
17 59
70 38
87 102
40 91
27 103
60 6
93 75
56 91
109 47
104 123
28 66
23 85
112 63
8 83
28 98
22 62
55 106
122 106
24 10
100 62
116 97
123 51
74 3
58 103
6 1
66 56
94 18
116 75
81 99
114 59
33 3
116 117
69 107
59 41
16 87
42 56
40 77
28 65
60 34
119 3
24 26
119 12
122 21
6 20
80 31
94 54
15 55
76 81
49 40
107 66
68 120
122 24
14 2
82 100
67 48
10 19
69 97
97 34
15 50
22 121
111 92
66 26
106 30
8 89
19 63
40 28
39 22
64 31
63 90
19 68
56 107
77 119
28 72
78 107
67 21
50 32
14 67
68 29
44 14
19 120
85 122
120 67
11 58
57 29
95 46
109 89
54 112
87 10
24 108
66 37
19 113
30 108
19 82
88 59
28 70
97 116
33 24
110 17
55 51
106 59
10 93
31 14
39 65
31 94
8 103
68 71
73 78
28 5
62 111
33 14
10 31
11 98
89 9
103 43
11 37
83 8
4 87
109 9
93 25
69 101
118 97
33 38
39 61
25 5
74 12
20 54
109 74
84 115
74 70
49 99
82 8
122 9
109 87
46 123
50 108
36 114
34 100
69 5
18 119
29 72
80 9
110 101
86 61
104 36
54 96
20 47
29 106
83 4
20 31
80 100
91 51
16 65
48 54
52 23
62 82
15 57
106 29
65 17
66 70
118 46
121 110
119 121
35 63
11 79
99 86
11 3
71 65
20 113
28 18
22 39
95 84
14 116
57 98
83 61
52 80
106 22
111 35
13 120
52 15
42 36
8 57
30 51
107 46
114 28
21 4
104 100
65 40
120 61
113 105
88 93
39 102
117 93
97 12
113 23
65 4
80 45
59 61
51 103
2 96
61 25
59 72
46 68
103 44
55 72
98 45
87 4
41 38
15 56
27 105
52 22
68 122
16 2
42 44
84 113
89 69
110 98
93 23
28 90
67 84
73 13
80 101
29 58
57 70
29 33
109 2
19 60
43 17
33 52
35 52
48 77
19 100
118 43
114 11
26 8
68 80
41 73
2 51
84 92
70 62
30 99
113 1
7 93
13 116
29 19
32 56
7 39
22 90
24 73
98 81
74 60
32 48
39 88
94 11
55 104
39 67
84 10
113 95
76 25
82 87
39 117
8 7
100 1
74 55
63 48
56 59
90 28
50 3
44 101
102 11
87 119
26 107
14 122
83 70
5 48
79 15
67 31
67 110
120 119
87 94
98 61
27 35
115 106
114 20
96 70
65 118
109 41
68 2
42 67
24 119
8 80
95 3
75 60
121 101
90 29
85 5
17 2
103 33
119 120
108 99
11 59
46 10
103 117
34 78
108 77
70 105
112 25
2 122
107 118
37 20
117 87
59 77
60 30
50 14
70 64
102 100
63 54
74 5
84 67
119 101
97 41
48 113
36 64
90 5
35 43
91 56
9 21
81 30
114 37
17 105
27 71
61 71
90 108
52 78
38 88
46 61
39 16
73 5
28 109
97 106
59 35
82 24
79 70
38 84
102 9
106 6
23 107
89 99
22 84
74 23
56 69
89 65
27 52
53 95
27 1
103 36
84 54
76 77
28 116
9 123
108 84
61 122
87 36
38 45
67 42
113 93
79 73
107 88
78 32
103 88
73 113
74 121
99 89
53 108
91 48
103 42
49 110
117 46
31 100
113 44
36 3
77 93
68 3
89 54
121 122
51 41
83 46
38 79
31 89
2 29
55 42
70 117
20 102
106 36
118 120
89 78
111 1
107 30
33 69
26 122
29 1
94 39
12 64
43 15
117 43
11 39
46 1
40 111
96 62
56 106
68 98
60 2
114 110
89 121
30 43
54 9
123 112
79 36
103 12
99 74
66 29
15 2
4 74
2 62
108 116
97 92
30 47
25 101
122 30
73 81
37 64
88 90
1 56
108 25
52 28
36 38
115 96
36 75
58 64
66 17
112 40
54 78
117 80
38 24
57 43
22 33
90 32
19 24
108 67
35 57
92 67
76 65
46 8
1 108
30 70
33 80
118 89
120 73
107 67
25 15
65 11
72 34
109 57
1 65
65 106
100 21
31 62
111 54
108 28
79 56
105 5
86 120
115 87
53 98
79 37
30 40
78 45
30 29
34 85
1 18
46 88
71 75
58 3
61 4
42 12
84 6
113 20
67 29
67 109
65 81
110 42
22 117
10 94
81 55
113 3
114 108
73 95
116 121
115 85
50 111
30 86
9 12
48 91
79 43
89 53
25 73
52 119
94 70
31 34
115 116
88 113
93 97
47 62
11 70
106 19
19 45
15 74
39 72
18 92
27 14
23 12
107 17
108 38
26 65
37 65
114 112
2 44
78 4
92 72
44 62
29 91
86 115
41 44
68 11
97 90
57 30
15 100
117 17
36 102
58 17
58 18
2 86
10 47
74 72
3 50
30 55
37 109
47 105
80 93
66 18
122 31
107 26
53 19
58 94
65 92
39 116
74 57
40 99
45 12
88 73
41 64
23 104
42 75
66 41
54 35
112 64
1 109
74 36
93 66
94 109
109 111
87 101
92 76
16 112
84 106
21 63
95 47
41 109
99 14
5 30
55 37
37 83
32 58
99 79
119 63
61 98
21 45
105 7
92 71
25 122
56 33
18 14
82 52
73 30
30 24
68 91
28 19
57 2
11 118
104 119
83 29
39 95
47 75
64 84
25 62
50 38
55 93
114 26
84 43
41 76
21 103
1 8
76 100
86 70
65 43
4 20
121 120
102 116
121 18
19 81
119 33
40 34
45 81
45 99
43 21
32 112
28 21
65 102
103 69
89 37
74 101
111 58
23 123
39 92
71 103
67 102
67 75
111 42
62 95
88 92
39 101
3 68
69 31
5 82
78 86
19 66
120 116
31 104
25 91
26 25
1 54
68 104
103 89
80 53
91 116
91 98
6 56
36 41
62 69
117 78
102 33
89 14
94 34
118 77
4 90
109 112
9 22
15 79
44 75
49 71
114 35
11 110
64 28
9 33
111 99
92 20
76 49
78 60
89 45
41 103
81 122
13 89
17 117
116 102
46 55
24 117
25 40
69 63
19 112
78 31
6 54
69 44
49 78
118 13
9 120
22 13
111 23
20 43
56 97
22 56
101 4
10 89
106 23
21 34
13 113
84 14
83 50
123 2
8 12
106 83
58 123
72 32
43 61
23 37
8 14
14 102
121 111
21 114
39 53
104 37
25 89
104 34
22 10
25 35
49 36
82 14
16 33
76 40
122 57
68 51
54 65
83 93
105 34
59 104
38 122
46 48
26 97
21 51
74 94
56 13
54 89
29 74
31 120
75 63
7 23
75 90
7 118
10 102
80 11
82 121
34 71
28 53
84 45
55 50
13 34
15 20
89 76
23 70
23 75
24 49
59 44
50 37
121 71
70 79
42 35
80 116
44 6
22 5
96 113
116 27
122 92
31 18
49 43
98 106
63 50
97 39
15 102
59 10
21 54
21 92
47 106
110 25
121 69
73 103
96 60
23 88
18 59
18 62
39 19
106 18
79 99
108 43
33 4
12 122
120 57
100 80
99 77
47 6
38 1
69 47
119 66
8 4
84 27
112 70
68 92
19 92
110 67
69 50
81 65
79 35
116 84
41 8
70 110
77 48
69 93
26 61
91 77
17 50
97 87
28 42
120 107
44 122
25 87
5 59
39 83
11 67
113 71
20 73
72 83
23 59
117 88
