229 11195
18 190
218 65
113 207
27 193
75 67
78 156
77 42
133 127
73 145
1 39
168 101
125 170
139 187
197 188
60 104
98 20
21 121
62 41
15 162
135 43
154 55
178 191
125 212
14 55
21 4
68 57
102 58
188 67
4 188
159 128
226 132
206 60
55 210
13 56
50 178
156 110
139 50
8 94
67 10
117 144
58 41
150 140
206 137
59 60
177 209
156 68
48 72
114 194
88 75
61 161
147 148
221 183
112 121
123 56
107 6
22 121
23 69
217 118
7 41
221 94
150 87
87 189
104 12
147 92
210 113
75 115
210 148
184 34
166 19
76 125
88 220
56 124
30 3
201 143
63 130
191 15
18 50
161 155
14 54
92 101
137 162
17 27
160 9
113 185
120 145
14 164
48 117
102 213
118 221
57 121
17 118
224 31
185 151
63 162
197 35
33 185
91 125
101 26
158 79
53 193
218 90
37 208
85 19
12 137
97 200
37 204
148 135
77 140
92 122
68 102
60 106
194 141
25 163
34 156
181 41
222 198
118 200
221 28
15 3
46 103
204 76
154 7
8 109
165 134
171 32
118 213
152 176
43 62
19 29
117 70
95 123
5 60
32 119
78 60
198 56
220 39
199 107
161 220
217 43
20 61
50 134
229 228
20 103
106 130
155 212
168 175
93 221
101 56
157 173
57 129
122 22
111 50
108 157
35 136
161 46
28 137
5 227
130 113
50 123
66 48
167 100
55 51
201 11
148 57
20 70
180 28
8 153
42 221
84 157
55 21
92 33
227 170
73 87
43 180
216 79
2 128
41 183
123 96
93 219
132 191
36 190
17 46
218 39
76 141
222 117
11 77
75 33
76 168
16 180
96 111
181 150
74 90
228 219
79 178
138 34
101 11
23 197
200 142
64 128
56 31
131 117
92 137
151 141
67 104
113 210
181 113
15 50
125 198
64 9
176 134
87 101
197 215
168 102
220 49
150 13
171 129
141 8
11 209
152 201
146 62
137 41
104 179
83 222
111 121
197 110
77 62
120 29
179 98
25 197
227 77
126 225
83 153
5 133
215 188
18 68
91 212
29 60
61 8
31 2
222 94
170 66
39 59
40 105
203 226
96 199
10 50
3 113
205 118
155 229
205 203
168 109
215 155
112 204
117 143
206 127
164 170
5 86
47 133
162 50
88 80
52 51
218 176
73 41
147 133
104 3
182 72
4 105
127 180
49 136
93 8
73 201
28 101
23 53
64 191
62 192
85 157
38 170
216 193
152 190
186 105
72 218
121 220
53 182
135 216
88 192
129 191
13 103
176 47
39 164
32 101
68 60
200 155
223 165
179 189
205 55
42 185
181 154
49 105
188 115
106 105
137 27
98 194
117 145
116 211
66 65
102 36
62 39
4 123
72 170
202 166
156 191
116 65
144 195
189 99
4 26
24 52
62 204
148 20
155 91
211 179
94 77
88 12
200 120
167 109
39 127
47 212
112 2
174 49
150 175
185 167
28 223
170 153
144 102
175 50
210 156
130 79
129 223
143 119
1 116
212 151
16 202
214 118
116 197
89 68
208 150
30 118
4 63
148 44
24 223
33 48
16 220
148 85
122 172
133 176
133 132
5 199
48 200
14 47
34 202
186 172
97 154
227 72
100 80
56 22
163 22
173 94
144 227
60 158
208 42
81 45
49 16
114 5
19 92
201 129
224 172
61 188
128 22
127 50
113 116
216 110
197 199
122 112
191 78
127 219
228 123
68 229
86 113
10 21
61 78
153 64
182 136
13 183
222 19
147 161
152 53
169 124
5 183
197 177
122 179
23 175
137 221
58 224
14 163
159 226
129 42
95 51
89 59
174 83
219 121
169 80
133 48
104 139
130 74
200 102
139 188
4 7
155 123
25 89
223 124
201 31
160 83
66 115
82 164
4 33
6 16
57 100
121 77
45 152
2 174
189 151
134 216
143 115
31 46
70 170
62 64
61 45
127 96
192 110
187 195
21 12
222 207
74 104
202 79
155 208
70 123
166 142
122 65
111 123
224 5
137 205
122 127
26 145
182 220
35 25
103 173
127 164
6 200
143 141
90 25
74 25
17 111
144 104
151 208
86 18
176 33
208 185
57 67
155 219
166 41
198 121
186 62
118 59
202 58
52 15
104 81
133 212
159 38
74 166
12 133
190 134
179 24
138 45
109 158
44 15
61 58
4 50
181 131
188 65
124 194
128 161
80 141
120 48
59 38
93 33
59 165
25 220
48 2
118 17
138 66
74 150
97 109
134 194
150 187
222 138
116 79
1 213
98 165
150 5
95 124
189 146
213 84
56 148
88 87
215 129
111 45
81 112
167 66
64 129
114 39
24 193
152 183
158 101
201 183
87 215
179 60
214 14
143 165
179 163
82 93
38 193
65 170
56 49
61 226
104 38
103 145
32 44
8 23
2 19
200 1
96 220
197 229
62 212
203 134
130 33
49 159
22 182
160 92
66 117
104 135
98 134
164 194
143 48
39 141
108 88
133 211
135 75
73 192
224 104
202 5
97 18
18 202
201 76
62 74
27 208
99 76
67 13
51 80
207 209
54 182
40 158
89 158
21 5
223 88
36 148
95 48
124 75
206 49
28 81
217 225
54 213
184 142
144 38
220 155
12 165
30 83
142 47
206 19
7 15
148 208
65 21
124 221
176 85
169 224
115 140
118 193
185 204
98 217
155 174
132 201
96 177
92 222
103 187
87 160
217 78
60 120
149 24
85 218
3 71
117 175
140 30
156 12
218 125
120 206
210 124
181 220
126 139
20 17
147 65
125 56
141 73
210 48
2 106
179 85
22 95
161 185
59 209
214 108
162 228
108 116
215 208
7 192
131 27
122 59
195 102
110 176
116 77
217 128
95 155
66 23
96 126
114 183
55 180
151 7
67 143
13 80
93 171
51 217
183 1
3 74
13 147
25 6
12 132
178 134
85 74
87 216
143 84
65 37
78 180
12 170
35 52
141 33
136 89
180 186
47 82
103 164
178 128
160 10
182 114
122 207
57 179
176 108
71 66
98 65
76 182
110 47
96 201
189 64
162 137
45 49
137 44
64 197
200 41
105 110
35 228
42 172
45 229
90 64
68 32
196 152
179 111
129 12
69 23
186 88
145 124
180 207
182 59
182 7
93 129
24 115
226 37
133 37
127 189
135 11
84 225
209 176
11 167
10 155
202 175
110 18
13 174
194 143
117 134
22 94
95 114
88 161
64 145
228 3
122 61
38 217
98 196
213 32
191 203
7 66
67 15
69 134
70 126
3 135
95 191
6 43
86 200
219 125
9 225
196 55
202 167
15 171
101 105
126 109
205 95
118 42
77 228
39 97
24 66
55 186
57 220
134 121
171 184
118 116
50 22
170 73
143 191
182 159
226 224
61 17
209 59
61 21
126 77
10 95
225 190
25 229
217 202
73 118
122 71
164 74
175 86
30 90
7 19
110 64
148 223
23 27
151 29
206 143
140 175
152 119
27 229
15 215
78 10
187 66
145 8
92 207
58 94
221 159
88 203
126 26
181 219
77 125
168 151
81 153
210 51
166 87
96 45
2 91
13 48
143 95
58 169
123 127
202 61
78 155
180 114
176 80
219 173
166 123
42 108
116 189
224 126
144 43
162 209
68 99
35 76
160 206
108 85
63 137
56 5
151 10
217 177
176 11
137 118
77 38
93 64
112 164
16 214
93 161
220 134
20 225
138 196
196 134
189 40
6 197
142 188
1 115
35 93
77 112
24 224
187 71
39 35
32 211
93 183
217 135
89 209
109 182
179 78
126 16
45 42
187 46
22 161
130 212
38 202
27 222
190 151
143 26
154 49
195 99
197 106
220 33
150 85
91 29
184 157
165 144
77 82
218 206
18 209
189 179
82 213
163 85
2 160
15 139
220 48
63 150
89 108
198 46
171 104
177 92
155 190
116 229
48 223
135 134
14 177
208 50
61 145
107 1
63 104
82 217
14 139
188 79
54 161
149 64
125 147
52 226
211 175
86 122
26 140
135 161
99 123
145 12
20 79
212 168
90 159
3 21
164 138
68 21
13 71
186 146
40 153
75 197
177 119
45 38
32 169
225 135
76 105
219 146
43 46
110 203
101 164
143 35
135 119
76 135
16 174
54 27
17 208
189 12
120 109
221 167
91 210
7 166
76 115
5 195
102 192
128 21
96 90
188 105
184 100
95 9
189 138
44 157
153 151
70 159
159 49
34 31
37 5
92 177
187 88
15 128
1 7
77 73
85 60
169 109
74 167
105 127
135 130
162 139
210 4
192 78
48 109
110 60
170 144
214 90
56 29
172 157
63 49
174 109
72 148
149 26
197 63
152 25
146 229
210 93
175 5
89 66
17 153
176 199
34 165
147 183
176 187
47 192
109 94
183 56
208 112
35 155
72 81
30 58
97 187
72 73
182 30
179 17
96 155
58 129
27 174
31 137
124 156
81 33
159 218
99 162
11 56
108 218
220 122
182 4
84 222
90 95
73 102
41 89
211 110
208 54
208 81
134 136
103 77
131 203
141 221
193 196
178 173
76 33
87 157
94 193
96 23
25 117
167 179
161 107
194 24
61 228
7 144
219 141
184 144
178 93
14 99
45 181
161 120
121 43
95 53
119 95
102 207
217 91
226 153
214 178
186 189
8 192
80 170
142 45
209 192
34 78
65 168
194 89
149 220
97 167
76 171
123 103
80 175
6 17
83 140
60 119
141 163
75 46
85 68
39 96
24 170
28 95
204 101
38 121
98 84
110 189
46 13
153 135
92 138
61 209
229 6
211 170
36 157
140 108
209 212
44 6
33 154
157 15
107 8
35 127
91 164
78 96
75 48
1 52
55 109
164 98
198 226
143 190
146 13
78 70
21 16
172 12
165 43
211 51
167 112
39 119
7 183
37 137
186 90
86 27
115 155
179 12
33 23
113 193
189 203
81 154
16 28
82 158
228 147
208 157
123 7
191 207
52 79
119 216
197 179
193 21
12 14
14 124
135 166
113 166
40 93
205 53
103 44
203 52
165 126
117 225
61 71
137 184
66 4
151 23
121 214
223 192
60 57
212 202
212 196
212 158
125 222
82 196
94 25
36 176
30 212
37 21
65 207
158 99
199 148
130 193
88 143
112 149
188 121
42 228
35 215
120 10
17 191
78 110
124 191
80 21
227 90
31 110
161 113
63 105
191 111
196 126
82 100
106 141
61 88
142 13
224 129
114 148
123 125
208 78
129 156
66 76
221 190
167 4
36 160
112 105
221 20
17 94
152 101
39 111
205 19
221 156
42 200
214 53
228 141
34 214
152 192
5 220
8 104
163 2
132 12
181 170
187 122
192 127
104 116
21 32
41 113
6 32
118 61
60 191
160 5
223 195
189 68
227 108
142 189
197 48
42 164
68 163
84 105
225 49
14 60
42 40
162 149
199 168
190 83
87 228
11 31
83 155
155 135
17 150
172 4
105 153
87 223
35 29
210 10
118 86
10 173
210 101
73 114
183 34
220 72
130 17
183 170
175 34
41 147
139 214
120 21
158 210
146 196
94 132
30 75
103 37
125 90
72 43
146 171
3 136
111 165
172 108
220 69
8 40
181 60
63 77
48 115
74 188
40 112
23 220
203 117
180 155
23 30
169 176
214 97
47 101
229 105
60 207
133 205
89 107
39 102
142 26
154 128
211 92
90 133
224 218
78 90
48 28
63 35
139 27
165 99
166 82
166 145
75 167
208 209
51 92
117 223
48 20
90 127
70 12
225 109
125 166
121 7
84 80
155 28
93 124
173 22
155 120
149 61
207 109
104 49
151 45
177 61
112 103
156 33
144 135
13 34
52 158
22 221
40 213
75 1
67 227
133 163
71 34
68 182
14 155
10 6
56 69
53 90
22 170
68 172
65 103
186 58
208 97
131 165
68 169
180 84
7 95
60 121
194 72
83 99
26 55
106 186
163 130
149 229
181 66
214 187
84 44
196 213
141 56
120 223
192 31
122 210
221 34
30 225
26 120
151 15
94 138
15 188
137 57
51 71
41 216
24 79
42 146
72 50
34 114
186 93
205 92
153 132
46 114
66 197
94 224
208 98
106 145
4 210
36 147
190 75
134 12
32 148
218 120
144 165
79 13
4 10
51 139
104 82
146 212
81 54
31 105
174 61
44 79
143 59
3 22
126 221
12 123
5 13
211 123
28 62
171 30
148 89
156 42
106 98
62 51
76 31
35 132
56 80
113 223
228 192
94 5
193 169
151 102
45 84
188 199
158 135
77 81
191 196
103 107
62 159
28 105
36 104
25 47
19 148
221 58
43 6
96 6
180 74
156 188
101 214
194 69
181 84
8 50
210 99
76 123
73 70
44 83
158 186
18 140
135 22
192 98
115 224
159 170
221 74
131 225
141 164
26 54
36 23
141 147
82 8
104 109
48 153
165 59
88 66
216 45
117 136
215 223
160 109
110 120
14 178
74 86
115 11
192 112
191 36
211 95
87 218
206 187
82 115
28 186
129 134
133 79
31 182
141 12
145 32
18 5
181 15
109 34
100 25
186 115
54 218
111 37
203 136
226 65
188 40
83 219
204 119
177 193
87 43
14 8
48 61
32 150
174 80
106 10
93 89
107 19
208 19
212 89
100 20
42 198
188 91
87 133
124 3
177 153
199 93
11 176
146 110
12 205
165 168
10 7
121 91
2 70
21 154
121 37
194 6
18 63
35 142
201 18
161 22
136 191
88 216
82 134
227 89
187 124
188 83
187 16
77 14
135 81
223 24
212 201
150 55
96 31
172 95
153 84
211 229
132 116
134 49
183 31
96 64
33 24
229 209
142 97
153 87
153 170
174 212
229 54
76 202
193 40
116 29
23 132
218 75
222 144
8 30
159 185
198 227
198 146
140 164
32 217
204 161
62 196
154 116
181 126
84 86
137 64
42 50
1 143
97 159
30 150
103 3
86 47
178 226
177 48
86 157
114 216
111 220
216 122
132 95
84 191
128 218
142 224
24 111
89 1
48 95
119 84
169 134
157 55
133 178
15 67
85 69
153 206
59 84
214 10
116 184
215 122
177 160
5 39
187 6
204 7
206 62
140 205
158 70
175 83
122 138
10 84
123 95
109 192
110 90
31 60
151 17
159 204
72 189
153 106
46 223
109 117
80 59
163 174
44 59
117 224
137 119
175 198
21 102
168 23
16 210
31 113
13 8
146 113
131 73
82 59
208 122
196 50
146 72
157 29
120 101
182 184
82 62
214 57
42 73
59 74
50 219
3 215
103 198
68 115
138 92
218 12
207 60
9 71
21 208
134 42
213 182
226 116
183 84
55 10
225 162
133 187
164 166
23 166
83 203
129 199
161 15
90 13
124 104
223 96
42 64
34 159
112 77
172 82
77 135
84 67
20 159
4 74
80 220
217 120
179 178
109 213
154 51
137 8
62 112
194 51
160 103
70 130
204 62
214 182
170 56
36 156
222 220
177 27
20 62
23 98
155 201
141 78
55 102
110 173
91 104
4 34
10 67
209 135
77 127
10 178
129 172
141 41
178 227
169 112
49 62
58 37
104 172
151 164
61 152
50 116
167 61
176 208
102 180
29 61
169 93
69 220
177 210
144 196
40 124
114 162
85 111
224 17
56 126
166 143
132 136
73 193
179 224
147 187
153 217
198 37
89 90
35 134
12 73
129 73
86 179
38 142
168 188
122 29
99 93
208 173
183 77
21 216
44 147
88 45
66 28
139 80
227 115
80 56
147 9
55 81
100 1
161 14
53 162
176 224
80 173
135 191
146 46
39 197
114 142
114 78
142 87
225 163
36 118
170 149
87 117
15 144
140 209
42 87
68 108
216 33
9 45
20 206
172 100
174 42
162 31
38 203
204 208
166 71
75 155
25 176
63 168
27 115
31 97
106 134
148 170
224 202
175 94
55 220
129 135
114 69
166 13
156 127
178 126
80 216
206 65
41 19
59 151
229 178
214 190
227 36
54 145
64 105
110 157
174 140
108 221
181 193
208 76
35 189
197 125
20 100
37 187
67 184
107 204
3 65
78 86
35 184
188 33
30 61
176 206
80 201
139 178
51 219
200 191
24 38
91 17
109 27
204 107
182 143
136 198
70 153
164 10
133 142
100 118
107 49
12 1
104 120
181 189
131 90
164 2
193 80
170 177
154 66
40 140
226 155
168 123
89 109
124 98
220 97
75 19
80 13
183 46
80 121
48 228
169 206
173 92
98 74
41 100
225 170
74 122
212 224
58 117
190 47
51 6
196 186
4 103
103 61
55 98
63 171
172 124
4 212
77 157
86 93
153 178
185 107
151 134
227 96
129 146
53 6
172 21
9 149
40 195
39 116
49 115
104 31
180 157
6 176
93 26
229 221
121 15
196 9
112 9
202 141
219 38
140 2
19 120
223 59
24 174
102 2
69 101
153 31
211 13
216 105
92 155
135 167
69 208
158 39
76 211
84 26
206 155
201 26
95 26
46 41
95 8
70 47
166 217
213 120
179 81
160 37
171 175
122 181
20 167
95 25
14 115
120 187
182 225
150 215
125 72
137 122
92 8
180 221
170 186
171 116
222 39
149 51
71 25
156 24
140 50
124 105
127 147
29 209
51 185
193 180
179 161
13 87
182 23
100 222
196 36
19 12
109 104
74 85
88 156
173 5
130 162
139 210
163 188
89 85
60 58
80 129
178 189
107 195
169 107
142 86
102 200
218 111
91 89
184 150
125 30
117 59
50 154
97 192
69 103
50 175
220 18
227 16
182 226
142 202
58 173
144 86
15 62
66 222
102 209
67 33
193 85
73 42
184 183
142 159
64 136
6 108
55 91
218 158
21 165
201 166
180 89
71 124
85 62
71 64
149 28
211 17
4 228
10 200
207 48
213 172
56 14
222 28
161 6
45 107
204 180
182 104
200 150
68 165
171 98
132 59
174 199
156 83
173 212
210 209
43 15
225 193
195 136
39 22
13 1
10 98
173 103
165 178
90 181
214 167
57 27
59 168
19 201
163 52
116 128
10 214
112 139
160 192
211 66
104 110
88 7
133 216
106 229
2 208
166 102
83 58
108 94
186 149
188 88
99 1
141 143
16 197
47 95
27 55
22 110
198 103
136 181
48 217
17 187
15 187
212 32
179 210
176 58
175 209
157 89
82 142
86 97
159 18
84 192
22 6
144 222
103 100
187 20
166 172
190 4
91 180
14 227
128 61
48 113
131 97
205 30
34 86
12 67
194 170
18 156
93 104
9 11
209 83
207 206
128 20
218 190
180 146
199 200
219 45
115 123
227 121
72 83
138 69
76 147
79 47
219 170
163 118
196 119
184 92
12 200
135 87
20 96
86 198
126 14
77 161
182 222
73 100
27 214
186 163
16 10
197 131
110 106
62 207
226 24
168 115
31 38
145 107
28 211
82 126
200 59
174 211
146 32
6 148
112 216
40 2
4 56
70 35
13 124
178 166
199 212
103 5
220 226
7 171
175 45
175 41
8 80
65 117
34 225
180 190
121 164
67 173
145 42
30 6
182 200
6 110
94 165
189 220
165 108
178 115
170 115
139 196
108 73
136 32
213 105
163 56
196 102
99 7
200 190
145 132
60 103
22 103
86 225
94 107
151 105
218 55
31 221
195 88
163 216
79 17
145 23
148 106
15 227
191 178
221 145
117 50
1 164
207 116
42 6
163 139
178 163
106 67
98 50
77 138
57 83
156 117
141 17
207 7
28 8
91 28
47 24
157 138
116 27
147 173
132 112
199 198
99 59
111 183
29 69
110 117
115 186
160 170
175 146
83 96
76 9
200 61
204 60
108 187
13 179
55 79
97 52
110 228
155 43
74 71
192 49
84 50
36 18
189 54
25 41
96 198
144 107
119 178
178 202
127 11
173 80
120 209
164 115
83 49
53 166
142 65
131 229
70 119
202 30
192 14
8 187
22 16
128 136
225 147
101 35
135 207
205 43
100 39
195 174
171 58
94 29
53 45
155 99
148 190
106 189
41 164
17 63
18 43
134 153
62 190
87 184
163 158
217 98
120 132
65 67
12 143
97 118
49 7
74 120
170 108
34 197
62 55
150 106
90 225
99 21
12 33
94 222
192 89
203 135
27 192
194 74
213 97
105 126
102 64
128 145
75 40
77 122
74 72
165 67
21 142
218 74
39 218
153 26
197 75
152 97
130 97
224 153
1 45
208 18
74 137
142 122
214 71
9 102
86 83
50 43
180 160
104 34
215 209
72 92
79 226
190 227
166 137
68 38
213 199
184 188
29 27
98 66
227 78
105 87
64 126
116 20
122 79
195 26
164 224
76 69
102 53
2 20
207 141
93 206
224 139
39 203
218 28
222 167
150 216
116 160
62 40
59 217
109 111
214 180
211 116
134 59
18 123
103 87
118 37
63 68
56 98
46 45
90 143
77 111
26 161
97 20
3 200
93 67
210 56
47 59
130 76
199 124
63 229
162 18
39 195
205 63
75 136
136 48
112 44
165 45
163 224
121 219
38 19
68 200
90 211
26 20
128 37
16 179
93 201
52 60
53 3
53 105
173 132
146 112
74 168
44 49
69 88
172 227
58 90
171 33
167 106
90 222
229 121
124 186
104 171
165 93
8 9
206 118
211 225
188 191
140 79
1 177
6 99
108 180
61 52
47 227
102 197
196 73
9 185
221 150
73 184
46 210
34 98
208 1
36 28
148 80
215 19
140 185
182 197
112 153
124 93
224 192
54 76
108 134
35 150
96 40
96 18
178 151
215 107
121 19
40 138
47 147
214 145
210 207
181 22
98 113
185 85
85 4
161 135
117 106
46 53
208 68
160 78
106 198
161 20
119 17
70 136
40 48
60 31
93 146
170 204
85 208
58 199
29 57
148 147
106 92
18 25
220 129
123 51
107 51
220 13
67 58
64 203
99 172
123 212
18 217
20 201
192 40
211 103
72 132
22 54
7 83
68 217
175 197
130 183
202 128
47 15
143 50
178 57
208 141
186 67
101 78
45 58
8 127
200 66
69 13
121 17
58 154
125 143
78 207
96 103
132 115
126 71
64 123
23 186
25 75
73 52
74 18
214 38
153 176
172 9
155 32
145 153
80 176
164 7
155 109
16 223
143 150
14 70
112 95
123 82
131 86
55 103
16 31
19 82
197 221
158 141
226 96
160 98
82 179
219 113
121 218
55 156
1 105
169 102
220 100
165 66
203 30
69 16
172 187
227 122
183 139
89 195
121 64
102 15
147 191
71 172
102 111
193 89
206 207
181 76
72 207
145 21
72 151
146 194
43 30
14 201
218 168
229 84
137 26
163 212
38 16
174 176
94 46
164 70
1 8
116 191
206 92
225 3
77 220
35 169
146 130
139 31
6 82
115 114
133 14
42 10
229 13
82 74
70 102
50 105
12 228
99 52
96 169
56 144
139 71
118 29
219 80
93 134
229 135
57 145
228 163
76 55
208 222
22 52
54 216
9 62
38 46
60 51
44 98
177 155
12 49
90 1
109 51
107 84
100 46
55 49
177 125
69 175
76 29
216 22
161 212
159 73
40 129
226 161
53 10
139 1
164 189
86 185
183 58
146 174
158 139
93 207
125 213
30 208
71 20
152 21
8 102
180 112
207 22
131 76
140 173
93 224
92 25
137 111
227 35
205 131
40 41
4 66
76 217
157 229
38 26
111 1
13 224
201 200
84 211
161 195
3 176
6 79
53 76
193 150
50 17
96 65
80 2
189 122
32 45
86 112
75 216
106 162
211 161
168 128
209 78
13 175
174 20
152 223
15 212
146 227
180 99
122 118
223 102
74 56
46 113
211 218
88 127
111 218
76 82
117 62
181 26
89 171
132 79
37 132
141 55
14 1
107 30
192 202
150 195
173 83
90 177
228 55
80 111
187 190
6 65
187 205
205 111
188 106
88 69
23 6
209 152
70 204
153 73
55 90
153 218
5 19
73 216
180 151
64 57
119 215
113 68
189 63
218 37
199 115
121 100
19 207
176 88
138 61
90 218
66 52
118 89
86 153
36 84
136 151
177 146
226 150
103 93
194 133
24 147
208 211
175 87
112 70
126 21
77 15
220 59
78 201
55 173
143 146
15 138
147 150
96 14
140 74
68 37
86 92
77 116
113 50
47 209
152 148
202 159
128 10
124 113
160 201
31 197
173 35
43 70
227 33
114 116
229 188
113 140
179 169
15 137
181 209
50 71
7 209
172 159
220 10
196 125
129 136
83 201
65 132
138 220
146 20
172 113
85 102
133 51
77 209
66 148
138 76
190 124
187 214
216 109
119 129
53 79
205 176
146 89
58 82
65 19
150 9
37 4
203 39
72 171
100 179
180 67
209 191
187 52
182 84
142 180
45 214
62 138
45 122
179 58
173 162
25 169
62 82
201 78
73 39
74 5
225 188
20 7
109 32
62 78
90 136
22 185
224 171
139 63
17 202
134 89
113 154
187 72
102 61
78 53
80 11
224 18
32 146
95 45
180 184
125 74
203 137
41 157
45 89
190 203
209 54
10 3
84 48
31 200
148 113
132 107
18 220
221 51
171 111
223 65
215 207
105 189
5 51
32 177
6 210
129 130
91 53
122 163
130 5
227 138
194 122
163 201
109 79
174 75
41 83
178 49
147 68
144 87
103 134
32 13
128 170
35 176
145 185
210 95
177 138
144 114
71 165
15 155
163 49
151 62
97 222
117 2
200 2
167 26
60 47
123 119
176 203
153 35
20 171
36 164
124 178
11 201
220 57
59 137
142 71
99 119
175 73
22 216
184 223
113 85
45 65
133 102
66 55
173 51
63 5
204 10
91 50
164 78
91 30
29 48
155 209
18 168
73 156
46 58
193 5
213 49
212 102
176 18
43 54
148 206
132 29
72 90
62 57
64 59
63 26
208 103
169 161
21 6
137 217
100 153
160 126
16 112
121 179
25 28
85 46
168 92
130 169
89 199
187 89
87 217
122 205
30 50
224 54
71 147
166 83
100 157
172 158
170 15
188 158
27 14
132 1
95 177
203 66
206 53
98 107
127 27
129 23
80 139
45 51
63 36
139 39
22 12
17 16
29 58
111 213
21 137
41 104
223 39
175 112
84 119
36 221
95 136
221 166
46 185
134 63
1 141
77 31
219 92
67 116
220 21
141 92
82 45
229 137
102 120
75 21
143 110
190 102
193 132
64 160
115 97
91 9
9 79
141 91
178 39
18 10
165 83
57 189
148 146
14 58
208 131
63 85
4 199
171 5
25 36
64 98
118 47
190 167
131 74
159 112
32 186
193 87
196 120
162 81
8 59
228 54
87 225
132 40
211 62
100 129
41 17
81 20
65 229
170 187
24 42
125 195
20 200
220 176
202 37
54 190
226 108
204 137
22 67
107 133
215 63
137 181
225 76
134 173
161 138
34 123
136 94
80 63
139 83
178 82
14 188
173 110
28 20
127 123
100 195
124 183
184 169
204 206
23 33
144 1
207 90
141 11
62 11
99 4
110 123
193 185
120 36
31 91
123 48
19 26
148 35
139 120
92 47
198 114
212 209
141 184
193 44
37 38
181 205
198 148
35 197
158 206
50 107
52 81
29 30
65 44
54 32
10 70
42 225
32 156
88 92
193 4
105 116
94 225
173 99
112 82
166 11
95 47
81 5
115 119
110 83
225 78
134 141
110 221
224 201
173 60
86 137
147 130
204 200
174 161
134 29
159 229
2 35
139 48
1 192
59 22
69 190
145 90
38 221
186 18
104 93
148 95
229 18
207 184
46 61
223 229
187 156
111 51
203 95
47 37
172 202
206 130
166 90
40 107
3 114
174 200
66 116
119 226
186 200
178 37
216 25
1 4
147 136
141 226
198 224
51 150
36 150
185 39
201 219
19 199
123 163
65 134
229 44
195 46
223 212
89 184
53 5
72 55
33 81
215 99
190 194
136 93
152 162
19 158
147 1
43 132
61 10
96 219
54 68
220 213
191 53
62 46
160 65
41 145
87 137
22 62
120 28
119 5
41 225
82 88
216 184
113 42
55 185
212 21
9 163
185 1
210 55
105 55
141 192
6 190
194 22
165 192
19 147
94 166
116 33
78 191
25 133
4 5
32 171
163 128
226 88
214 146
209 47
110 78
155 141
18 48
6 195
190 186
103 24
101 129
202 122
124 112
160 48
201 59
53 100
75 130
85 77
179 155
18 114
79 99
213 227
218 83
155 175
189 208
16 17
199 183
136 15
192 18
225 222
89 189
38 107
97 16
163 185
129 21
80 73
79 161
16 172
137 110
216 13
105 214
44 61
50 228
56 72
191 75
216 63
80 148
126 18
140 168
86 78
192 48
90 144
12 184
81 151
193 179
49 106
58 184
131 25
61 81
178 25
178 56
8 134
164 39
93 136
208 65
69 213
147 184
203 205
9 60
79 73
213 185
155 159
35 62
142 158
152 187
76 83
192 130
219 174
116 132
195 19
224 198
6 50
85 96
197 46
159 225
127 132
45 7
27 139
27 111
185 227
185 216
38 198
135 30
80 55
196 170
98 198
51 177
99 189
25 40
26 35
2 220
91 130
168 16
171 48
73 137
66 109
211 128
100 35
72 160
134 162
28 146
133 125
117 47
48 104
89 173
118 199
97 50
206 129
64 125
150 135
91 215
173 69
210 217
78 218
32 38
52 89
63 176
153 222
21 11
218 14
17 167
26 128
166 29
58 73
118 100
9 24
163 226
43 67
215 169
186 72
14 118
35 39
164 103
71 192
44 53
104 211
192 90
227 213
202 215
129 181
144 189
14 67
175 85
10 86
33 168
86 193
113 77
117 104
5 9
91 76
16 81
227 189
118 219
226 106
88 47
129 214
21 184
139 3
176 44
59 228
183 153
154 6
96 56
73 86
85 140
221 68
211 65
50 52
103 228
203 189
20 15
13 12
50 205
115 139
15 206
174 98
162 138
173 4
177 124
42 47
30 213
228 77
27 163
178 12
180 181
86 156
187 202
13 97
76 206
52 128
200 18
90 201
165 75
201 1
193 63
112 42
58 120
162 164
167 164
103 104
90 20
110 205
162 199
208 156
63 193
25 63
97 178
129 174
207 175
194 180
66 9
117 3
77 185
127 167
181 134
13 222
160 60
40 111
32 191
6 58
189 182
33 156
5 216
140 128
135 85
170 168
134 148
73 129
198 128
85 28
162 133
149 142
169 83
159 223
214 111
191 46
107 63
211 224
175 32
185 119
182 51
159 43
127 175
140 1
30 160
62 213
125 37
91 103
16 148
131 121
2 74
127 71
23 74
199 228
74 174
204 132
95 181
158 90
30 5
72 23
52 97
157 207
26 116
216 118
215 64
132 88
199 67
111 55
34 185
10 179
66 8
218 27
173 191
92 219
164 86
200 103
160 90
130 18
134 139
27 75
218 229
115 187
145 82
87 150
121 78
159 56
62 13
186 71
94 218
133 154
46 108
145 91
123 35
59 218
69 120
105 65
67 160
130 101
123 144
22 157
36 182
135 37
86 229
143 98
21 202
122 204
57 120
102 144
206 148
13 77
136 137
165 216
158 40
40 15
101 41
96 43
22 134
36 20
8 73
134 116
95 22
19 186
193 104
198 169
150 60
204 44
140 160
143 88
119 44
228 66
206 51
211 176
46 31
186 168
75 128
158 148
111 87
46 109
195 105
187 149
229 175
28 87
62 216
207 88
192 205
31 227
218 82
135 116
161 111
63 48
173 23
88 169
133 198
112 31
4 150
85 47
77 210
217 138
9 86
36 205
222 64
148 2
171 168
71 182
201 13
144 103
29 120
88 86
104 10
111 208
211 93
131 35
126 11
16 132
125 20
121 186
201 107
137 155
16 116
189 106
4 6
177 188
101 28
148 61
143 71
97 122
181 133
159 195
59 93
35 45
66 11
188 31
99 117
76 63
57 126
126 172
129 225
98 132
224 209
203 132
64 179
223 28
123 44
175 19
104 217
71 55
130 49
110 191
98 210
165 170
4 114
190 30
24 168
55 200
220 20
26 198
197 157
165 12
59 215
118 76
198 115
165 113
155 58
13 135
200 15
187 82
35 16
76 157
117 209
141 86
182 141
190 85
95 125
41 76
101 124
102 7
17 126
135 21
221 196
39 217
93 57
197 129
20 172
97 140
10 72
109 65
87 147
213 35
165 2
125 75
69 87
78 3
183 181
219 143
147 162
45 8
68 19
229 80
8 107
200 85
38 104
25 181
79 224
28 162
50 44
5 74
209 72
48 83
96 116
9 81
122 190
104 29
32 66
222 216
129 56
131 228
116 149
149 177
71 103
48 11
1 129
52 9
22 175
167 45
84 45
56 222
110 54
72 175
196 217
152 116
182 138
44 110
163 133
93 20
138 79
32 24
37 195
99 110
125 202
42 61
16 134
53 40
180 113
59 173
26 154
149 21
193 39
159 153
43 223
131 102
122 197
61 60
92 172
44 33
60 174
165 60
97 158
118 9
44 137
62 228
110 160
179 209
64 140
158 82
217 61
191 6
158 102
44 30
130 109
77 20
45 37
185 88
160 161
79 165
26 194
170 139
106 119
84 11
13 44
200 79
162 100
55 14
100 56
59 124
70 142
46 144
24 39
77 202
122 10
138 216
154 167
120 80
128 71
110 212
93 79
157 152
158 172
138 70
97 28
170 48
34 161
192 120
221 160
212 34
137 45
150 146
84 72
194 120
71 15
53 56
68 71
172 145
153 9
25 218
12 8
206 33
12 129
15 72
98 126
14 109
188 57
68 122
191 77
179 142
124 181
116 71
94 206
228 25
57 4
199 135
111 42
151 92
36 54
195 64
27 135
151 147
96 180
191 226
75 223
39 1
18 84
117 18
8 106
79 198
195 166
13 225
51 74
98 209
45 60
44 167
224 196
194 125
56 50
193 1
66 216
183 61
219 13
3 40
151 84
33 56
185 221
227 143
22 25
225 171
77 99
49 112
4 174
63 3
151 152
164 159
172 88
21 221
217 192
214 193
148 115
177 157
143 153
83 77
172 139
99 223
61 127
10 83
128 26
143 62
69 46
191 146
137 117
145 98
204 84
206 64
119 212
124 86
207 62
83 143
171 29
85 42
99 68
111 54
68 196
217 14
12 178
124 95
101 23
46 221
96 91
210 22
87 179
85 224
84 57
46 162
115 122
206 98
123 89
31 87
110 114
224 6
176 150
168 197
91 134
170 84
150 172
203 60
9 207
12 3
176 107
91 5
187 38
14 123
152 141
21 169
228 122
35 11
180 171
224 55
216 201
191 55
169 44
194 107
91 142
9 219
11 71
162 94
210 131
158 123
166 222
54 225
122 57
47 44
150 36
2 101
28 154
96 92
24 216
206 136
157 16
174 41
131 224
147 193
151 8
110 154
27 103
209 90
221 112
127 213
162 29
44 126
93 90
227 1
122 46
117 9
177 140
115 127
190 161
207 182
164 188
168 161
53 137
85 180
143 91
171 158
188 128
204 205
198 83
27 19
126 197
51 19
15 149
185 187
114 134
195 33
138 112
179 221
42 176
220 172
49 173
65 145
190 154
205 94
183 114
136 76
99 34
182 85
215 48
111 31
77 105
179 32
193 217
221 93
214 69
131 2
77 91
19 135
126 149
69 21
140 51
208 142
14 142
68 166
135 170
1 92
118 136
208 4
192 190
31 132
171 28
44 10
24 63
120 110
75 119
38 194
138 173
145 10
227 61
137 135
92 99
155 158
3 96
1 183
148 119
35 34
89 214
13 78
63 152
124 8
99 58
63 134
37 102
14 9
81 29
176 7
227 19
150 206
98 68
131 130
30 228
198 74
113 172
78 55
38 136
64 43
81 4
198 104
142 193
206 210
100 36
216 155
54 86
82 106
100 150
24 87
61 99
139 203
128 219
11 27
55 41
80 6
93 216
105 215
164 87
163 10
179 75
172 188
45 72
21 72
91 12
222 193
126 184
191 31
214 43
208 127
85 147
110 178
121 84
137 66
215 18
80 166
46 165
211 154
228 21
98 43
41 213
37 210
99 69
18 75
28 226
162 172
151 97
109 78
87 118
192 181
214 209
186 155
52 42
63 59
32 225
95 184
29 34
194 96
108 66
71 37
64 89
229 194
51 64
135 124
150 221
161 164
20 219
58 43
183 203
126 141
167 32
101 142
209 35
62 43
105 78
85 151
60 199
221 194
100 213
48 114
173 138
94 128
116 16
218 23
202 158
73 24
94 49
62 8
18 176
214 142
62 125
7 58
47 180
45 213
125 6
22 139
135 212
146 215
124 14
226 222
8 57
186 196
28 166
110 32
118 123
221 131
186 77
143 148
130 196
206 132
121 195
122 149
41 154
89 157
148 92
96 39
210 68
54 78
125 128
68 168
127 112
181 223
119 16
130 103
172 103
112 10
84 229
169 190
143 114
82 11
152 55
103 221
153 12
14 90
209 86
157 121
34 182
121 148
224 7
164 108
183 142
219 65
28 111
81 148
66 104
35 135
76 160
1 56
8 56
51 224
102 47
121 133
145 92
24 95
21 20
11 173
143 203
78 129
155 88
199 209
63 46
152 181
81 93
3 75
17 64
105 112
213 50
138 125
80 87
156 102
189 125
71 133
133 111
183 136
164 129
184 215
125 225
55 143
29 224
210 111
216 203
128 225
194 224
162 148
37 96
17 87
130 170
73 210
52 157
214 56
78 93
202 8
125 174
102 16
99 208
112 142
226 177
40 102
32 163
204 40
74 184
104 127
65 28
219 24
196 208
144 92
27 165
68 195
205 75
3 87
193 93
180 49
71 9
135 149
61 111
148 120
73 142
64 39
193 140
93 200
214 207
227 106
14 80
141 19
192 84
150 218
3 194
119 160
7 141
15 109
218 182
195 226
100 95
56 67
166 88
134 186
225 202
125 13
124 224
123 94
41 54
109 61
51 142
199 1
83 122
67 70
71 106
15 68
143 42
105 201
30 148
225 65
109 220
196 206
21 199
87 193
63 82
27 172
84 91
59 26
87 119
78 71
55 23
18 64
223 215
206 58
54 37
86 149
42 196
27 98
184 9
130 184
86 215
62 108
72 133
191 57
157 41
195 67
86 46
38 216
217 194
216 50
71 185
192 124
42 71
157 162
77 154
93 73
142 108
194 186
225 10
125 19
15 8
171 76
153 41
33 149
190 38
58 80
228 82
38 5
141 25
21 131
152 113
62 48
28 173
190 113
58 221
127 155
168 18
64 117
42 207
123 36
74 225
73 111
109 136
229 49
209 168
109 114
44 181
126 36
156 128
198 94
163 140
206 157
54 2
139 67
56 156
71 167
40 31
113 118
37 50
218 29
46 206
139 185
207 91
55 4
19 81
157 145
37 90
53 63
161 58
161 71
18 26
7 106
79 26
226 213
112 184
161 225
121 122
62 26
229 76
6 121
216 69
171 128
5 42
28 65
161 193
72 11
21 212
70 87
7 61
171 221
126 204
195 158
69 147
150 76
161 199
46 104
209 160
103 59
105 54
199 206
36 35
44 93
2 188
173 174
176 32
157 163
75 23
171 77
158 33
45 41
123 179
104 68
214 116
88 149
169 200
41 165
149 208
198 15
145 95
64 212
174 185
76 109
217 46
167 13
75 70
221 41
58 99
22 150
46 30
37 45
2 28
134 19
55 164
188 202
126 151
60 150
111 100
8 88
121 114
71 144
51 205
29 68
190 54
216 142
138 6
52 84
109 183
229 176
26 189
77 156
43 205
100 14
43 4
72 209
177 197
63 41
41 8
97 174
166 51
89 58
106 137
111 158
4 113
71 68
91 36
204 131
58 79
52 57
150 127
216 220
36 59
8 28
87 3
211 189
101 133
146 115
117 75
223 172
72 227
68 100
27 132
48 187
191 108
173 220
63 187
199 176
33 124
86 17
25 113
74 219
228 182
206 93
86 22
80 45
188 218
1 220
163 168
41 180
39 132
169 72
199 9
141 109
176 193
66 79
127 170
135 2
52 202
208 86
36 128
227 53
127 199
12 114
119 172
101 19
3 212
85 165
105 31
59 19
155 121
133 179
23 89
208 109
137 126
123 27
214 225
113 3
88 19
229 95
42 186
76 200
25 10
107 185
221 174
225 63
95 188
110 21
61 27
31 78
147 214
191 74
201 77
194 103
77 225
85 98
128 124
17 95
43 214
86 70
60 19
23 64
10 49
156 90
56 62
104 94
209 67
165 123
134 206
23 168
43 158
198 161
118 24
71 18
207 215
47 68
154 175
29 133
58 153
39 29
226 228
146 199
211 99
67 107
102 22
98 218
105 67
56 81
48 206
159 141
188 100
18 95
110 226
43 24
104 214
176 166
120 108
161 144
196 75
175 23
132 86
162 140
167 37
224 43
225 82
124 69
43 144
139 206
220 116
188 48
183 53
147 189
169 122
220 118
60 203
150 183
45 119
109 21
29 45
165 52
152 124
192 34
52 76
226 192
226 148
3 77
182 55
110 40
149 46
164 185
21 192
65 221
130 75
145 14
13 36
89 148
155 80
91 110
8 214
194 29
37 78
91 228
140 137
41 170
55 8
79 60
215 141
206 151
125 16
192 162
206 112
81 181
173 38
106 5
198 164
9 189
107 138
102 165
128 143
224 45
45 4
147 128
203 107
203 163
179 59
165 129
190 159
158 162
46 129
33 117
94 169
14 104
185 159
41 68
73 25
33 63
161 148
42 97
69 188
21 46
164 11
163 176
174 31
137 42
180 33
47 203
24 88
60 108
103 92
94 120
98 143
56 101
217 131
29 40
173 201
12 111
194 41
106 156
172 78
229 223
206 16
48 212
152 24
64 37
212 5
205 138
106 202
81 102
208 172
26 28
57 62
102 185
2 152
215 44
69 105
207 52
199 24
80 92
11 130
70 76
114 88
143 189
119 169
159 30
171 38
108 48
149 118
62 206
45 136
179 131
12 97
19 72
96 68
84 4
154 44
69 179
10 217
161 116
193 106
153 46
153 51
138 143
55 169
5 164
206 5
142 145
188 112
56 111
124 115
82 35
21 219
37 9
41 36
113 58
133 204
226 170
175 54
153 136
178 70
103 2
88 79
204 151
141 39
146 189
36 99
149 201
77 9
93 96
136 36
40 66
21 37
129 60
123 215
178 48
106 224
163 137
51 90
119 142
17 100
23 7
122 85
107 82
225 164
81 158
7 173
15 91
225 167
84 96
130 65
27 108
221 139
189 10
106 101
7 85
208 136
77 47
39 126
154 215
156 207
144 136
2 48
62 56
37 175
95 214
93 132
154 162
75 103
189 62
21 163
111 205
201 50
66 78
159 37
67 93
161 154
37 199
17 155
171 51
130 160
178 28
66 211
217 101
39 214
169 55
91 141
44 121
189 17
50 191
109 91
161 57
199 217
188 182
159 44
57 86
60 73
104 87
176 36
39 45
229 171
132 31
190 121
58 40
144 142
15 40
129 162
50 168
183 44
28 184
105 185
224 111
216 112
1 136
223 141
218 162
176 40
178 23
62 195
39 24
174 25
58 188
61 163
18 34
168 64
153 181
10 140
45 137
96 136
83 181
97 172
200 123
142 184
185 22
128 107
191 208
172 96
172 144
134 126
75 199
173 8
66 178
158 42
134 33
185 212
36 26
224 39
43 218
153 220
185 229
78 114
9 145
201 131
108 14
223 109
162 174
103 169
180 173
91 20
163 227
126 171
138 94
161 157
22 126
80 219
8 200
104 8
121 86
31 157
98 106
18 186
174 108
69 154
219 210
69 90
39 151
84 215
12 182
11 42
60 142
67 21
24 8
149 215
113 64
189 153
96 15
188 172
116 121
144 201
168 86
163 117
107 214
58 77
50 147
20 161
63 61
145 55
34 152
187 181
73 20
167 135
125 27
147 114
192 153
48 93
209 24
55 25
66 37
164 96
100 187
210 196
168 119
73 108
151 107
13 209
165 142
76 101
51 53
206 199
92 175
223 170
93 62
116 110
87 161
53 33
114 97
121 202
158 120
111 135
1 161
14 119
167 110
154 104
5 141
60 148
221 42
187 191
40 100
62 61
138 27
162 96
37 61
138 190
170 173
34 127
221 186
119 90
45 17
167 9
220 73
190 163
197 115
78 97
79 71
197 189
192 63
227 128
121 183
178 110
9 174
56 112
201 184
160 220
11 61
177 44
146 185
135 1
17 104
162 178
73 195
197 32
174 88
188 154
72 146
219 226
167 197
103 15
149 39
116 68
188 113
144 157
143 13
202 46
71 215
191 225
207 8
192 160
138 192
14 127
68 214
40 56
97 161
12 210
4 162
140 226
67 97
191 73
7 123
136 182
123 6
35 5
135 159
93 53
126 229
154 214
23 46
15 115
126 162
222 132
4 64
93 80
100 151
63 121
86 81
89 126
53 133
63 189
66 75
18 55
143 221
161 49
35 131
45 154
197 9
204 192
228 7
169 188
221 202
157 176
24 65
118 1
164 102
211 199
69 217
41 125
20 210
2 90
190 128
61 130
213 147
172 32
226 129
103 33
209 107
119 59
209 42
205 93
197 111
64 122
108 143
79 19
178 119
91 39
134 211
37 52
189 43
216 7
14 108
146 177
224 92
192 35
154 202
89 223
166 125
105 84
84 207
47 219
7 204
187 98
85 189
39 57
32 202
26 87
132 52
94 220
121 4
194 115
112 141
44 214
137 171
182 207
158 165
67 60
62 52
4 75
103 48
182 11
209 53
180 182
215 139
109 197
192 209
16 160
169 162
37 64
174 62
153 128
8 41
190 196
9 106
120 229
100 216
74 64
24 15
42 78
208 170
173 31
90 140
201 27
101 63
106 112
127 116
189 201
133 171
202 9
169 222
189 39
129 126
75 110
161 61
140 148
117 92
90 180
11 146
128 152
220 163
91 95
193 57
210 65
19 111
40 94
153 34
131 50
24 26
30 137
94 106
169 17
185 176
224 211
55 34
37 173
45 120
88 208
207 56
149 2
138 2
21 95
87 27
167 160
121 167
54 98
40 177
24 182
52 169
221 95
42 70
105 136
53 131
116 162
26 22
73 46
125 79
211 220
158 221
134 168
169 100
95 137
209 156
215 197
149 102
112 114
77 21
166 103
172 156
85 166
171 45
226 32
198 140
213 67
30 84
50 206
140 10
200 162
160 213
207 170
188 14
146 104
189 8
142 56
178 88
40 187
89 19
70 114
49 85
92 45
133 219
110 170
158 201
94 65
19 38
178 76
35 145
42 112
46 20
9 93
170 161
162 59
21 205
37 222
29 7
166 175
208 171
160 154
144 32
107 155
36 97
85 97
114 18
167 62
199 56
63 131
66 36
53 218
134 3
116 136
27 189
226 229
151 206
49 113
197 1
227 75
176 175
107 146
35 30
215 46
149 63
169 210
162 45
14 165
85 108
136 117
153 118
222 59
91 194
63 16
131 75
46 212
43 157
203 94
161 229
192 32
71 46
101 143
63 43
24 149
146 168
1 195
4 89
129 22
77 169
165 85
110 206
23 135
55 213
213 229
123 143
65 180
97 7
133 86
217 140
37 53
62 129
214 65
113 169
195 15
223 137
162 98
102 82
153 11
170 121
118 217
153 37
22 59
116 32
6 85
33 148
185 188
74 200
70 31
119 120
220 131
66 157
226 103
12 50
111 166
33 130
69 202
55 119
121 109
104 45
190 147
209 188
189 70
27 59
226 111
154 9
190 181
9 33
159 212
153 65
13 75
11 106
211 39
56 18
92 52
100 48
79 210
129 100
11 205
98 157
55 163
135 148
154 201
102 129
128 79
173 66
61 201
180 191
73 206
221 6
128 30
34 106
67 27
154 223
72 204
180 217
223 116
68 66
126 29
70 7
53 178
137 6
21 209
143 83
198 228
24 81
186 118
1 74
15 43
102 52
91 204
104 189
113 165
11 182
2 221
58 53
95 170
131 33
75 72
187 201
110 159
163 45
122 55
157 4
98 208
140 80
184 227
57 211
82 153
48 41
60 105
51 197
156 160
211 208
93 138
185 127
105 44
24 20
78 44
163 220
130 107
158 56
88 84
103 70
146 99
131 12
155 149
54 43
100 225
210 178
40 149
129 38
225 97
176 81
20 2
70 182
140 219
50 24
152 80
186 162
25 174
4 41
144 48
202 203
130 60
46 145
174 4
203 78
173 71
75 65
188 102
188 161
33 129
134 66
124 143
195 152
91 87
14 56
159 55
71 223
116 203
149 221
226 43
149 103
139 10
63 98
203 37
218 189
11 62
111 113
59 125
56 170
196 15
198 118
112 54
186 144
208 192
30 102
45 140
164 215
133 226
83 109
5 12
101 183
145 179
228 83
194 124
92 28
79 52
216 48
51 40
202 153
174 10
179 138
88 113
138 145
93 128
85 154
178 171
93 36
55 207
77 186
12 209
85 207
19 91
28 128
75 95
110 209
23 35
90 198
195 162
102 25
170 92
163 20
113 97
30 33
20 122
191 39
151 125
138 219
128 87
6 226
145 40
207 98
7 117
136 199
140 133
74 127
120 160
53 146
103 71
177 39
74 171
21 145
63 106
12 83
199 156
193 222
185 219
64 71
182 123
149 226
151 103
62 92
57 95
139 43
169 130
77 121
92 113
36 140
131 145
21 191
153 203
145 151
222 200
2 7
195 196
203 55
43 12
204 144
84 212
43 28
200 199
71 93
108 4
165 210
184 104
79 113
149 93
156 70
59 40
61 205
1 158
131 78
192 146
146 205
213 184
37 27
102 150
147 149
92 67
84 24
53 140
162 154
203 211
189 108
88 229
200 159
1 173
213 223
77 71
150 228
154 117
45 86
69 212
88 42
163 108
151 16
194 214
63 113
54 117
26 113
201 158
200 147
99 168
190 31
208 140
149 87
116 73
189 53
11 166
111 66
223 226
42 223
35 172
90 121
150 156
50 184
62 79
37 70
170 54
77 114
221 78
137 54
17 6
201 173
123 137
204 88
87 165
177 21
5 52
129 210
135 65
79 27
92 23
15 99
147 218
224 148
29 172
9 125
157 91
110 186
66 33
47 22
147 80
198 97
14 166
92 221
147 219
65 111
5 139
97 223
206 117
151 136
119 157
205 167
187 114
95 101
107 110
171 154
95 89
222 229
152 18
185 135
207 20
6 68
155 145
212 11
117 11
154 228
127 34
55 43
73 89
102 75
189 158
210 78
135 76
64 62
198 119
11 113
123 203
29 138
127 6
195 44
224 113
20 129
210 105
40 181
39 221
61 4
183 226
104 186
110 164
101 9
151 77
59 36
157 57
161 63
194 85
174 115
126 200
155 195
209 61
162 60
1 64
9 147
82 222
95 39
137 36
173 55
175 228
184 141
166 34
179 69
112 180
110 86
17 92
203 67
206 39
94 71
102 114
42 14
22 183
56 108
20 208
31 174
150 151
71 79
125 155
156 180
128 226
176 113
151 209
57 141
39 171
141 211
216 3
104 61
5 176
102 33
45 9
35 6
31 26
88 176
2 115
115 223
216 31
178 122
39 40
130 142
166 207
126 32
229 113
76 23
192 107
213 150
108 217
37 91
132 172
225 133
216 169
44 222
54 177
111 95
32 100
148 117
78 95
85 118
158 146
177 175
96 123
34 101
34 213
148 188
57 34
163 184
62 130
108 13
58 175
204 45
141 194
223 149
54 24
164 125
168 206
54 229
113 109
109 23
125 162
111 21
134 14
181 224
164 6
28 1
116 86
54 84
173 17
138 134
183 200
201 181
46 57
181 127
52 6
191 205
55 172
147 138
153 226
6 36
110 61
106 23
151 191
149 164
8 143
21 133
79 111
201 108
103 34
154 226
122 82
98 174
63 206
68 228
114 133
168 74
142 41
144 91
52 68
76 155
218 18
137 18
59 138
152 135
49 224
150 91
128 211
71 57
29 156
35 77
105 192
169 9
2 69
184 216
81 92
9 67
109 24
99 95
169 197
157 96
144 193
221 103
160 74
179 105
40 43
225 7
150 86
98 12
66 134
16 154
130 86
36 208
59 119
113 28
151 34
103 56
30 146
125 38
13 205
223 46
215 62
6 54
78 35
136 52
179 27
18 17
113 72
141 32
12 9
109 35
226 95
171 92
210 3
87 134
89 83
114 119
118 174
5 196
9 27
82 122
63 192
8 191
9 54
113 71
228 32
25 12
12 76
140 103
210 188
220 152
62 29
170 175
49 51
155 191
158 72
214 39
92 218
194 131
83 75
98 190
215 178
39 209
134 185
177 204
8 51
122 87
86 40
199 120
24 166
202 102
193 69
35 119
166 221
53 48
212 157
143 193
199 222
228 131
141 165
207 117
200 92
62 156
110 42
24 102
50 211
7 210
226 137
167 226
168 63
166 177
210 106
108 82
191 169
146 135
6 47
228 67
209 89
146 124
94 72
62 80
109 86
127 24
92 58
187 185
145 58
213 65
40 109
219 64
101 160
164 99
49 69
153 211
210 201
70 109
35 3
43 149
36 210
146 133
166 4
156 35
171 27
77 16
59 135
182 95
207 36
192 196
9 64
114 219
198 160
195 181
108 229
23 192
203 212
187 160
101 98
209 64
50 177
198 73
153 126
216 113
44 41
223 27
106 62
121 83
226 200
211 172
83 145
141 129
165 50
114 102
118 226
180 225
210 211
23 72
202 119
173 81
158 47
107 190
205 166
171 139
227 145
157 167
72 88
106 213
145 97
43 215
138 180
2 155
140 131
5 49
70 226
78 146
36 142
217 28
145 117
125 1
217 136
149 89
211 27
52 67
137 127
140 112
117 208
28 208
75 159
178 161
119 87
179 35
71 111
8 170
206 149
112 192
156 29
46 87
69 80
106 154
31 159
124 42
184 85
96 192
161 19
144 199
49 147
14 190
9 142
16 38
158 21
217 42
66 203
38 32
177 114
70 137
100 203
180 68
106 209
209 139
159 69
186 165
116 194
175 6
104 143
104 9
152 22
95 202
118 58
175 167
161 177
16 122
178 100
228 114
77 68
186 64
108 24
118 143
90 23
50 31
211 1
12 64
217 64
50 139
111 185
214 189
61 162
45 135
50 92
125 133
171 61
172 203
14 78
14 33
179 117
187 31
74 199
72 57
186 37
43 174
115 74
138 215
206 32
158 78
106 80
183 30
59 145
128 29
142 128
130 87
211 141
128 208
97 5
217 157
107 85
86 31
224 36
80 186
65 153
224 219
102 196
76 2
209 219
55 170
188 12
31 70
200 47
108 75
52 191
225 98
44 187
42 58
111 3
169 69
147 66
126 42
51 198
38 97
125 2
43 130
185 170
199 186
16 45
21 90
166 147
134 214
179 213
156 75
47 53
179 139
137 113
6 44
208 57
86 171
35 81
82 79
96 33
156 195
5 222
53 4
14 65
123 192
178 141
165 127
89 149
55 84
170 171
22 154
13 79
56 12
90 154
168 214
81 169
183 70
69 173
4 106
16 73
90 109
59 100
27 70
98 35
81 124
54 110
34 40
199 112
216 9
96 228
86 190
78 107
219 93
192 33
203 152
225 169
31 4
58 226
169 54
171 185
48 47
210 215
74 176
57 174
151 90
64 205
112 120
46 85
71 155
16 64
64 17
91 175
35 225
76 78
82 66
170 111
17 65
218 108
61 177
6 52
128 129
160 146
202 226
29 188
208 85
158 103
203 124
208 138
133 185
124 73
200 112
102 59
151 91
134 213
189 24
174 127
114 191
116 147
72 190
40 202
13 152
102 199
81 160
90 110
126 27
201 16
218 139
71 100
32 104
190 39
201 226
135 68
212 59
177 2
62 14
129 206
181 212
24 136
142 200
107 163
75 129
203 195
135 109
184 54
69 6
111 154
34 180
156 8
156 30
25 15
131 79
147 171
109 226
26 181
210 82
33 182
7 20
9 175
63 161
179 62
166 178
176 91
47 186
196 4
139 169
148 215
226 51
203 27
2 117
117 39
110 135
29 97
98 153
198 67
83 115
43 120
141 4
162 128
208 124
4 8
188 104
89 211
138 189
149 27
210 141
226 20
69 100
180 81
120 89
192 50
30 224
5 203
131 6
19 133
137 218
3 142
2 14
173 111
162 169
106 90
143 51
68 173
124 64
149 175
21 36
39 36
54 106
167 185
216 219
142 211
83 90
9 223
168 10
198 5
94 96
58 198
91 156
22 40
6 188
27 3
74 142
62 17
105 180
188 127
39 198
50 106
178 68
123 191
201 224
48 162
37 60
56 95
83 209
166 200
183 191
49 8
175 8
125 35
203 41
216 53
18 167
109 3
77 92
164 214
75 139
73 66
180 162
152 228
21 115
211 160
182 146
152 90
47 150
188 203
126 177
222 212
169 160
67 182
207 125
127 146
28 193
35 160
72 140
3 205
115 2
76 43
185 166
125 88
13 171
158 34
9 221
101 32
95 10
185 195
229 212
14 29
153 186
106 153
40 115
34 160
180 97
17 228
132 5
17 170
126 88
174 145
104 131
10 147
64 157
42 143
187 99
188 148
131 215
89 4
89 29
168 51
215 105
3 170
212 60
163 90
200 82
207 17
18 12
216 194
122 34
58 219
170 81
215 202
197 172
151 130
133 193
124 25
52 132
100 15
198 102
51 7
184 94
227 64
163 58
150 198
135 58
191 60
177 158
20 88
20 222
44 52
65 59
60 28
26 138
105 71
5 112
30 201
194 55
176 104
197 65
185 96
13 166
135 56
168 40
190 149
152 165
224 44
47 30
185 35
113 74
139 176
199 28
225 184
168 148
54 69
151 51
176 190
87 55
13 144
1 152
101 64
137 156
47 187
63 71
118 137
52 20
26 14
157 206
85 192
85 219
159 27
96 120
41 46
56 82
140 130
65 22
123 201
184 196
83 207
146 144
46 4
220 42
182 29
43 16
123 156
210 69
22 10
183 4
153 74
95 182
10 223
112 205
68 184
150 139
116 205
210 206
172 14
204 99
138 82
67 85
189 92
195 193
50 117
203 126
103 155
60 95
145 88
36 87
4 67
166 65
61 39
143 89
73 119
63 111
192 17
109 93
18 53
22 66
94 139
63 147
74 33
139 40
77 149
93 163
123 30
151 32
202 118
51 161
129 123
123 17
186 83
216 222
222 101
167 114
173 190
136 154
130 210
52 134
128 110
175 101
205 198
65 25
198 96
171 64
5 35
192 221
158 140
82 15
89 97
200 146
226 49
88 168
189 83
110 216
175 227
20 174
143 15
134 113
28 132
206 186
184 37
167 49
30 26
99 33
127 207
58 30
18 150
150 64
1 188
197 213
195 12
120 218
65 64
72 111
3 105
215 153
121 31
151 71
115 229
21 224
132 96
127 193
154 5
222 114
221 105
215 58
208 74
41 67
6 29
177 206
223 74
184 193
140 135
30 211
136 102
50 58
219 206
22 215
68 223
116 155
187 63
185 34
211 111
131 164
226 225
54 166
45 67
191 72
73 136
2 142
92 1
68 75
192 211
22 93
114 174
83 191
190 63
66 168
57 188
122 159
11 19
152 172
161 215
17 210
96 229
122 4
39 192
104 75
92 189
34 3
65 98
56 150
144 2
81 52
132 127
42 98
216 107
218 59
132 202
14 49
99 30
104 128
228 208
171 67
144 56
187 132
199 191
201 48
127 179
75 57
74 196
80 61
31 154
207 18
226 189
147 194
6 174
38 145
167 138
13 42
198 7
157 219
166 55
171 192
127 206
67 224
22 146
164 191
59 10
49 75
132 210
214 44
229 182
17 119
8 198
103 191
102 122
159 101
47 129
160 82
12 198
158 53
172 86
70 208
135 95
143 38
89 76
214 15
51 192
216 205
70 189
26 155
191 116
76 108
108 70
46 159
194 83
50 12
47 70
36 78
19 96
83 48
219 207
1 120
125 93
96 204
227 172
58 93
153 1
164 181
213 44
167 31
22 89
215 190
199 122
75 77
196 191
66 98
147 104
37 192
121 196
106 192
220 88
89 212
118 153
19 193
145 156
123 20
69 199
29 23
163 218
74 107
206 158
126 127
79 67
193 48
33 153
38 35
96 205
169 165
64 199
61 104
177 220
107 143
32 155
122 44
37 130
169 35
57 45
114 72
68 11
2 163
33 38
84 129
166 170
49 154
158 131
159 182
208 67
203 114
144 125
110 171
72 70
56 169
50 57
86 19
42 158
59 43
59 6
74 53
174 60
154 142
39 92
91 13
125 73
129 207
12 87
155 157
214 155
173 218
21 43
31 57
112 67
154 64
79 74
92 50
32 209
12 217
221 146
119 19
217 133
200 50
5 119
178 159
28 30
81 194
92 42
21 84
133 206
146 208
76 163
155 151
75 78
121 94
51 63
77 183
109 57
135 133
32 124
216 83
173 93
170 198
221 108
100 218
93 142
22 156
202 104
42 95
77 69
143 155
44 223
43 89
11 144
120 169
227 132
6 93
169 207
133 34
109 6
181 192
205 165
158 92
3 189
208 77
88 105
92 93
119 222
82 86
49 116
221 84
139 82
177 62
167 95
56 200
116 175
122 194
195 96
141 43
78 192
134 215
216 162
51 2
10 177
209 45
163 204
116 70
95 11
155 169
156 223
203 217
163 153
132 176
54 130
71 2
13 165
195 210
52 71
185 76
27 121
63 215
141 121
1 181
223 196
177 228
192 173
97 74
1 212
204 173
80 60
215 8
93 92
218 203
67 105
170 35
39 222
222 4
94 74
56 176
21 167
33 89
206 61
61 192
61 216
217 19
185 208
134 1
123 133
219 177
143 66
184 17
29 148
92 170
115 39
52 123
137 144
31 43
55 75
18 92
122 52
15 79
98 158
85 53
60 67
215 200
110 88
161 28
46 21
129 64
209 200
43 146
52 118
127 110
32 18
108 90
105 14
134 133
168 73
55 217
114 113
140 125
60 7
37 30
27 184
194 160
81 166
52 16
208 217
164 209
171 112
36 14
207 45
110 197
87 26
22 171
25 173
20 43
161 211
168 202
107 176
118 150
222 86
10 188
206 196
137 209
57 193
70 3
189 37
80 127
152 154
122 184
199 3
106 211
169 175
157 50
120 90
63 96
203 4
116 98
52 163
160 215
70 45
72 159
95 1
58 131
219 171
143 169
49 187
201 89
114 49
214 18
224 16
5 24
119 51
9 143
110 187
122 42
90 63
137 170
63 18
67 19
91 38
143 186
208 30
85 186
190 140
152 175
128 9
206 83
139 208
15 46
57 98
18 138
104 149
99 199
113 78
75 76
120 20
212 186
116 19
132 24
98 131
220 183
224 180
131 66
225 139
164 163
149 171
140 48
175 185
124 182
36 72
41 60
146 65
66 217
80 228
85 169
88 85
108 36
154 109
37 20
222 178
150 20
57 214
109 7
163 126
136 72
99 193
92 121
30 16
102 127
172 87
169 16
9 49
228 139
145 174
31 103
41 70
34 89
126 55
55 229
154 196
73 130
38 13
216 24
91 176
56 25
118 91
99 135
11 40
113 82
28 100
79 199
212 82
87 9
118 31
39 196
81 172
137 225
133 11
197 205
169 218
70 62
196 29
119 214
122 151
53 114
54 186
93 63
200 45
68 175
3 221
100 59
219 133
23 97
135 42
100 190
4 47
142 113
224 181
142 95
75 111
46 111
67 28
100 211
168 105
112 46
4 69
97 208
81 50
82 207
78 222
31 180
29 193
140 3
93 169
20 46
174 96
11 147
164 58
104 111
111 12
122 3
226 166
119 4
178 132
50 218
144 49
5 128
25 128
192 212
215 61
74 134
194 138
45 130
196 139
85 197
170 87
187 54
151 1
80 42
123 227
129 133
201 137
203 192
150 168
221 10
108 53
101 36
102 187
164 5
28 134
212 214
122 68
229 116
162 141
12 66
136 43
175 122
170 189
83 35
149 16
1 221
62 200
20 54
45 146
171 101
190 192
193 108
206 104
125 129
81 186
41 219
83 79
67 87
71 153
45 77
39 26
75 224
33 193
37 6
146 136
220 161
93 218
115 190
213 190
63 78
215 37
211 25
202 163
188 93
21 31
53 126
176 79
149 168
201 214
134 13
115 51
78 148
29 184
61 141
121 171
30 132
52 66
67 69
136 91
27 177
187 169
136 113
50 9
95 50
108 179
198 203
135 154
188 108
21 51
125 152
131 176
99 124
69 33
222 187
140 183
196 23
69 210
36 50
176 39
183 179
142 157
109 211
204 118
31 155
202 51
52 229
203 227
40 185
158 225
212 122
145 200
140 213
164 83
9 19
219 86
125 182
229 140
70 37
65 155
173 21
197 180
68 23
19 171
144 44
116 186
104 124
187 10
222 1
120 143
153 102
64 97
175 110
170 207
134 109
9 148
9 66
205 72
224 140
181 19
62 75
111 35
3 6
38 195
114 63
21 159
116 45
126 99
67 51
55 56
15 30
149 30
43 31
89 193
131 101
173 180
168 192
127 12
171 42
194 5
69 156
87 172
214 24
40 200
74 160
8 148
152 51
70 201
229 134
92 164
112 124
108 2
213 104
179 193
128 138
48 152
3 214
148 114
130 51
25 2
5 63
147 44
199 69
164 45
164 221
139 79
74 114
48 148
134 128
154 168
20 155
40 18
116 1
161 48
87 128
223 176
98 175
157 65
97 9
203 219
116 151
169 51
139 37
36 113
228 152
171 194
146 226
62 114
105 11
87 11
28 41
40 59
30 169
13 149
182 97
188 138
67 135
53 44
76 91
189 218
143 131
169 142
95 156
133 221
132 49
101 222
47 83
133 175
71 137
80 3
193 173
49 55
206 25
51 55
158 136
207 160
219 19
201 140
143 130
84 183
164 42
138 142
47 75
190 179
106 25
119 63
174 204
51 169
87 20
212 138
10 32
210 29
183 214
161 101
25 211
136 90
109 221
172 6
59 88
50 45
67 47
222 155
5 170
207 19
205 195
131 209
51 201
5 98
148 34
16 150
135 17
173 222
175 72
3 106
196 17
171 117
81 95
175 35
102 11
150 72
193 186
80 207
159 143
152 164
160 122
89 129
109 19
113 177
95 79
69 58
170 95
226 142
128 187
148 104
185 157
220 219
173 130
67 18
85 196
169 131
84 168
228 98
160 166
53 106
159 206
186 132
177 139
18 197
161 203
151 89
26 202
215 35
185 94
127 220
40 162
185 122
12 126
87 105
166 164
122 150
166 14
5 125
180 212
186 19
90 171
225 224
52 109
160 19
130 14
151 46
120 147
16 144
87 221
218 204
45 111
206 162
216 85
11 212
183 123
229 170
204 16
144 172
158 14
177 28
98 170
130 54
78 182
205 115
113 181
8 83
179 80
68 146
196 79
62 54
86 119
192 141
194 53
209 145
198 28
182 74
179 18
2 53
128 181
3 144
194 99
216 225
120 16
201 56
26 79
174 168
32 173
176 184
65 130
19 149
198 141
23 55
113 6
226 125
92 182
142 82
136 134
141 228
193 58
62 139
139 166
35 109
74 69
142 169
161 137
170 11
145 112
22 78
160 107
76 210
162 41
162 166
163 122
140 22
217 90
220 157
124 57
148 218
92 198
2 93
45 81
129 9
134 50
223 31
149 117
75 84
143 129
151 202
195 182
184 187
153 193
183 87
151 159
159 36
81 119
139 190
59 7
167 56
59 78
183 88
160 218
2 47
159 144
145 163
198 79
209 19
84 196
22 30
174 151
38 126
70 48
171 203
118 126
141 131
44 149
153 42
159 79
171 88
154 100
20 21
227 66
89 207
129 7
46 146
162 7
10 150
224 152
41 158
13 221
219 21
33 196
80 171
214 105
177 19
60 102
145 56
194 168
4 117
42 51
99 194
175 143
33 104
89 23
193 19
75 61
103 167
96 193
48 31
71 195
117 8
107 150
199 104
27 42
95 27
161 18
163 205
111 36
47 51
42 205
165 110
190 68
48 108
149 217
65 178
87 208
11 23
189 35
177 195
184 148
19 223
160 110
198 41
147 211
184 161
103 9
158 88
12 128
139 49
30 95
159 99
14 182
223 181
2 217
174 36
34 194
196 71
91 136
1 157
51 9
221 182
24 225
148 19
167 42
69 27
110 133
62 180
133 25
151 24
43 106
97 138
57 219
208 6
229 132
38 21
150 26
70 5
227 211
22 5
168 41
54 80
214 92
138 109
202 178
160 20
53 201
197 3
108 41
197 201
50 104
50 176
69 61
49 213
18 8
27 215
17 101
221 212
21 50
33 125
125 23
150 34
105 168
97 216
71 19
39 49
95 49
80 74
187 97
3 181
170 221
149 34
19 23
9 155
75 198
122 214
222 46
31 94
30 206
156 18
21 1
42 21
73 75
200 99
228 133
80 181
40 108
129 175
9 32
101 156
66 175
19 79
2 45
164 152
82 159
52 31
28 214
210 191
100 169
162 22
84 59
227 5
9 229
158 178
147 73
67 121
170 158
59 167
10 196
76 52
101 20
122 72
141 79
14 171
146 141
204 225
61 102
223 148
161 151
174 148
179 191
144 88
9 91
111 198
25 1
20 114
146 28
119 139
211 210
107 68
48 167
211 148
126 61
150 186
40 168
93 32
228 128
2 65
196 165
78 29
181 83
60 118
130 171
24 151
156 155
167 75
168 227
53 215
102 99
223 94
97 43
203 191
71 58
34 65
77 45
99 51
61 155
194 156
100 152
128 96
215 205
221 149
199 178
69 224
181 35
113 199
88 122
162 131
4 160
32 222
32 123
34 134
149 135
167 213
84 17
227 41
194 164
184 147
168 140
156 217
153 58
216 5
140 39
86 39
60 82
192 144
14 195
42 28
158 167
147 18
43 65
191 81
223 69
42 183
103 36
122 9
169 2
126 124
121 42
11 216
158 183
147 143
124 23
79 213
88 148
225 69
76 229
203 72
39 226
67 111
146 91
135 106
147 10
79 49
108 10
143 126
12 174
163 47
153 22
227 109
62 98
218 178
114 2
133 184
148 88
90 108
6 194
225 211
107 200
15 125
161 112
76 100
131 100
105 199
85 128
59 87
133 135
168 225
76 73
202 106
103 222
34 8
44 71
227 103
21 112
121 93
101 45
89 146
188 86
132 103
47 211
199 36
76 222
174 82
57 16
115 30
71 32
148 213
127 2
105 222
41 43
108 26
131 37
36 117
68 89
23 151
221 189
4 101
32 189
192 47
139 95
104 192
128 131
169 31
129 145
154 87
188 143
182 113
217 51
117 153
104 201
48 183
7 200
97 193
50 14
90 123
160 79
142 130
126 181
37 32
193 42
37 57
41 71
85 168
148 180
11 224
102 68
152 82
123 99
215 136
170 94
188 64
60 182
62 193
155 63
63 39
148 125
41 220
98 212
51 104
123 76
41 146
141 49
22 130
145 217
154 73
156 6
70 13
183 215
181 146
116 170
69 29
92 178
52 206
163 119
185 2
82 92
57 13
84 34
177 16
71 166
197 6
27 166
44 226
132 216
49 103
226 104
49 70
162 77
1 132
124 175
79 153
214 171
73 26
160 29
48 168
92 88
43 88
219 69
186 107
194 110
111 150
213 39
99 81
205 42
161 77
192 159
17 88
195 183
63 156
108 196
151 95
132 167
6 151
155 21
170 195
172 197
26 205
229 157
128 49
73 172
86 89
188 126
92 124
90 126
27 105
96 209
145 219
214 148
62 118
109 54
162 226
215 90
191 131
211 89
210 38
219 150
42 131
67 132
35 166
91 101
166 197
200 48
60 135
162 218
122 75
169 90
140 18
139 30
138 37
152 215
79 189
173 146
135 182
167 201
36 173
4 100
42 163
175 153
122 129
199 38
38 1
55 202
89 164
211 115
123 46
109 20
168 20
115 163
157 172
25 64
19 59
44 20
201 165
212 197
38 14
225 34
191 195
167 44
30 125
133 157
46 140
15 141
208 44
23 77
3 141
87 22
133 150
206 100
130 137
24 51
75 25
22 73
193 83
177 98
41 153
223 152
6 12
147 179
169 19
28 152
110 163
17 23
225 127
171 4
65 71
146 139
179 43
193 7
138 183
73 181
166 98
141 124
223 49
202 90
140 28
15 164
72 136
36 171
114 99
153 125
28 44
207 32
14 76
44 14
146 176
48 197
67 101
145 1
35 87
150 62
136 118
147 13
24 30
27 57
36 44
41 4
138 128
182 107
149 169
173 50
16 140
221 197
95 162
34 196
212 105
91 222
229 87
198 200
106 39
154 61
190 42
60 32
130 55
182 210
217 54
87 65
181 92
28 182
31 77
149 112
54 46
221 207
227 168
150 169
188 145
194 207
92 49
202 6
227 179
111 178
4 71
151 133
181 165
60 137
61 101
205 161
82 76
222 22
144 112
16 109
161 89
8 14
31 167
126 207
35 174
27 182
160 114
34 187
87 149
115 22
107 114
208 151
108 189
196 68
106 199
74 190
208 43
61 121
219 193
156 76
11 227
193 110
28 23
157 134
111 107
69 108
4 87
167 40
204 171
17 50
70 207
200 97
75 211
3 140
65 7
31 136
8 19
132 137
15 116
72 196
212 71
170 64
127 43
134 229
181 162
109 225
157 222
31 32
210 125
117 20
118 133
183 47
11 138
106 169
63 20
203 184
185 179
211 196
159 67
175 127
169 6
104 25
210 130
56 160
87 106
147 2
208 129
104 66
184 167
174 160
221 69
118 35
200 197
19 52
115 195
101 60
80 140
63 60
188 125
67 178
221 148
63 158
25 53
116 208
102 134
107 158
1 104
178 10
101 225
165 206
220 47
16 44
98 155
150 22
161 160
139 215
106 215
30 103
37 79
65 135
211 48
109 88
211 157
59 85
139 128
96 133
76 226
212 132
223 214
218 131
161 174
143 36
174 191
161 205
66 46
123 83
92 190
211 131
54 95
61 210
213 171
66 113
74 2
196 65
43 53
107 94
197 181
15 124
118 208
71 92
92 73
103 18
68 121
124 159
36 195
69 215
119 74
19 107
227 73
65 206
8 44
79 209
210 195
89 197
207 126
229 119
52 119
148 187
71 203
36 13
164 180
57 10
38 101
159 97
206 115
95 99
23 133
176 72
105 129
227 182
26 156
86 80
21 188
159 121
190 137
4 219
88 29
14 20
43 175
214 84
218 137
65 169
97 141
19 128
218 221
170 74
146 225
105 50
24 191
177 171
183 159
138 227
18 4
85 64
84 89
32 157
190 87
110 131
99 43
195 72
101 224
65 1
186 50
10 128
229 66
114 127
170 210
159 217
100 155
10 16
10 33
6 7
101 227
54 148
216 51
200 7
219 181
41 205
65 24
79 152
124 206
51 171
47 152
184 170
104 14
79 93
178 186
24 132
158 115
116 125
107 129
124 92
105 83
18 129
222 133
169 3
89 38
197 209
140 94
228 56
217 5
133 109
48 185
14 2
67 154
35 198
94 122
29 10
138 168
165 79
38 190
77 86
98 136
86 110
154 210
159 59
146 165
121 76
212 104
36 73
39 112
167 125
50 193
47 102
34 162
126 159
176 228
142 132
40 92
179 54
50 141
53 18
16 126
201 57
57 7
164 147
26 183
205 215
159 219
214 52
55 179
187 22
215 93
207 152
225 201
125 203
20 181
219 94
212 199
104 191
61 131
40 216
214 172
195 206
41 211
226 74
7 124
28 138
156 136
155 73
108 30
20 36
91 147
138 159
200 58
121 211
123 142
146 210
128 16
190 114
111 104
92 209
21 153
148 220
163 210
32 5
116 55
79 66
221 7
18 164
205 67
204 53
57 17
107 41
60 210
148 141
182 2
31 133
190 176
180 45
177 24
153 192
13 61
27 188
137 93
134 79
195 202
60 160
175 13
147 127
176 124
63 143
184 15
219 72
212 200
145 222
189 124
103 58
204 106
106 87
134 94
134 164
32 103
145 214
32 136
34 88
194 38
213 13
190 93
175 157
206 123
24 57
125 185
24 148
103 13
122 98
132 54
30 80
213 25
123 170
60 134
169 27
90 227
191 213
162 119
39 213
17 30
167 20
174 64
202 120
47 119
114 61
222 15
100 98
213 168
155 165
184 1
208 40
193 188
24 112
2 154
214 181
47 161
4 84
183 125
6 40
80 222
61 91
19 62
50 66
1 144
50 19
148 177
165 191
140 75
19 121
106 91
4 108
138 137
43 155
198 136
120 122
90 16
196 34
184 127
48 171
202 111
218 3
2 23
51 59
158 157
81 74
3 26
171 164
30 14
44 48
208 26
107 169
133 196
82 151
190 73
16 47
73 183
220 201
220 162
25 29
5 118
69 197
81 159
133 145
133 167
156 20
197 20
127 144
10 224
3 161
143 198
189 79
149 53
81 44
58 11
154 150
72 18
33 206
106 212
199 102
214 147
148 55
4 224
226 113
227 10
73 168
207 134
137 104
85 91
85 153
109 138
144 185
168 7
23 198
62 133
124 195
16 91
226 71
52 103
24 12
193 112
99 128
165 195
100 6
35 120
11 220
44 73
207 189
11 159
180 107
85 112
52 210
80 203
118 228
113 142
96 125
228 136
209 99
141 21
38 181
151 198
155 46
102 119
113 12
215 152
51 181
61 217
178 139
178 192
155 10
27 221
106 24
148 28
56 215
85 155
21 186
102 148
219 175
227 123
65 197
190 100
104 115
73 112
133 136
64 66
130 208
207 136
203 194
3 217
51 58
166 131
156 203
67 56
147 108
75 212
124 200
222 37
84 103
227 166
167 54
89 14
69 149
94 207
58 6
182 91
115 34
146 211
217 15
66 86
30 48
185 172
84 81
11 219
159 168
3 29
34 113
153 54
24 85
26 72
138 124
219 77
80 17
66 137
175 24
189 129
223 201
214 94
185 209
188 15
145 111
137 194
228 103
162 67
153 43
75 83
226 199
126 114
175 221
57 161
19 208
228 27
138 135
117 167
97 57
12 113
127 17
123 22
185 192
225 205
168 87
26 192
195 219
68 22
225 17
106 160
124 106
143 127
204 211
36 58
188 22
137 30
167 71
119 156
160 196
59 8
7 152
124 149
209 114
126 20
188 51
174 171
223 75
196 127
132 192
117 109
226 151
221 101
56 100
25 23
87 125
188 212
63 52
4 90
124 144
5 226
80 106
41 98
66 69
64 153
204 14
159 32
41 159
191 164
46 86
58 162
193 94
186 54
172 99
84 153
200 49
162 142
116 187
30 76
171 125
158 6
88 109
3 209
92 38
211 197
57 151
29 93
40 27
197 77
112 100
139 9
53 217
206 12
213 183
5 124
78 206
54 41
44 38
104 36
203 10
74 192
195 200
211 59
77 215
167 92
33 228
36 63
185 68
102 186
108 115
112 163
104 53
20 182
224 48
88 110
201 148
90 166
2 124
198 221
33 180
90 6
49 60
190 223
27 133
48 188
35 54
174 48
36 167
164 134
86 16
218 156
124 32
74 187
82 34
85 136
212 28
213 130
189 163
204 197
9 187
46 120
112 162
37 118
23 100
132 129
202 65
136 112
195 90
163 88
56 38
68 9
153 202
36 172
184 36
17 18
115 38
203 36
162 207
214 220
108 137
140 24
199 62
79 55
180 185
6 165
137 38
54 5
72 182
226 98
15 10
43 77
216 171
178 208
190 67
1 97
172 174
183 119
95 17
227 58
44 138
180 70
152 207
154 222
224 131
169 133
185 100
74 206
67 153
97 183
57 130
30 153
189 82
179 74
39 186
44 150
94 1
78 169
128 180
142 104
202 197
70 115
188 17
84 70
17 183
35 13
222 202
41 44
125 12
40 227
18 74
186 38
199 172
211 78
188 162
146 38
110 96
184 212
73 61
18 212
72 96
70 147
212 148
206 22
3 79
166 47
121 153
24 64
56 226
40 34
69 74
11 21
225 198
33 141
25 154
47 145
71 50
80 218
22 206
202 62
13 150
190 117
16 198
128 207
125 114
84 176
172 68
44 195
155 98
183 62
2 193
126 106
201 63
115 44
119 210
99 224
85 172
20 45
188 19
109 42
26 227
56 140
183 116
172 39
153 24
47 217
157 73
221 180
154 2
17 211
101 186
146 84
197 59
178 184
27 169
57 107
195 91
80 124
97 125
151 104
156 125
150 117
74 118
208 47
96 9
73 10
35 69
94 23
85 161
67 194
147 135
61 76
85 73
210 31
25 104
49 124
67 2
58 9
94 177
144 208
222 156
20 77
161 125
3 93
42 88
203 125
202 225
129 14
49 155
38 118
133 26
174 1
90 158
116 199
156 109
40 73
114 34
24 208
85 200
141 185
213 194
88 205
149 14
20 6
97 78
54 119
62 101
190 217
84 94
111 209
21 146
105 25
216 196
147 154
123 66
117 72
168 209
83 166
193 208
105 33
119 105
95 158
55 77
167 217
27 44
200 64
220 25
101 217
38 95
163 138
185 193
199 76
16 101
39 177
116 172
192 24
227 201
50 179
171 187
52 142
32 135
103 16
8 145
160 34
108 80
203 80
164 101
51 191
134 2
159 100
109 196
135 178
4 140
133 181
34 12
106 181
172 19
66 165
169 108
43 8
106 164
30 135
31 24
49 179
95 198
133 66
224 167
118 39
67 46
192 46
162 52
180 141
213 8
178 196
40 97
11 125
5 140
93 220
5 108
160 134
196 131
144 212
93 192
28 164
10 167
63 184
76 197
5 147
164 199
70 73
130 228
141 34
205 191
67 198
119 57
115 131
139 47
149 52
158 212
57 125
184 190
112 8
215 42
124 169
77 90
191 215
133 134
220 29
218 62
131 94
7 214
207 229
173 113
56 217
119 93
202 184
179 94
37 181
179 214
209 4
69 226
37 59
215 123
218 15
188 119
108 20
151 64
129 26
152 128
35 219
145 121
98 104
87 88
129 222
91 200
184 21
58 133
162 144
209 208
14 50
133 227
93 222
150 113
177 199
229 192
162 75
178 228
141 77
73 208
168 153
133 118
193 198
212 144
102 108
170 2
195 100
18 77
189 173
173 144
192 60
9 51
139 194
16 111
184 7
158 11
29 139
56 97
99 139
78 133
184 5
224 165
58 75
175 226
228 203
86 130
223 40
221 59
211 214
214 2
197 202
184 8
60 201
28 83
49 52
213 20
93 162
111 169
203 99
170 219
210 44
60 170
188 1
63 208
45 61
211 5
73 222
20 124
129 190
76 54
15 97
117 133
84 54
225 85
154 191
3 82
155 130
125 36
93 226
155 51
81 179
25 97
126 133
112 45
192 59
10 52
205 227
182 214
178 26
75 89
198 178
197 95
162 159
61 139
173 126
129 166
51 14
84 87
92 130
116 185
197 70
24 62
147 178
184 77
215 150
152 35
63 227
73 19
123 177
171 24
1 42
132 23
226 13
117 12
46 155
145 79
202 27
10 107
196 140
211 207
123 111
166 151
123 65
56 203
1 229
169 62
110 207
170 51
72 26
164 36
87 151
187 154
62 9
133 152
200 52
51 54
106 73
176 220
128 120
28 125
4 164
198 131
21 23
79 126
135 69
70 85
77 93
89 110
133 104
112 96
211 76
84 13
62 44
106 12
199 17
41 149
22 1
75 69
153 93
52 136
3 185
212 30
158 170
160 204
11 145
52 198
102 3
12 21
63 163
129 131
76 144
136 124
147 155
73 124
21 83
215 210
222 34
211 205
157 155
151 48
39 18
7 189
140 115
40 133
69 181
7 195
92 197
1 125
69 145
30 122
167 17
156 129
118 50
200 100
216 212
33 158
105 43
77 191
58 186
128 125
28 200
73 214
45 221
175 108
137 91
179 96
43 185
38 27
133 62
184 140
167 64
164 30
169 7
7 205
19 84
61 103
26 39
88 51
66 7
57 87
221 191
148 76
179 73
88 15
122 169
79 155
185 117
107 227
83 156
23 40
141 220
94 211
42 46
70 94
122 220
24 113
128 18
92 208
46 218
211 117
130 64
84 220
93 105
41 151
115 89
59 116
27 8
217 85
87 220
171 20
67 216
97 91
52 10
141 158
30 117
215 127
53 21
56 51
5 123
15 221
88 183
229 8
111 131
135 62
70 185
97 89
88 217
92 191
77 196
71 81
164 109
135 6
124 192
96 77
223 113
105 26
135 215
174 3
86 213
18 46
179 186
120 201
97 206
103 111
129 169
203 103
4 107
210 118
222 228
74 116
63 180
61 190
98 214
1 210
180 153
21 162
1 12
215 116
202 187
111 13
130 141
123 3
207 164
52 182
94 113
166 160
123 208
22 13
122 91
91 122
173 224
207 130
139 46
191 124
225 95
108 213
58 115
147 123
138 186
130 12
172 166
95 42
7 17
18 2
214 63
185 213
115 172
185 91
137 214
174 70
109 80
66 47
172 190
90 228
79 221
196 147
208 186
101 119
149 65
99 154
161 29
79 229
2 148
48 163
161 216
152 77
76 187
25 14
115 184
69 122
109 73
229 158
110 77
203 68
18 60
186 21
159 208
164 97
12 34
101 175
7 191
159 201
178 144
46 38
1 203
92 95
184 156
73 200
4 220
223 45
112 64
168 138
224 67
184 43
97 212
143 32
150 177
194 18
64 25
111 56
209 79
219 128
15 86
21 48
139 111
3 183
177 11
130 189
3 149
59 146
218 153
134 97
142 164
47 205
80 29
164 23
86 223
116 91
29 80
182 168
148 129
175 133
141 217
228 89
214 42
209 186
122 171
48 116
56 115
99 151
39 157
119 56
35 98
33 78
167 93
40 155
87 198
131 155
164 44
162 69
157 180
56 19
79 6
37 86
144 37
1 142
164 38
212 160
150 67
163 131
127 108
17 194
55 199
135 197
193 202
13 162
219 81
93 223
12 103
50 138
88 35
50 182
80 107
10 182
192 129
147 105
88 96
83 101
40 219
18 23
218 166
59 17
84 128
64 149
104 55
124 30
222 197
80 102
198 215
112 218
162 124
147 72
120 172
152 75
211 119
160 115
95 67
94 38
170 138
15 160
180 143
29 94
60 8
158 159
87 224
168 70
6 5
47 142
117 89
139 59
203 47
130 121
35 146
10 17
69 164
182 192
164 123
44 189
102 57
6 201
226 92
152 42
124 67
108 51
36 3
42 60
128 67
83 62
141 53
2 18
207 64
158 52
201 221
43 172
58 194
40 174
186 208
21 190
208 60
189 180
167 79
211 139
129 216
52 101
73 174
168 48
207 174
35 194
13 7
151 85
166 54
99 182
56 83
125 194
57 40
44 225
123 132
105 1
141 187
56 37
193 146
229 31
31 67
186 138
224 134
145 93
83 69
24 56
192 3
38 224
213 110
52 225
223 38
197 166
104 144
188 213
206 108
82 101
131 212
19 94
150 203
82 165
110 158
215 128
66 38
21 27
40 29
66 192
61 90
132 66
150 6
153 78
31 213
227 65
225 108
5 102
37 206
81 67
140 211
11 60
86 118
208 194
108 208
226 123
211 6
139 98
196 54
27 90
107 26
42 25
198 40
1 176
25 58
151 168
12 88
112 99
101 4
69 123
152 81
183 8
212 219
172 90
4 144
178 5
64 34
89 54
12 112
62 123
227 160
215 66
199 218
60 100
11 95
196 110
130 13
83 66
21 105
156 167
58 124
143 124
193 155
162 213
76 138
45 5
194 75
161 75
19 226
167 227
38 72
108 124
174 114
133 52
134 44
53 120
114 30
220 98
102 156
187 117
171 41
162 127
222 6
92 98
72 178
51 220
116 188
107 147
54 67
139 153
167 47
168 34
195 93
115 82
179 225
125 227
194 97
69 63
57 38
114 60
115 118
139 54
161 159
121 123
139 18
100 85
2 31
102 175
61 72
155 93
3 15
83 215
78 74
142 19
212 76
65 164
25 219
201 187
71 190
156 201
23 202
13 43
215 124
56 103
82 71
143 52
31 179
81 216
123 139
121 14
153 212
214 149
159 118
210 91
91 127
100 5
16 93
173 109
110 75
188 82
35 57
142 218
214 68
116 190
70 39
190 182
62 47
104 83
140 113
133 151
218 170
103 94
162 183
170 178
95 87
229 122
218 114
114 188
72 177
12 18
92 104
113 119
85 149
180 158
177 99
42 94
212 228
83 136
200 91
123 195
82 189
30 152
44 27
54 176
82 129
85 17
111 174
178 85
48 138
119 137
18 143
8 46
77 136
219 52
4 116
45 97
194 223
29 215
33 137
135 41
141 196
165 56
142 34
45 149
115 143
84 3
65 203
126 103
79 118
59 105
59 121
15 102
124 44
155 118
202 223
166 133
102 13
93 114
191 151
158 17
150 40
172 129
187 3
191 188
19 175
43 19
3 56
132 142
227 140
172 7
124 94
13 28
114 53
194 155
88 125
53 153
139 226
61 57
95 138
209 165
175 145
138 224
139 75
31 114
51 221
58 60
119 134
80 98
25 50
225 60
162 222
104 226
216 131
142 44
72 134
203 121
13 55
14 23
177 196
49 176
57 59
222 175
153 133
57 68
180 108
98 221
206 21
43 193
122 39
209 220
170 7
55 201
96 184
201 225
186 103
201 20
181 5
101 38
83 17
143 65
190 148
121 38
33 127
20 10
219 17
89 22
128 228
214 89
132 50
139 164
149 71
228 201
129 176
44 97
79 46
106 13
20 41
223 161
108 91
216 198
77 70
167 159
3 159
27 153
2 125
35 159
8 226
34 136
138 28
27 198
196 212
117 33
11 116
165 228
158 55
140 64
225 2
60 138
174 137
216 208
133 31
19 132
155 76
64 198
130 4
82 68
110 44
184 217
5 105
197 163
15 121
141 229
158 184
167 203
71 51
91 70
119 32
84 171
195 53
195 118
213 36
135 31
51 229
138 126
133 89
190 98
145 13
153 112
188 206
123 181
163 222
92 135
36 227
91 208
195 133
148 151
1 196
221 225
21 122
147 61
172 46
18 224
99 44
159 113
43 217
196 30
94 135
188 204
42 82
40 62
133 107
44 175
113 23
177 180
19 136
39 128
148 21
65 72
12 90
102 17
92 66
209 124
46 8
49 98
121 193
98 141
184 97
201 91
74 113
53 108
20 199
58 35
223 99
96 69
161 223
86 150
215 180
184 96
86 49
195 58
163 127
179 171
82 209
207 114
194 225
113 76
179 162
72 100
104 16
65 85
65 49
31 92
88 164
188 223
58 157
44 67
14 51
217 24
8 93
225 134
146 201
106 152
122 105
103 142
45 85
69 124
172 180
9 114
166 76
186 187
211 138
80 62
45 220
69 187
203 58
104 18
19 21
13 168
186 201
121 225
117 147
90 209
162 103
53 37
162 37
186 91
5 165
179 31
186 95
159 31
31 81
147 172
126 1
44 122
207 38
136 172
20 91
82 58
135 93
183 174
118 77
58 98
161 221
96 104
8 209
164 183
226 73
94 54
11 20
78 102
84 66
224 197
90 202
59 227
73 161
149 29
90 7
98 220
124 153
149 228
52 146
134 149
118 5
50 121
164 31
159 190
118 101
152 200
126 206
3 219
151 12
100 30
197 222
121 110
66 128
16 86
202 221
225 8
73 62
187 32
96 3
1 126
14 106
227 9
167 158
106 190
56 79
133 141
198 88
208 92
130 216
22 124
173 43
125 120
90 196
161 24
205 159
178 200
225 182
201 93
121 25
95 56
229 99
214 206
145 201
96 212
134 115
81 56
45 121
68 197
80 198
126 87
94 68
173 142
228 61
117 26
145 167
32 94
98 45
42 129
197 150
139 5
137 23
26 157
228 173
69 50
196 83
76 119
208 147
179 220
137 19
26 125
80 67
136 49
193 166
56 187
107 218
128 215
61 1
164 77
163 195
125 91
137 220
226 127
112 117
223 53
26 80
23 144
13 89
52 80
182 154
40 54
219 225
90 37
69 160
198 208
45 173
7 129
41 150
13 29
115 69
15 173
90 98
205 14
42 110
155 48
57 224
208 195
55 16
135 155
64 87
42 116
8 118
3 147
87 173
125 33
7 118
148 143
113 148
193 175
47 120
101 87
88 132
219 142
136 31
206 189
33 93
45 155
99 213
141 70
80 154
183 50
26 43
165 32
123 141
36 66
206 218
51 69
217 89
129 103
183 108
213 66
176 46
24 19
55 219
113 182
167 202
9 43
2 13
103 95
23 134
52 3
161 102
153 219
11 13
93 98
121 70
182 188
121 112
5 56
125 181
91 111
28 141
227 148
218 21
213 141
201 117
74 147
136 147
111 32
175 144
92 214
45 101
26 111
199 57
100 221
33 34
157 98
206 204
54 181
213 21
155 160
173 141
73 11
134 95
70 162
32 160
129 120
51 32
149 173
18 154
21 99
223 121
211 173
161 167
131 133
4 25
217 220
144 50
32 114
189 114
223 166
176 112
42 55
178 154
120 96
221 70
123 116
18 82
228 50
180 29
135 150
10 185
186 128
10 201
15 58
176 99
195 113
62 177
20 12
82 19
2 1
54 115
144 54
55 33
5 109
180 35
202 109
18 98
29 65
3 61
103 137
165 80
164 47
160 172
122 60
18 39
170 16
138 48
180 13
93 28
177 167
110 146
27 52
144 190
85 15
185 108
219 204
17 93
81 132
100 212
209 199
204 110
58 193
151 106
63 95
83 33
95 218
8 169
7 6
217 41
159 20
50 26
126 10
4 115
15 194
160 188
89 111
96 158
79 142
198 133
186 216
163 115
191 50
60 55
73 132
227 92
24 99
223 159
7 98
39 62
188 174
70 124
217 65
59 81
229 184
142 9
163 215
43 186
227 88
68 101
216 138
51 95
60 212
25 225
177 215
110 162
156 10
167 7
146 83
162 90
9 30
173 42
129 48
193 174
109 55
191 147
107 207
24 125
82 170
162 47
125 111
90 35
141 52
130 111
44 22
85 187
27 109
18 225
225 32
83 39
136 158
173 129
147 26
129 49
193 215
106 207
35 112
167 51
138 68
146 34
54 154
21 60
157 142
154 218
200 171
201 70
208 184
2 63
165 14
172 212
217 114
143 177
136 131
30 38
172 210
85 143
210 143
203 204
101 212
129 68
170 101
202 206
113 35
227 17
80 206
165 160
152 178
190 105
1 35
204 39
165 100
20 71
61 5
105 224
213 163
43 195
217 62
181 228
89 155
92 227
63 214
45 150
206 109
19 105
15 80
218 70
199 34
130 185
67 129
227 112
93 58
219 155
61 180
28 222
165 180
187 7
191 65
75 175
79 69
119 190
31 93
34 137
61 197
1 77
57 132
175 224
190 153
118 154
146 114
7 164
208 174
201 5
48 44
86 72
176 153
58 16
123 206
221 226
117 168
159 124
3 38
40 141
213 145
56 177
174 138
92 110
197 13
198 106
186 167
103 180
140 198
12 52
134 28
157 125
194 92
185 111
140 127
193 76
155 183
196 21
158 61
52 176
5 81
161 114
22 136
90 139
29 194
78 127
77 52
39 229
217 218
114 47
54 42
9 159
110 132
217 150
22 149
98 150
110 34
140 212
99 65
163 171
79 149
56 209
27 197
78 34
158 104
197 162
86 63
200 26
62 124
25 57
26 25
178 162
147 79
123 21
194 20
205 36
119 108
203 24
22 87
131 93
64 208
205 120
42 169
59 103
204 46
40 134
140 138
83 224
203 63
210 151
19 114
46 64
1 58
74 28
216 136
144 9
144 214
26 93
160 100
6 30
84 179
192 170
54 209
228 111
99 12
147 78
4 51
222 163
73 138
86 143
221 15
207 217
215 41
94 167
4 180
40 30
205 49
201 64
122 95
173 95
228 184
56 9
209 31
177 103
143 5
34 54
135 179
224 184
179 37
79 145
109 212
219 5
34 211
179 55
14 216
143 43
92 2
179 167
26 174
133 114
119 131
25 100
46 192
193 213
26 84
171 178
69 137
134 225
162 89
155 206
3 51
26 130
14 198
79 12
146 187
130 192
82 53
57 221
182 169
112 222
95 153
213 118
212 1
1 224
185 220
119 62
157 88
72 39
213 195
152 47
74 30
100 58
212 29
179 89
115 94
137 198
71 170
64 7
80 113
81 197
15 161
35 217
87 1
180 57
122 153
199 154
3 228
149 23
139 89
90 96
2 212
2 17
221 21
48 121
54 203
113 201
18 170
133 180
17 75
162 84
222 180
119 58
127 195
64 63
181 225
121 30
23 217
43 48
88 194
167 147
175 66
65 142
59 30
104 160
64 30
69 172
182 216
104 150
141 22
30 170
103 215
153 52
65 218
47 64
200 11
9 160
71 105
196 63
206 14
201 222
217 223
5 143
163 229
5 155
208 220
162 177
134 123
131 200
25 118
122 152
54 77
182 117
47 174
69 75
61 87
9 140
30 13
191 90
180 14
25 83
70 21
50 69
31 17
37 196
89 131
143 10
69 112
128 227
44 82
43 25
67 35
185 106
40 88
95 60
183 141
68 177
179 113
98 29
49 142
139 11
49 27
101 155
217 162
57 35
223 186
105 122
28 180
214 9
159 213
132 165
120 146
121 82
152 104
151 210
28 181
132 199
194 211
162 66
110 80
202 48
118 183
210 112
100 89
148 185
44 133
102 216
9 118
198 87
206 152
195 30
225 48
222 13
189 89
227 76
56 47
184 67
215 29
31 59
112 75
196 104
33 110
76 56
52 127
53 141
124 19
222 195
199 130
42 174
21 94
153 191
135 120
135 171
112 98
30 190
67 8
217 81
189 101
37 223
145 142
17 147
9 170
59 211
183 109
177 10
150 124
167 105
202 100
121 177
192 227
25 43
222 77
169 61
141 168
194 174
64 61
208 69
126 196
144 55
174 143
225 178
145 143
90 26
120 166
154 212
128 155
26 17
194 14
30 195
201 146
118 194
191 139
198 159
14 157
10 227
42 19
176 136
218 207
44 203
177 217
50 85
153 79
96 44
138 104
26 23
193 70
219 8
85 50
63 226
12 224
218 87
101 85
164 158
98 53
29 8
86 131
55 188
74 37
208 225
103 68
71 208
224 214
227 152
91 185
103 76
48 219
216 68
90 112
178 81
87 78
174 162
90 99
116 122
45 46
47 222
3 227
6 209
65 140
199 204
186 73
157 113
168 166
102 141
21 114
89 120
191 182
103 154
218 197
25 143
121 203
64 109
64 120
222 85
215 102
7 229
209 115
46 6
35 26
129 101
55 50
30 15
202 195
154 88
154 145
88 158
219 18
186 79
19 192
113 209
30 101
28 194
228 10
77 7
189 118
17 19
78 67
80 184
227 185
1 122
25 27
212 22
203 25
176 49
185 75
174 197
125 45
53 187
148 47
106 20
86 25
61 215
221 32
181 144
101 39
48 32
222 119
62 67
151 162
48 146
224 147
59 12
6 155
143 100
167 221
225 81
17 61
100 54
111 168
158 91
181 166
77 6
90 118
222 118
198 101
217 96
98 199
146 41
154 59
184 38
167 222
10 12
144 5
86 56
72 156
98 172
127 10
32 152
128 52
156 205
134 9
26 10
51 144
83 55
66 51
73 43
72 67
101 3
40 173
149 45
87 47
170 222
222 93
182 199
12 138
119 25
130 173
88 97
193 47
137 55
143 170
127 134
54 3
160 182
68 105
82 28
160 129
216 200
40 131
211 151
41 16
55 72
139 72
22 177
35 108
107 54
198 171
80 145
36 85
66 223
34 191
99 212
22 20
105 13
140 210
116 85
151 145
146 10
141 209
4 35
117 192
132 225
195 104
214 132
44 42
164 157
153 208
181 107
77 222
99 26
10 35
167 190
140 147
55 110
29 191
84 141
131 153
180 224
22 82
67 99
52 216
126 228
170 21
70 157
167 127
44 64
153 67
40 26
214 157
145 63
159 91
158 37
94 14
191 89
79 15
140 163
190 219
210 66
2 15
195 84
118 23
183 207
186 51
17 55
58 27
45 195
161 186
73 23
191 129
81 42
88 146
26 146
94 111
111 180
182 212
15 216
217 45
151 197
97 100
126 46
145 100
15 77
190 88
112 134
192 164
227 98
138 8
170 86
85 65
189 27
155 221
225 12
212 64
216 89
179 188
163 16
7 105
190 78
216 23
186 41
52 34
35 221
25 172
131 139
200 69
43 191
200 229
221 213
105 219
29 179
13 14
53 161
80 7
229 97
81 34
68 110
80 202
135 54
85 177
75 156
159 162
192 66
196 12
173 76
43 200
75 143
191 134
199 159
161 92
2 80
92 176
95 165
199 162
102 93
188 149
64 164
204 146
8 211
168 182
86 186
198 130
28 112
61 34
79 174
46 169
212 180
229 163
169 10
127 130
130 167
228 137
134 41
49 84
164 25
149 3
160 195
30 191
173 79
136 63
130 70
55 176
14 16
192 136
38 206
173 214
102 193
22 63
199 216
166 220
147 11
120 15
124 29
202 214
1 182
210 25
109 174
74 212
172 137
56 185
101 104
54 29
79 184
210 21
152 130
6 128
107 73
