39 895
20 2
23 21
32 13
15 12
31 17
13 21
20 32
39 24
22 12
25 8
5 29
39 25
11 26
38 37
11 21
17 33
15 31
5 32
14 36
14 16
38 27
11 8
37 2
26 6
15 32
30 36
36 13
9 37
13 25
18 16
3 32
4 33
8 38
2 1
29 21
36 21
6 25
33 8
19 31
26 39
3 23
17 12
12 17
8 36
35 21
33 26
37 32
29 33
14 30
32 35
18 8
18 37
8 4
35 33
1 34
31 1
32 24
30 4
1 32
14 7
22 1
1 20
3 8
11 2
8 20
25 6
2 17
30 29
5 24
26 9
34 35
32 6
32 14
17 10
37 29
5 10
13 7
1 29
38 5
16 37
16 1
37 9
7 2
18 5
8 9
24 6
1 12
2 7
19 5
11 33
30 35
4 27
12 29
32 22
22 11
5 30
25 18
31 29
33 19
25 26
8 18
39 9
3 24
9 11
25 35
26 5
27 1
34 31
25 10
37 1
14 33
39 33
38 25
35 39
9 17
1 11
35 14
3 21
29 22
36 39
36 2
33 34
18 22
8 14
15 9
34 14
36 1
6 3
13 14
1 14
14 35
17 38
31 30
18 17
30 27
17 1
33 38
27 7
15 17
7 28
11 12
7 19
37 16
36 34
34 36
2 35
13 4
32 16
8 29
17 6
33 36
12 15
39 32
6 27
36 24
6 13
13 12
29 26
24 36
4 19
7 17
37 18
2 21
32 11
5 7
38 2
14 19
2 10
27 22
6 22
36 15
32 8
5 33
29 34
27 6
7 8
10 23
7 11
15 21
2 12
15 14
19 12
20 22
30 14
39 19
16 38
6 23
18 32
39 8
29 28
9 7
30 1
12 36
38 1
8 39
35 27
32 9
23 7
2 19
13 15
12 31
3 33
28 4
14 38
35 17
14 34
12 22
20 34
37 7
2 16
35 13
4 39
25 30
26 2
33 23
39 10
7 14
17 7
10 30
30 6
10 38
7 33
5 37
38 21
31 6
4 36
3 4
28 9
3 11
20 23
8 21
23 36
10 11
22 31
1 23
14 17
32 31
10 35
33 30
18 13
6 10
19 9
22 32
13 37
38 30
38 36
26 34
24 20
12 20
3 37
16 13
14 10
15 25
18 1
21 29
26 15
16 22
29 12
8 30
9 4
32 12
11 22
22 17
2 5
15 8
22 34
4 8
33 2
5 6
38 24
33 10
1 19
3 6
30 39
28 16
22 39
11 27
26 8
35 37
34 2
29 4
39 28
5 19
4 35
7 4
25 36
20 8
32 25
17 35
35 3
8 3
3 19
37 39
10 36
5 23
7 34
20 3
8 22
28 2
19 38
12 33
38 11
6 15
23 14
25 3
28 37
14 28
17 18
31 12
37 38
34 24
36 14
27 21
18 25
10 18
36 38
14 3
29 18
11 39
4 20
15 30
13 23
31 4
13 18
14 4
27 32
27 34
11 3
31 23
27 25
34 25
22 25
27 24
16 26
4 17
31 28
10 28
5 21
18 21
20 21
20 29
33 7
2 18
2 34
31 21
21 17
33 15
7 1
38 10
17 24
15 13
37 25
6 11
29 6
1 9
34 19
35 24
5 13
23 39
9 13
10 8
20 19
25 7
8 25
10 24
35 7
36 19
4 32
35 8
21 3
19 21
27 17
9 26
18 15
2 20
14 11
3 13
33 16
26 10
16 24
20 26
10 31
3 9
30 8
15 39
20 13
23 24
6 1
25 24
39 21
23 25
10 14
38 7
12 24
27 30
6 7
12 38
25 39
16 39
14 25
24 5
32 2
8 11
3 38
1 5
2 11
5 12
33 24
27 9
30 21
39 16
37 24
17 26
33 18
22 38
4 11
33 14
23 11
4 15
36 23
37 10
39 36
18 33
32 26
6 21
31 13
23 33
12 10
30 34
39 17
20 39
24 25
12 16
39 6
34 29
34 1
6 12
30 3
15 19
38 29
6 16
15 37
12 1
30 9
20 12
22 20
3 25
19 18
30 16
26 32
38 31
13 35
12 25
20 31
37 8
37 31
21 10
17 39
35 18
4 25
29 14
4 1
20 11
38 6
38 33
39 38
29 31
16 29
21 24
5 39
20 7
27 23
3 17
3 18
28 14
20 35
17 16
20 36
14 9
32 19
3 30
13 36
4 9
31 10
23 29
8 1
31 33
7 20
25 27
17 11
9 18
6 5
9 10
32 7
35 28
21 14
5 20
8 15
9 15
31 25
1 13
2 29
7 10
34 4
21 9
29 17
38 4
35 6
12 4
9 8
1 2
16 3
20 1
31 16
11 7
6 39
11 13
19 23
35 29
10 19
22 27
6 28
26 11
17 30
8 5
22 18
20 38
7 21
11 37
24 38
1 8
24 19
31 39
7 15
8 17
1 10
15 2
34 10
11 4
3 31
24 3
25 11
19 2
2 37
11 24
18 36
26 14
28 12
28 36
28 21
17 32
27 5
39 27
19 32
33 28
36 32
21 11
34 18
2 32
27 36
28 6
31 38
29 32
39 3
36 28
34 23
7 3
16 11
34 30
23 27
20 24
6 36
26 36
35 4
2 38
4 24
31 34
8 13
24 17
5 25
26 3
18 4
39 29
32 30
37 33
38 15
1 21
24 1
17 8
23 9
34 37
25 34
31 11
14 27
30 7
28 13
6 9
19 13
5 28
11 28
15 28
15 11
36 5
9 33
18 29
23 31
19 22
30 38
8 7
32 38
7 31
25 16
12 27
10 20
17 9
7 22
36 4
7 30
22 19
34 22
28 33
9 31
38 23
9 27
7 23
9 35
29 7
5 18
35 2
34 12
29 37
19 10
22 9
23 8
16 17
18 20
27 19
29 1
10 15
13 33
24 35
4 7
26 7
24 2
24 23
36 20
23 16
21 26
35 16
28 19
14 8
14 39
34 11
17 5
19 25
8 19
22 6
38 12
37 21
39 34
4 30
18 30
27 28
23 2
33 39
28 3
1 15
6 35
2 3
14 12
1 3
5 9
13 6
23 3
39 20
22 4
38 28
28 5
12 35
25 20
15 24
29 8
25 37
37 3
4 34
4 16
8 24
17 14
11 9
33 35
17 4
7 6
39 31
16 30
23 30
28 24
27 4
26 21
16 21
35 22
20 6
5 34
5 31
1 35
12 26
13 26
21 27
4 28
2 23
19 16
27 16
26 38
30 24
29 38
29 3
6 20
9 23
16 10
12 13
20 37
21 1
7 24
32 23
9 38
9 29
6 33
28 20
16 25
6 4
38 26
36 17
39 13
14 21
30 2
6 8
21 31
23 10
16 12
23 13
20 5
32 4
19 24
10 1
39 22
36 29
8 26
1 6
23 35
2 36
31 20
18 34
21 16
5 17
3 26
4 29
33 3
16 27
2 22
37 26
20 16
6 2
26 33
14 29
22 7
32 20
18 11
23 26
23 12
9 19
15 16
26 24
31 36
24 27
29 15
33 13
31 27
34 33
27 31
36 27
16 15
34 32
31 18
16 2
13 2
25 12
6 30
21 6
4 22
36 22
3 10
22 23
30 31
37 4
36 9
24 29
35 15
27 13
25 14
30 11
34 15
24 31
1 7
29 16
19 20
5 1
37 6
9 12
12 37
6 37
14 37
11 20
15 38
13 17
21 12
33 5
12 39
25 28
17 15
36 8
28 22
18 10
11 10
24 39
11 30
36 35
11 25
11 19
21 34
22 16
21 8
13 16
10 12
14 1
3 5
7 26
13 11
3 29
11 1
37 34
7 27
33 4
12 34
19 4
27 14
34 38
26 30
17 25
9 34
39 7
4 18
13 22
15 5
4 5
24 32
39 1
22 10
36 12
21 22
19 29
27 26
38 35
6 38
9 36
28 15
1 33
28 29
27 33
2 6
34 21
23 1
10 37
39 26
28 7
24 16
37 35
32 39
16 34
35 30
15 33
21 20
35 10
29 27
28 25
17 3
37 36
31 2
12 28
1 39
23 37
8 32
26 28
18 19
21 38
26 37
25 1
