21 418
9 7
2 6
2 4
6 14
10 7
16 7
5 16
17 4
7 2
21 13
18 9
5 4
9 4
5 7
2 17
4 9
7 17
18 10
17 19
8 13
20 10
12 21
12 9
19 8
19 1
1 2
7 11
2 3
13 8
4 19
20 11
21 16
20 15
9 8
21 10
20 9
17 15
15 8
12 3
8 3
18 3
8 9
17 2
16 1
16 15
19 11
10 17
14 16
12 20
15 20
13 14
1 21
9 21
15 11
17 11
11 4
12 6
8 5
21 1
18 16
14 9
1 16
7 9
14 6
16 4
21 3
6 21
16 17
11 7
14 4
13 10
11 13
1 3
18 7
17 8
17 9
4 17
14 7
9 14
11 3
17 6
15 10
4 7
1 20
16 11
8 2
3 14
13 16
9 19
6 9
1 10
16 13
20 19
19 21
5 17
17 14
10 21
12 14
16 9
4 3
11 15
5 2
4 16
19 14
14 12
8 21
13 19
8 16
21 18
4 8
1 18
10 13
7 6
7 16
7 21
6 3
11 10
19 17
7 12
6 11
4 5
11 19
2 12
13 9
9 1
5 8
18 21
2 7
18 2
18 13
14 11
11 16
7 8
7 1
20 13
7 18
13 18
3 12
10 15
10 19
1 8
6 13
15 17
3 8
16 20
17 7
5 21
9 20
18 14
15 18
16 14
19 13
12 15
12 19
2 20
20 18
5 13
12 7
14 2
13 15
13 3
20 8
21 5
4 14
6 18
8 6
1 7
13 12
10 9
10 8
5 9
19 10
15 6
16 6
2 14
9 16
8 10
5 20
12 1
6 16
10 6
16 10
3 18
7 4
20 4
1 6
1 5
20 3
17 18
6 4
21 19
8 7
10 3
18 1
7 10
16 19
15 3
8 14
10 1
4 18
20 14
7 14
17 5
3 19
6 8
9 6
3 10
19 20
16 5
13 5
18 8
5 1
20 17
13 21
2 21
7 20
10 11
13 6
2 18
4 2
21 15
5 19
20 5
19 2
2 10
17 20
4 6
17 3
12 10
11 14
19 5
11 8
5 12
6 19
11 21
18 6
4 12
19 6
7 19
1 15
9 5
20 1
10 16
10 5
21 17
12 2
19 9
17 12
4 10
11 6
15 21
10 2
2 13
9 11
21 11
6 5
2 16
12 17
3 16
4 20
14 17
3 20
13 20
12 5
15 13
3 11
1 19
9 3
11 5
11 12
21 7
4 15
10 18
1 9
9 18
9 13
15 1
13 7
14 10
14 20
8 4
8 12
1 13
2 1
6 7
19 12
17 16
12 11
20 7
12 8
3 7
11 17
15 19
16 18
2 9
5 3
1 11
11 9
3 13
6 17
1 14
7 5
4 1
9 15
3 5
4 13
18 12
12 16
18 15
15 2
8 18
1 4
16 3
14 15
12 13
14 3
3 15
15 9
11 20
5 11
1 17
14 8
15 16
17 13
19 4
7 15
14 21
14 5
5 18
5 15
13 1
3 21
10 12
6 2
19 7
11 2
16 12
8 11
1 12
20 6
12 4
5 6
9 12
21 14
9 10
17 1
11 1
8 15
2 11
18 20
13 11
3 6
2 8
13 2
5 14
21 4
18 19
10 20
6 15
3 9
18 4
15 4
6 20
16 21
15 5
12 18
20 12
15 7
21 6
4 21
16 8
2 15
18 17
3 4
18 5
11 18
7 13
18 11
19 16
21 20
15 12
21 12
14 19
13 17
5 10
9 17
2 5
6 12
20 2
20 16
7 3
4 11
20 21
3 17
21 9
21 8
6 1
15 14
19 15
16 2
2 19
21 2
3 1
14 18
3 2
8 19
13 4
19 3
8 1
14 1
8 20
19 18
17 10
8 17
10 14
17 21
6 10
10 4
