32 660
10 17
32 9
29 6
20 7
17 14
30 7
8 9
2 26
9 24
7 22
28 4
27 19
17 23
12 14
25 1
15 9
11 21
28 9
1 9
16 23
24 26
9 32
20 5
14 21
25 15
5 12
19 31
27 29
15 30
32 5
32 30
8 6
27 16
11 5
27 12
5 11
30 13
23 5
5 18
24 31
21 30
32 26
22 11
22 8
12 11
11 24
25 4
12 30
11 15
21 4
6 23
29 16
4 8
5 7
23 12
4 21
11 29
15 24
31 8
24 29
5 16
31 18
18 19
31 32
3 13
24 20
15 31
1 7
11 23
29 17
26 20
31 6
10 20
24 22
32 20
4 3
14 23
3 1
3 25
31 27
4 11
10 31
18 30
13 12
3 15
22 14
7 28
18 5
8 16
28 16
1 26
2 6
1 14
2 20
10 9
3 12
2 16
11 1
19 9
7 14
12 31
6 16
30 2
31 5
6 25
26 15
30 10
27 23
27 7
12 32
8 24
22 1
15 5
31 24
10 1
4 18
2 31
10 3
13 29
24 15
22 5
18 22
28 25
19 28
2 1
29 25
17 25
12 29
28 15
21 9
24 23
17 1
32 8
27 15
17 29
19 32
15 21
31 19
3 20
11 30
1 2
20 14
17 31
12 13
2 5
9 18
18 7
19 4
16 4
5 8
10 27
28 22
16 20
19 29
21 27
9 10
4 25
14 18
4 31
30 16
20 27
28 3
24 28
15 14
31 25
3 10
28 14
5 13
21 2
10 16
23 26
13 18
20 22
11 22
7 16
18 11
31 30
20 30
1 3
21 29
3 18
27 4
24 10
13 20
16 26
1 21
20 12
18 14
15 29
11 18
26 3
7 8
6 30
31 2
12 6
2 29
21 1
24 13
19 11
12 28
17 19
24 19
7 29
16 3
8 28
26 8
32 21
19 17
29 8
6 13
10 29
25 11
15 2
22 3
16 32
29 19
11 19
13 7
32 11
15 19
15 16
1 11
14 13
12 24
20 10
15 23
22 23
12 16
21 6
17 13
19 14
19 30
3 22
20 23
24 14
9 25
13 30
4 7
16 5
23 25
4 13
18 16
4 10
9 31
16 14
13 5
1 5
3 11
11 7
17 15
27 32
11 12
32 1
1 24
26 17
4 29
17 12
14 24
10 28
8 10
3 4
9 12
31 10
10 18
29 18
29 22
12 20
25 17
21 31
22 25
13 15
29 12
26 22
1 20
3 8
5 25
3 28
28 26
23 24
25 24
17 26
10 22
7 12
20 11
15 22
10 6
32 18
24 16
24 7
26 14
25 26
21 11
12 8
26 9
14 8
20 13
15 25
23 1
20 17
21 32
27 25
1 13
28 11
16 28
18 23
1 12
10 32
13 21
1 15
20 19
21 16
12 22
26 10
11 14
22 26
7 13
29 30
12 9
15 12
25 27
14 15
24 27
19 18
16 18
26 18
6 32
8 14
30 19
11 25
18 13
12 2
25 14
2 7
24 21
30 29
15 27
32 17
18 10
32 24
6 22
31 13
15 18
3 19
23 19
23 18
7 20
13 3
19 27
22 10
16 6
26 4
3 17
29 20
7 17
29 13
24 5
28 5
1 28
28 2
26 5
15 10
17 8
2 9
25 22
1 23
32 25
27 17
25 32
15 11
29 7
13 23
3 14
10 24
19 24
27 5
11 32
27 31
14 29
23 30
23 16
18 31
13 10
3 26
9 6
15 7
29 5
15 32
16 29
10 12
6 12
30 15
25 18
10 14
23 21
20 8
8 32
14 22
28 6
7 21
6 20
21 5
27 30
27 28
18 25
12 4
30 31
11 17
8 12
1 25
16 17
10 8
5 6
3 23
31 17
21 12
1 18
15 13
21 7
2 15
32 14
11 16
7 5
17 30
13 24
2 13
13 11
9 21
3 2
23 22
5 29
22 13
14 1
15 28
10 11
31 26
28 23
23 28
23 11
8 20
9 8
22 9
22 31
18 6
16 7
31 20
7 19
15 20
30 22
17 20
21 19
22 2
11 31
2 23
26 24
5 21
18 1
13 25
15 6
27 3
24 32
26 23
31 9
27 26
6 15
20 6
22 12
31 16
14 26
4 19
18 2
20 1
32 12
25 29
32 15
19 12
9 11
26 16
15 8
3 29
21 14
30 1
25 13
7 24
18 26
15 26
10 15
14 32
19 7
12 5
17 24
2 32
9 16
16 15
25 5
15 17
12 19
15 3
25 10
10 25
9 14
6 24
30 6
18 15
32 19
2 30
12 25
8 5
4 23
6 5
26 13
5 19
32 6
3 31
5 26
11 13
32 27
26 12
3 32
14 17
2 19
29 24
24 6
6 21
9 7
2 22
17 16
8 17
11 20
8 15
29 28
3 27
16 27
10 2
6 10
29 2
22 16
20 2
26 27
13 26
16 19
32 3
6 31
9 19
18 8
11 26
27 6
4 6
2 18
19 13
21 3
14 19
4 9
22 15
6 29
7 11
11 3
1 16
26 11
4 22
5 17
3 6
18 21
5 9
7 31
16 1
6 1
9 1
32 2
4 15
29 27
23 27
3 16
19 16
19 5
17 10
26 21
2 21
13 14
24 30
5 24
23 10
16 13
1 31
32 16
6 4
31 21
21 22
24 8
4 30
9 26
29 1
9 15
29 10
19 3
19 20
23 31
3 7
26 6
7 27
20 4
5 2
16 12
6 26
32 13
27 22
26 31
28 18
7 23
31 7
16 9
21 20
1 19
32 28
25 2
18 9
27 2
7 26
18 3
19 21
4 12
11 9
14 7
16 8
8 22
1 17
6 11
18 28
12 17
17 22
21 10
24 1
31 29
30 23
13 2
24 9
32 10
11 4
1 32
2 10
28 8
26 19
7 15
28 20
6 7
27 18
30 18
32 22
4 17
12 10
18 29
10 21
9 22
7 2
5 23
8 3
4 5
26 25
25 8
25 21
24 11
