300 9478
229 4
273 9
153 220
33 126
101 213
171 3
94 256
271 84
97 191
61 258
151 154
256 11
205 295
226 154
65 113
172 222
83 160
43 294
239 74
287 25
270 85
125 162
212 129
199 69
76 243
232 300
11 253
49 239
229 35
56 28
279 196
293 224
71 267
52 152
204 222
260 37
51 87
183 109
106 98
51 155
278 84
3 267
69 139
16 243
212 200
157 231
283 27
100 6
122 102
130 243
254 231
119 61
78 21
259 143
196 71
10 85
161 34
20 194
202 3
36 276
168 190
5 131
269 40
55 6
55 250
151 163
112 274
88 152
269 223
47 217
54 248
4 151
73 129
30 216
158 72
115 45
70 25
85 246
265 219
274 182
114 217
30 220
263 26
80 99
250 162
261 23
229 223
72 193
47 100
98 75
177 233
56 198
30 65
292 155
119 102
104 182
31 17
179 197
244 23
74 54
29 161
148 45
62 118
19 240
291 280
193 247
74 266
15 215
204 196
237 299
243 281
136 106
199 116
103 51
276 253
242 122
42 77
102 288
290 109
107 206
258 287
273 114
120 207
96 233
156 68
56 195
126 233
58 11
97 216
156 88
202 246
21 57
21 13
111 262
27 293
223 197
27 104
104 2
190 245
296 235
282 80
234 220
178 201
214 252
33 37
101 10
59 52
118 73
55 102
197 53
31 281
300 208
130 248
57 282
241 283
6 289
275 273
82 17
16 273
115 85
107 153
137 42
241 265
151 270
58 228
129 221
164 35
63 45
129 102
115 293
166 79
134 77
15 151
211 101
161 58
263 274
95 247
166 216
250 234
149 283
169 288
130 93
297 175
55 85
138 135
55 248
253 106
259 170
208 292
278 165
36 40
130 155
158 50
277 291
270 30
273 100
167 232
184 122
158 294
137 127
2 235
49 206
121 68
155 276
288 154
141 110
119 124
147 64
42 234
187 299
256 13
206 96
61 70
160 242
121 116
69 20
245 273
236 299
96 165
75 52
296 179
25 208
222 38
186 228
138 237
171 220
84 7
124 48
284 183
133 110
175 290
1 54
80 76
57 27
104 79
78 86
298 56
279 266
256 187
240 279
104 248
34 14
39 113
252 124
34 205
63 215
148 211
300 111
73 12
145 214
10 125
231 197
7 42
147 25
112 225
224 23
184 195
74 264
161 223
39 73
193 86
169 292
155 194
40 169
144 239
158 94
127 139
151 184
229 131
277 192
14 176
50 286
58 139
197 109
232 9
287 182
47 296
200 241
176 276
200 207
181 267
130 182
238 101
244 131
194 73
13 187
86 110
90 107
191 175
34 272
102 164
54 115
215 130
190 86
275 227
85 229
65 271
5 130
218 56
296 2
278 79
100 282
124 133
61 267
145 52
242 178
119 252
134 161
173 147
81 237
149 84
183 64
109 99
222 7
190 266
27 2
273 170
61 124
253 88
258 60
23 145
237 217
226 30
30 171
124 161
37 192
131 275
139 52
264 64
275 98
263 46
263 225
220 254
12 71
56 96
30 57
223 28
169 41
248 40
9 258
76 175
211 4
251 222
38 105
153 21
51 189
254 262
285 252
122 178
185 47
298 138
211 18
269 103
268 88
24 246
70 177
243 265
51 43
113 5
238 146
288 278
129 41
95 202
77 39
122 230
81 102
113 67
175 7
145 114
153 12
70 185
105 108
119 260
82 223
6 76
197 48
205 188
193 237
98 43
59 90
284 211
255 106
239 233
173 209
140 18
192 4
134 179
199 168
51 298
147 75
85 92
162 225
197 277
271 105
95 79
32 78
176 187
239 243
291 247
281 130
13 26
218 52
33 266
55 124
284 5
62 280
126 244
66 115
139 155
40 90
299 276
135 126
34 137
193 167
197 245
88 240
56 34
62 153
57 128
264 113
72 104
245 300
200 42
203 74
147 226
141 150
132 70
107 30
54 212
166 167
37 87
153 38
40 202
109 49
73 112
85 72
71 153
99 81
95 192
214 204
176 75
33 91
84 167
270 3
48 265
197 86
296 249
61 255
72 91
294 73
192 165
6 32
45 206
187 298
90 75
286 227
280 25
80 141
186 159
211 269
285 10
82 237
41 132
98 232
167 216
26 185
265 146
204 212
93 196
61 123
94 261
289 170
9 114
56 211
262 292
23 39
209 204
185 100
165 47
230 117
4 266
32 209
48 59
249 288
216 41
77 92
121 21
2 57
221 208
23 42
272 125
201 230
58 97
158 91
6 134
293 183
227 264
196 229
149 196
119 177
236 271
292 273
50 268
210 165
224 150
125 300
152 27
129 184
66 15
222 47
230 134
281 176
92 258
294 290
133 266
33 129
11 277
37 47
233 264
263 65
60 284
44 107
67 113
75 131
268 34
116 111
125 278
176 134
216 276
3 19
215 164
288 158
296 216
292 73
50 48
55 209
111 190
262 118
184 103
279 30
144 52
145 159
253 134
273 52
281 274
174 212
163 266
246 227
76 82
62 107
18 44
62 81
264 97
274 69
235 121
62 166
191 75
31 119
292 198
13 275
110 169
199 210
41 88
61 101
61 189
25 98
272 52
26 110
143 196
300 9
85 263
59 205
295 30
232 276
181 102
246 113
232 80
154 199
30 271
56 63
21 4
211 13
296 125
145 242
104 63
100 33
217 74
38 293
66 165
263 133
8 207
142 188
40 236
196 73
281 189
144 33
99 244
195 200
110 182
154 251
292 218
11 1
163 185
96 141
160 125
112 14
50 36
12 267
131 43
235 19
106 33
255 259
56 135
286 123
255 67
13 133
18 50
68 277
131 96
188 38
271 136
156 255
54 10
16 263
97 142
145 260
163 61
106 243
222 278
22 184
250 150
226 50
187 210
101 200
290 158
5 212
146 225
288 223
271 279
152 111
178 21
223 287
115 60
175 155
181 246
299 110
30 140
161 38
153 291
74 87
194 187
281 77
90 227
104 125
56 210
117 59
124 232
279 19
280 219
78 72
38 270
263 208
92 238
173 155
149 256
253 127
292 216
195 101
60 53
195 59
259 211
89 288
37 207
217 171
220 162
202 66
64 142
116 20
120 119
7 261
14 160
5 18
96 122
40 39
107 197
208 3
131 97
108 270
229 108
237 186
287 153
251 35
260 84
127 207
146 236
135 175
238 180
224 207
223 119
287 142
83 264
300 56
248 94
66 110
160 236
138 274
153 290
23 240
234 255
227 250
209 141
181 8
179 177
65 101
84 76
116 237
292 142
257 73
186 259
85 274
157 229
248 297
221 284
250 257
43 86
10 241
147 195
206 2
163 2
53 287
143 273
235 192
41 98
219 249
167 10
208 186
37 14
296 213
62 122
217 229
75 68
95 293
21 261
74 55
283 245
252 51
225 275
69 253
120 159
106 246
79 26
57 268
279 86
261 263
161 15
186 132
111 203
33 178
214 271
278 168
207 16
156 141
293 31
129 228
240 233
191 252
30 11
273 249
149 171
279 13
294 237
250 12
112 123
25 177
66 174
57 170
233 295
62 155
79 183
240 228
55 11
19 223
134 52
119 283
172 84
149 280
109 67
291 216
224 283
164 43
47 181
98 228
34 258
198 202
123 155
268 112
252 261
269 117
251 293
126 273
188 242
6 122
263 84
139 216
177 282
215 49
57 242
208 5
21 93
86 271
43 272
24 211
153 72
70 99
57 95
126 289
78 4
141 297
271 152
228 5
86 200
103 37
261 221
158 296
186 68
108 281
25 266
215 287
73 204
246 250
168 164
37 180
252 215
137 21
78 293
74 240
262 88
46 83
197 177
277 55
257 69
211 270
45 21
236 83
111 86
173 121
76 46
24 168
96 18
191 102
197 107
121 176
128 122
138 45
178 166
287 290
17 255
143 268
211 298
171 1
74 204
79 77
248 39
290 249
268 163
94 247
15 207
74 272
161 274
114 69
6 194
206 299
145 240
119 56
236 106
165 95
93 91
131 15
243 99
67 297
79 37
259 165
12 131
37 153
143 281
152 86
187 162
120 269
119 69
222 111
219 110
285 138
47 71
215 90
164 235
138 156
40 126
271 43
226 163
218 122
76 33
192 55
219 2
32 287
175 215
299 59
65 238
228 221
98 71
120 13
43 48
231 188
159 292
169 105
43 15
26 147
75 237
127 256
10 3
230 233
173 189
110 227
60 231
233 144
265 267
116 128
116 104
118 229
81 122
49 175
130 236
176 280
224 97
267 77
166 264
115 263
234 215
227 192
266 96
180 87
229 275
57 23
4 109
92 241
289 41
96 257
151 277
164 86
107 109
226 31
249 149
249 198
35 8
59 77
193 215
248 260
298 207
274 66
296 118
295 159
60 52
170 286
159 187
273 10
76 161
14 270
59 121
175 133
101 258
168 221
264 275
114 24
110 131
44 58
151 75
220 244
31 210
57 215
227 191
69 67
106 72
34 288
112 278
106 220
175 51
179 278
121 123
40 109
42 160
202 17
176 195
60 121
94 132
31 244
157 37
75 89
196 207
224 67
187 120
61 181
147 120
221 107
15 72
253 291
161 190
191 9
276 242
198 151
84 34
276 170
53 104
214 7
275 179
148 111
19 173
263 167
281 184
152 157
21 121
96 101
154 95
122 196
81 270
251 110
211 33
55 219
259 43
52 9
73 251
142 138
162 267
270 242
106 233
234 262
108 62
297 108
96 172
153 94
169 4
161 300
260 265
20 218
9 176
30 155
211 66
47 206
72 156
109 110
18 208
2 243
48 278
247 280
271 209
80 266
254 71
157 48
223 60
18 13
295 103
108 199
258 39
271 268
132 227
30 236
93 271
101 32
130 165
178 26
121 117
24 227
269 62
3 87
228 214
95 101
232 230
9 60
116 27
14 206
153 186
253 17
96 246
162 276
248 141
54 242
275 4
283 189
283 171
48 57
63 176
200 137
218 288
100 246
219 277
271 164
224 264
44 276
88 8
28 272
32 166
228 41
275 284
98 243
230 56
140 33
144 276
185 218
48 245
170 21
182 105
198 250
257 287
231 34
220 47
75 175
293 44
107 58
233 208
35 171
182 155
212 137
292 208
197 279
223 138
6 176
75 293
13 256
173 283
55 45
231 111
175 255
64 201
164 231
277 116
50 212
57 210
142 61
30 44
187 81
217 192
69 248
274 45
109 75
170 106
31 143
136 287
178 150
57 271
172 257
103 72
56 233
277 202
174 34
86 280
14 246
54 296
268 197
59 294
190 170
36 242
283 143
107 262
56 169
266 31
20 184
204 122
208 238
285 295
272 277
89 29
8 44
177 172
184 250
144 169
236 74
112 126
92 120
195 183
118 279
22 158
255 45
114 23
34 158
237 113
16 90
89 195
57 6
102 272
70 270
7 188
173 294
41 181
264 65
197 131
214 261
269 44
76 22
74 249
5 35
79 227
188 214
12 180
210 129
138 288
49 300
219 91
102 101
54 202
164 300
244 100
273 195
220 55
20 111
55 131
274 8
64 232
249 177
253 55
283 282
245 93
64 244
20 108
112 85
254 31
195 129
140 155
256 238
33 85
65 209
183 212
21 182
39 61
33 56
45 122
52 139
233 202
226 204
127 9
1 33
32 65
131 106
167 82
65 173
237 70
132 43
53 274
27 17
13 71
190 139
231 237
18 224
173 244
46 13
53 194
244 197
209 87
214 212
112 105
297 277
23 280
121 206
110 119
123 31
257 193
90 55
35 37
218 38
94 34
269 37
125 222
180 181
119 166
79 97
203 241
84 138
245 144
184 129
25 142
155 7
208 207
133 65
17 208
21 17
37 38
14 178
280 39
73 95
34 204
261 9
222 73
71 177
74 123
241 67
258 37
95 254
148 283
66 125
294 58
99 19
144 184
290 284
10 48
128 250
151 174
188 197
97 157
132 40
162 151
181 25
148 185
234 260
99 64
244 21
50 189
255 94
269 209
29 182
38 194
226 233
203 284
14 289
25 241
139 174
273 66
150 79
53 224
166 295
51 120
201 138
115 15
270 257
164 251
273 37
160 268
262 264
229 235
26 274
128 226
196 74
61 210
290 254
261 236
237 39
238 229
57 182
175 270
122 96
226 149
52 280
300 242
121 14
145 247
161 299
196 33
152 78
112 157
266 12
115 126
132 114
42 115
165 81
65 192
58 247
137 35
287 40
157 203
151 93
9 280
200 257
74 85
217 251
76 196
190 21
214 226
243 132
174 141
197 253
258 44
80 113
221 6
160 6
47 183
268 169
212 157
253 230
226 205
184 171
111 256
100 253
224 30
61 109
120 106
64 112
282 48
244 144
274 162
19 285
104 251
187 181
125 15
253 132
9 281
141 236
291 56
120 174
284 114
281 63
104 40
133 212
91 288
7 3
94 181
216 28
127 43
48 41
113 13
151 230
17 61
201 29
126 83
83 51
190 71
227 265
239 278
196 197
35 137
168 46
24 62
20 163
97 40
83 113
207 91
112 106
39 262
75 300
87 96
279 7
220 68
96 68
213 93
21 5
71 74
4 230
58 231
212 277
21 1
131 114
290 139
165 67
159 40
127 124
74 162
273 228
127 66
243 51
133 150
289 130
192 181
7 206
70 2
173 102
241 228
50 114
37 264
278 294
100 292
282 290
20 197
260 14
58 43
124 228
192 113
192 27
44 134
98 295
123 75
57 255
21 137
263 293
178 232
73 142
91 170
138 235
247 160
152 5
231 132
109 113
246 229
203 232
161 135
53 245
248 124
84 78
186 196
82 59
5 82
219 95
201 156
259 197
21 224
249 52
145 205
56 95
174 102
192 274
168 47
213 127
97 162
262 79
201 241
295 77
23 56
137 43
163 167
220 143
218 127
165 231
209 161
292 71
32 71
181 28
108 297
71 180
140 177
280 111
217 199
198 296
146 142
203 198
153 273
134 131
192 107
104 213
53 11
9 264
290 69
176 125
153 131
90 142
53 289
255 19
72 46
96 187
211 296
152 213
269 88
239 55
56 203
217 267
115 114
84 173
58 155
170 178
221 286
172 276
45 201
54 172
33 12
136 218
150 90
134 196
172 162
177 288
127 39
97 5
91 153
145 194
200 74
202 272
246 253
87 66
3 62
110 144
164 119
94 117
168 265
199 136
93 261
246 100
216 60
122 60
257 44
168 16
41 48
48 145
58 268
37 97
91 78
289 17
65 119
3 1
132 208
3 280
88 173
193 125
263 181
278 59
138 191
2 154
300 103
56 43
48 95
297 76
53 203
26 246
137 250
145 101
78 55
64 280
257 176
230 74
109 282
116 198
192 151
149 36
25 186
219 177
9 127
28 67
102 224
125 243
99 162
186 166
30 50
116 188
36 132
50 188
133 247
196 217
105 111
60 130
232 289
275 183
24 299
257 54
86 17
51 274
193 214
36 161
22 1
34 68
20 13
39 37
263 1
269 95
288 29
130 265
111 239
124 63
247 143
254 115
134 219
146 138
279 35
1 141
58 266
106 204
136 243
227 102
92 69
282 163
54 224
20 258
55 235
196 271
294 57
256 117
142 6
51 188
88 117
197 191
68 149
90 125
106 268
255 145
274 299
47 199
232 169
252 105
133 68
40 263
143 287
180 299
237 219
57 121
157 149
13 192
53 13
38 208
135 7
188 158
204 132
14 291
288 113
26 220
53 49
2 236
83 146
63 201
251 80
17 247
253 94
68 166
232 294
141 262
178 97
160 246
181 97
44 126
195 226
54 16
170 6
133 124
121 85
31 60
142 41
191 225
166 258
130 96
181 124
282 253
215 208
293 87
43 11
63 146
268 31
60 228
167 179
4 209
178 107
222 183
240 46
232 3
14 239
177 230
188 117
34 268
226 23
210 104
48 248
229 155
239 84
221 196
29 237
272 255
25 55
159 231
272 4
55 265
189 36
35 196
37 151
263 244
140 74
247 178
141 115
100 289
296 57
14 71
135 144
149 138
123 186
206 14
116 196
225 114
299 183
297 61
223 163
172 58
284 231
156 232
144 152
52 47
233 41
56 153
268 110
257 70
221 274
138 292
208 79
224 292
21 209
127 287
129 75
179 158
67 37
92 54
272 217
186 161
144 106
134 279
103 224
106 242
4 150
173 259
113 158
178 9
20 214
141 27
111 278
8 167
66 13
187 194
186 55
278 284
1 198
40 106
26 270
51 270
270 285
61 281
148 180
82 184
84 164
156 126
102 108
188 227
264 273
110 89
279 1
148 133
256 78
153 152
52 109
26 194
85 56
207 51
4 224
39 90
193 201
52 43
256 121
133 276
196 295
63 280
74 219
152 179
102 67
227 19
256 40
269 153
61 87
198 50
160 165
138 143
221 59
49 186
297 79
244 158
216 277
209 279
226 70
130 268
295 173
14 171
111 109
11 68
42 199
99 146
169 274
180 104
251 195
32 270
289 221
153 277
147 83
1 219
72 122
87 109
60 247
76 253
172 123
154 288
87 106
168 132
28 233
175 254
25 109
19 48
288 49
72 110
32 159
89 217
198 226
203 127
193 154
183 281
230 239
112 16
212 94
298 297
146 131
262 182
60 78
58 32
211 184
49 111
188 21
295 284
171 101
159 123
292 194
179 154
32 21
196 22
138 123
10 197
67 14
70 146
150 273
90 240
292 215
12 247
201 137
118 42
189 51
176 271
232 299
102 142
183 178
267 122
84 269
201 3
142 246
145 106
296 108
88 287
277 28
72 257
136 300
181 277
203 176
271 222
35 28
19 171
253 196
137 89
39 154
52 279
50 180
24 153
78 262
65 105
26 70
148 278
268 56
216 189
106 202
219 63
182 61
42 32
32 299
256 184
163 275
176 164
123 204
75 157
14 242
31 274
234 30
274 5
40 115
167 274
217 176
152 296
32 95
209 261
202 106
188 180
258 54
195 136
63 218
140 14
71 215
171 112
135 234
197 79
58 202
168 5
155 13
2 127
56 241
201 133
201 49
215 63
53 268
31 155
13 142
177 245
281 25
205 219
76 117
229 293
104 120
182 94
261 272
184 197
170 108
259 181
159 210
206 101
89 88
252 133
156 30
34 55
119 274
274 122
204 129
271 215
6 19
223 83
85 218
184 279
257 12
167 96
283 292
120 115
239 41
140 294
57 43
257 233
40 44
285 98
274 44
45 162
270 173
299 257
18 205
195 283
217 268
46 2
47 57
72 274
161 56
120 140
42 155
291 46
19 174
118 259
151 267
164 72
186 235
68 260
118 16
139 264
177 88
67 47
117 174
253 162
257 96
99 210
211 250
207 48
226 185
290 164
48 86
2 76
217 60
25 83
92 44
8 68
178 271
83 89
284 19
184 146
264 41
95 89
285 256
283 168
27 263
81 65
207 97
274 85
184 205
187 14
39 234
12 211
76 97
267 88
102 153
125 91
259 178
256 268
162 168
7 78
95 235
260 160
198 69
149 34
80 204
8 93
17 64
207 234
60 179
182 81
104 39
140 36
192 92
61 105
100 199
217 36
191 59
199 167
166 55
271 289
12 198
100 281
91 9
61 51
237 168
12 21
219 56
70 15
185 200
21 113
128 123
177 92
143 240
246 248
78 255
84 48
219 81
24 184
84 191
140 231
17 59
211 263
128 262
290 275
156 201
268 176
138 188
83 284
29 258
196 61
143 44
295 175
69 252
107 110
25 267
36 71
92 144
136 264
208 16
46 169
65 196
142 77
291 128
201 4
177 79
202 262
41 237
6 106
257 88
52 153
160 3
262 31
71 154
46 6
265 272
218 30
288 148
285 50
33 292
235 254
99 9
129 70
45 101
98 250
155 156
276 244
281 164
81 107
225 32
170 56
276 61
128 108
173 104
13 115
33 25
147 192
36 159
286 163
187 222
173 141
116 228
290 244
213 61
175 244
229 95
81 187
241 218
160 221
152 100
228 157
272 246
78 171
71 146
166 196
103 271
95 149
198 285
182 251
83 10
38 85
299 173
273 261
181 223
274 87
202 297
50 67
29 159
167 246
76 241
100 296
14 136
222 117
207 49
248 143
295 27
185 170
183 268
180 48
122 292
59 105
194 118
217 49
176 41
263 217
24 92
204 262
175 90
172 177
50 31
241 204
285 139
118 171
197 292
170 194
146 228
16 55
295 183
290 279
72 52
38 107
150 267
226 36
68 221
84 276
208 56
86 199
88 76
215 135
217 291
120 164
31 50
165 245
247 154
126 17
20 76
54 171
214 53
271 38
31 146
183 285
225 13
129 101
293 10
254 242
103 79
113 218
287 69
299 54
225 189
250 152
108 178
149 223
103 96
211 75
97 127
216 250
26 87
64 268
88 286
183 55
180 236
72 144
120 188
154 236
100 141
102 276
33 254
158 217
32 263
210 4
181 81
30 55
186 38
9 126
31 194
213 171
209 63
8 7
140 187
4 251
191 104
9 272
107 59
282 11
248 250
247 18
104 236
166 76
127 136
45 253
261 136
248 54
215 179
125 45
129 235
279 191
118 189
16 295
95 106
79 73
171 51
32 22
76 298
207 244
287 156
161 180
48 89
237 105
237 44
233 55
146 102
153 250
44 180
99 181
139 80
176 169
71 297
228 292
281 251
7 171
276 200
185 274
174 299
167 107
294 119
100 26
34 251
173 276
30 139
176 227
232 68
27 134
238 87
145 90
128 70
232 227
35 100
103 287
175 278
138 187
291 118
297 56
169 118
25 131
131 95
286 114
16 253
204 210
47 151
249 117
139 140
282 288
2 129
120 172
129 121
119 162
131 244
76 155
259 103
10 293
157 79
43 268
233 271
97 113
53 41
145 266
106 68
207 197
170 217
144 81
97 110
107 96
119 182
273 299
176 196
21 36
269 143
184 283
104 295
58 297
36 167
295 292
42 213
143 126
209 293
211 22
279 110
293 270
166 224
228 99
260 4
62 299
19 75
248 274
262 228
17 293
55 123
5 102
265 91
207 245
183 231
20 295
186 144
267 146
173 100
110 149
57 50
216 295
38 149
29 208
211 254
18 75
222 285
190 258
101 20
58 274
286 281
266 292
25 151
6 228
69 96
270 18
30 150
90 64
246 89
175 62
187 107
48 246
94 44
34 28
256 178
280 214
296 14
299 221
82 90
75 55
171 49
129 35
210 238
79 197
232 29
149 24
24 249
73 239
96 89
229 240
204 127
227 245
155 231
69 193
159 298
199 98
146 157
4 98
250 258
81 169
250 117
110 265
259 164
82 138
76 43
260 159
166 57
245 215
228 92
67 12
117 85
213 180
213 75
92 82
3 275
144 198
42 170
248 38
128 115
238 242
50 141
102 154
224 222
114 116
245 121
62 9
198 279
55 253
89 166
257 281
113 40
155 159
92 114
206 35
68 20
125 196
39 220
106 65
248 144
247 205
264 79
122 31
267 56
209 23
88 63
78 243
280 34
68 123
48 98
241 97
134 139
78 274
32 183
109 296
211 97
161 197
220 134
298 17
261 237
242 201
126 50
50 73
224 291
78 170
286 240
282 2
125 12
142 99
49 226
259 284
238 177
185 160
276 60
19 35
227 215
230 290
127 100
181 299
114 15
78 27
261 19
148 146
151 70
35 222
122 169
52 49
19 98
22 182
34 135
206 180
200 150
92 240
235 172
43 118
22 204
37 59
111 70
225 102
179 105
71 70
185 196
59 70
155 86
18 269
151 95
132 122
243 197
44 10
185 15
99 277
281 201
126 200
74 242
223 50
229 136
268 30
198 152
108 139
208 131
28 85
29 14
192 253
211 148
10 238
190 140
225 274
37 266
108 245
284 162
205 63
60 39
89 275
112 296
124 261
32 228
299 298
102 103
31 91
265 50
36 31
30 31
240 121
187 295
63 47
182 211
239 259
50 158
150 278
87 148
58 154
230 14
81 171
155 177
269 266
221 159
69 141
94 241
139 177
97 248
284 154
90 244
195 300
26 48
210 84
156 196
119 174
69 1
37 30
64 100
21 203
143 263
261 139
60 223
196 154
229 125
215 14
37 169
197 40
20 34
29 46
151 64
43 99
65 4
263 290
300 131
114 243
234 156
110 277
196 53
91 226
147 38
184 199
85 155
94 273
4 160
198 132
52 88
277 284
136 283
83 199
154 219
130 216
152 168
90 67
207 200
164 183
295 32
100 211
224 76
237 214
87 255
236 265
150 209
42 95
58 223
282 171
235 33
284 185
233 282
287 17
41 45
114 96
282 266
210 163
64 50
18 102
6 182
288 282
57 79
151 196
292 163
92 95
14 198
77 185
178 210
153 222
126 36
94 173
209 268
289 29
268 65
105 161
146 287
25 140
163 187
150 177
61 183
286 128
46 31
80 144
135 25
189 240
69 146
280 250
55 7
151 238
241 4
219 220
144 160
104 122
127 140
287 55
36 299
159 146
161 249
13 100
119 221
215 10
106 160
148 131
267 61
226 240
285 260
163 83
96 54
113 116
230 208
203 28
257 28
98 200
58 98
64 91
249 168
143 80
114 203
223 221
9 160
52 91
67 40
278 227
39 108
45 2
214 93
13 154
55 287
273 268
89 127
177 216
210 278
71 170
64 231
78 87
289 177
219 180
154 31
268 126
163 96
277 198
133 60
206 118
262 213
298 59
81 23
267 73
147 205
115 286
259 97
244 166
299 48
174 96
185 291
264 256
47 255
218 132
187 231
90 20
268 64
102 241
43 120
211 245
30 132
154 29
121 72
17 134
112 143
239 105
234 184
233 223
205 270
254 182
12 113
192 21
252 171
280 32
107 200
142 94
112 47
226 189
264 259
13 66
99 2
290 82
265 233
221 18
122 182
71 292
51 136
208 211
78 279
160 103
17 181
95 187
259 10
97 153
30 97
46 206
124 154
179 95
235 34
259 105
265 97
143 90
156 123
87 186
286 202
38 162
134 182
138 12
45 246
62 157
39 77
250 122
16 41
258 156
155 31
55 33
161 100
167 210
252 236
81 218
91 222
269 32
223 38
118 266
213 90
65 132
4 111
141 109
156 66
186 272
145 77
105 11
265 218
151 35
258 126
66 193
294 161
272 162
110 15
178 28
120 252
41 146
277 166
107 300
287 289
92 270
273 266
136 186
177 259
170 87
265 282
17 143
150 204
37 116
147 49
268 90
38 290
84 236
78 88
235 274
145 181
147 30
12 177
222 199
246 22
203 257
57 8
24 19
236 173
286 40
199 282
116 227
299 236
208 111
231 217
141 255
44 156
23 126
258 65
190 224
296 138
95 176
124 155
181 120
224 127
126 24
254 252
63 136
66 7
187 253
155 285
105 104
241 40
174 271
42 172
256 37
20 207
289 90
72 273
136 261
275 145
223 213
164 186
64 257
95 166
277 88
109 138
151 193
157 244
151 36
4 20
108 247
154 196
38 101
267 220
218 235
72 175
227 38
59 276
87 154
230 81
8 123
241 144
96 199
19 116
158 81
113 220
214 44
239 277
184 217
52 104
150 181
211 105
298 211
273 190
181 80
240 108
270 166
99 177
79 12
63 1
11 222
164 73
47 254
69 35
161 224
92 163
280 10
88 32
194 277
93 57
65 166
83 204
150 174
143 227
129 11
157 85
251 216
233 78
6 124
58 85
40 160
46 147
281 125
103 62
245 119
223 280
51 12
116 214
114 61
64 17
286 74
284 133
208 295
231 143
177 239
274 211
162 191
251 127
169 237
194 177
240 3
287 51
46 196
165 114
39 11
2 107
57 248
186 124
146 201
167 113
274 16
4 103
68 18
261 245
37 231
270 250
105 226
136 105
208 54
215 189
210 222
166 33
211 170
174 285
32 232
294 11
139 144
224 12
152 129
191 48
166 137
83 166
14 9
149 53
173 118
176 72
105 299
124 17
196 27
232 31
276 166
295 165
29 120
168 36
82 28
61 196
128 202
160 83
204 231
193 217
179 57
226 19
100 153
150 155
232 233
142 38
36 194
185 75
298 192
28 279
12 182
86 123
113 187
106 16
290 242
192 128
87 27
60 198
171 299
282 170
59 156
175 287
215 27
63 167
131 281
12 210
124 54
162 79
169 17
245 89
250 217
53 236
109 5
31 214
284 82
161 22
180 32
30 172
28 53
131 291
227 181
67 82
162 71
183 278
61 45
4 112
265 220
120 221
19 225
46 126
46 168
267 14
236 182
53 291
248 246
280 217
222 263
168 95
23 4
148 81
138 225
86 36
128 103
224 237
112 179
121 95
292 4
50 208
194 8
246 296
184 47
171 193
41 209
218 172
45 82
110 47
273 45
238 249
104 18
194 265
32 127
14 55
43 300
72 102
154 299
169 152
202 80
272 77
1 150
74 217
223 201
220 42
35 270
22 294
262 260
37 4
148 108
129 149
2 297
118 18
55 186
96 88
225 30
232 87
258 204
226 166
152 151
113 217
289 286
146 182
192 117
77 109
74 75
145 296
62 34
276 124
77 83
178 237
234 43
129 234
19 238
28 231
75 168
76 269
10 7
248 134
208 283
207 282
214 182
76 35
295 148
289 118
257 36
49 95
234 92
297 185
71 253
212 44
112 86
26 293
241 248
233 262
31 291
5 197
106 90
167 221
164 20
15 233
211 58
99 138
198 173
237 273
222 110
191 215
126 278
299 141
48 299
143 114
102 9
42 164
261 50
246 39
285 23
200 62
59 288
147 104
134 44
41 200
75 275
84 33
17 31
190 291
269 275
278 216
23 27
197 132
254 138
11 72
277 119
209 50
188 192
295 188
297 121
176 44
273 252
188 33
272 208
115 35
170 29
7 60
271 54
174 185
163 270
38 254
213 285
168 56
100 88
118 15
117 86
44 237
80 139
222 42
219 265
43 215
146 36
1 186
198 263
66 276
99 296
288 66
12 276
127 161
27 108
138 286
245 157
41 226
259 21
222 159
64 220
139 109
116 172
277 199
293 14
69 107
192 139
125 189
8 243
52 69
212 33
51 148
164 260
183 112
136 1
48 191
269 52
112 205
168 55
34 253
161 283
212 57
145 277
143 78
15 30
191 53
15 135
20 99
106 154
182 7
252 271
70 263
269 31
179 34
73 72
26 224
244 15
58 256
30 73
261 141
136 207
16 11
297 62
147 135
143 274
19 73
283 174
36 175
148 168
293 192
202 27
98 222
128 193
271 1
64 168
241 114
268 55
256 14
151 245
248 63
297 170
112 254
58 101
249 51
272 104
16 280
241 47
184 34
210 221
125 58
202 233
68 278
12 83
36 157
36 229
299 274
134 126
259 206
212 258
1 285
291 200
246 149
209 191
68 111
86 285
193 208
227 55
141 253
277 83
55 40
252 1
80 9
253 203
36 206
87 260
127 12
261 90
4 295
51 248
168 22
212 234
77 201
252 14
133 56
124 171
18 257
12 280
135 171
99 70
77 54
187 237
262 69
59 147
182 271
243 134
13 215
76 69
166 31
253 26
99 229
22 56
2 4
213 147
233 241
54 252
84 206
287 101
101 163
230 231
244 288
205 290
57 39
111 250
204 134
249 130
206 132
212 221
165 123
255 91
150 3
35 175
58 107
239 228
48 249
265 129
92 62
86 261
19 132
66 143
164 194
298 150
40 120
252 282
3 296
39 194
193 270
49 137
155 25
191 285
151 39
284 102
175 181
6 48
27 165
95 296
110 159
261 128
289 16
191 44
236 146
98 233
35 85
125 2
14 167
117 158
65 205
197 28
17 41
88 43
5 266
182 202
126 43
271 77
192 48
287 102
154 287
91 277
2 253
207 296
51 106
218 248
269 108
165 6
112 228
68 87
242 184
123 4
190 98
225 73
210 20
231 145
238 88
48 280
263 54
74 89
28 21
31 3
131 228
266 240
178 78
64 286
235 151
77 233
152 196
4 6
215 122
126 271
31 220
176 228
158 1
112 164
17 63
60 230
63 131
59 72
110 246
209 4
281 245
296 206
72 22
122 139
275 57
156 133
215 160
166 113
171 240
248 31
60 17
130 77
138 13
293 277
141 247
161 86
61 208
193 287
286 109
14 105
81 12
59 240
237 181
194 81
78 258
90 203
94 16
15 41
299 196
66 109
262 65
55 147
168 145
199 255
84 90
220 299
185 98
257 149
217 86
84 166
287 18
294 95
175 33
82 172
61 50
270 256
262 184
176 270
282 103
74 246
192 252
183 266
277 25
244 254
6 215
151 145
93 251
228 66
244 81
75 155
246 71
59 225
52 103
250 26
26 37
119 299
232 77
184 192
1 300
285 165
90 263
36 177
70 195
242 253
251 66
220 159
248 270
116 200
218 265
152 33
58 34
77 56
203 185
50 290
225 169
10 84
282 258
152 150
29 276
47 290
187 190
96 98
68 88
227 24
286 234
75 220
192 51
174 20
280 117
131 144
263 276
214 111
76 283
276 296
153 73
84 158
247 293
180 296
8 171
62 246
49 84
124 120
256 278
249 57
103 253
270 164
161 248
19 12
86 130
88 296
43 30
80 87
79 268
298 132
224 294
75 151
44 80
97 71
232 204
28 194
209 3
127 44
33 285
219 148
247 181
21 106
100 155
50 147
275 180
202 232
106 209
95 24
254 49
29 1
123 23
53 207
213 136
15 277
208 227
246 225
265 191
60 108
128 187
259 12
248 256
225 29
286 153
113 261
122 253
156 292
227 213
92 208
53 5
266 209
95 215
298 202
281 255
282 8
209 86
131 16
194 106
216 273
85 106
40 274
208 95
18 20
118 174
220 288
133 30
85 71
90 228
162 262
273 298
34 213
242 31
161 136
25 63
155 60
128 284
231 154
164 256
70 47
299 186
267 228
283 65
112 250
175 13
54 181
144 267
69 5
45 144
110 44
96 162
156 70
295 29
116 9
271 3
228 133
12 245
27 32
71 300
34 217
161 257
167 191
172 217
110 174
109 59
271 236
40 231
135 157
61 11
181 175
16 140
178 99
25 135
169 214
113 57
179 94
274 277
248 122
292 48
48 272
192 182
295 197
100 245
193 3
227 166
282 159
299 89
190 198
26 21
249 13
197 293
232 205
48 172
171 87
176 102
290 289
231 157
264 7
192 205
235 27
268 272
189 42
138 31
92 125
276 15
160 61
132 269
36 191
92 299
64 252
130 60
58 254
81 52
280 58
174 181
51 96
19 219
40 66
112 101
189 249
93 6
205 82
261 86
86 274
44 26
167 63
8 288
61 27
146 196
242 138
70 165
85 51
300 230
251 60
273 204
192 42
72 294
204 270
65 125
147 153
105 200
274 246
28 286
199 26
246 131
200 203
83 210
277 274
191 194
217 23
74 57
285 97
133 40
94 235
83 196
294 69
217 158
279 29
187 108
255 190
249 60
250 115
203 166
168 98
2 162
2 169
13 141
250 57
271 139
91 105
63 77
10 164
252 231
274 254
140 37
171 4
239 134
239 67
176 94
52 150
198 41
230 275
100 110
194 135
242 297
8 223
52 216
167 50
285 119
227 206
93 242
117 91
197 193
184 50
183 89
206 120
84 128
23 287
12 61
54 246
296 131
36 32
10 174
149 122
273 189
45 196
202 74
4 252
4 213
19 71
21 250
197 231
151 98
110 111
108 17
171 218
186 211
60 128
297 150
34 75
133 147
37 107
130 174
193 94
179 45
145 278
85 145
259 192
275 127
26 18
134 57
218 180
270 75
43 156
170 267
286 213
112 181
298 136
166 275
65 246
258 170
128 79
246 119
203 172
34 191
143 161
121 188
46 227
213 41
222 264
96 24
229 109
69 297
114 11
200 216
205 261
29 287
300 201
217 105
81 93
59 17
114 281
136 55
189 298
196 13
273 175
203 263
139 282
134 115
50 176
255 50
48 282
236 162
35 177
153 22
141 246
77 133
141 38
85 271
223 288
277 34
15 98
165 246
39 212
33 270
89 33
270 252
218 277
145 36
111 96
244 28
57 209
70 56
192 140
272 178
67 275
216 66
273 286
178 280
117 186
213 283
194 110
189 21
197 159
216 137
18 262
195 170
262 5
117 144
95 156
84 245
40 145
126 70
266 288
217 271
4 196
155 186
276 68
136 33
155 195
166 187
213 120
128 199
280 91
24 177
216 34
291 87
221 45
22 138
185 175
271 66
233 118
172 213
244 159
52 41
164 71
239 113
27 15
175 160
240 69
186 214
249 45
129 193
156 290
89 137
55 217
188 128
178 145
82 245
147 23
163 168
183 146
144 158
94 275
62 212
133 268
284 208
144 42
113 28
253 49
2 71
71 4
167 168
155 202
256 48
208 254
202 289
235 55
55 22
148 74
149 287
6 103
283 274
255 299
54 103
242 177
85 37
179 36
258 43
106 291
71 49
192 289
194 164
257 293
285 5
15 58
127 138
113 95
272 216
38 251
264 141
79 220
108 52
163 55
151 68
161 194
14 28
41 16
109 195
227 32
39 146
63 70
193 261
254 92
247 270
36 135
13 213
275 184
116 213
83 3
175 161
129 87
34 224
286 267
251 82
78 147
208 244
6 208
161 286
125 195
156 122
289 234
114 159
13 39
265 131
263 72
209 151
73 160
7 145
292 195
39 295
83 54
68 64
24 13
62 35
286 47
255 23
58 174
249 127
297 85
55 58
70 43
75 92
10 248
67 291
30 210
66 216
253 181
162 159
15 291
214 144
202 111
177 51
43 39
231 299
161 264
117 240
139 288
246 215
26 283
268 1
261 184
39 59
26 285
266 184
272 49
251 131
241 112
152 252
284 41
202 231
162 204
37 137
42 254
122 23
6 149
191 236
135 21
119 278
169 132
299 25
76 126
254 39
108 46
134 25
250 252
289 261
86 21
189 26
279 158
284 88
294 16
265 9
235 102
13 184
135 42
278 20
208 216
186 220
191 98
231 127
295 128
80 22
208 168
27 246
205 245
168 104
257 170
125 71
186 251
72 26
200 295
191 166
188 97
137 6
39 244
35 142
298 123
192 255
37 281
188 222
292 146
129 29
96 288
125 272
64 246
38 181
152 289
118 233
278 54
195 28
268 278
288 85
36 54
30 200
160 171
88 38
86 179
232 81
36 214
204 57
49 54
231 163
123 19
151 116
75 15
44 4
44 25
100 42
95 250
245 241
299 47
145 65
117 166
195 228
273 147
172 150
259 228
151 53
151 118
38 97
225 202
274 126
42 17
286 17
125 67
227 296
271 90
104 298
204 97
262 93
235 180
250 128
21 61
91 55
126 189
166 232
50 185
183 129
74 206
222 2
75 121
146 132
84 221
293 47
289 98
37 13
259 290
177 248
270 182
32 212
105 15
149 9
6 54
14 184
139 217
131 179
54 19
102 258
193 176
187 174
21 33
110 289
67 156
69 268
73 266
166 38
287 170
295 215
17 124
23 32
298 9
208 11
45 3
27 57
235 139
240 26
47 64
123 284
55 111
33 188
144 1
17 43
106 23
295 174
145 163
192 142
237 196
36 197
103 270
67 92
206 212
285 83
287 276
106 132
145 34
102 172
294 221
226 68
55 32
129 281
212 287
52 101
62 231
63 200
144 54
53 271
199 265
144 256
165 23
223 180
285 297
78 100
49 89
73 253
71 89
234 256
261 226
190 87
238 79
236 150
114 258
18 195
10 74
102 46
165 243
30 49
184 156
208 149
83 271
53 87
44 264
237 190
207 98
279 282
159 233
255 186
53 186
31 232
181 196
116 256
176 22
44 228
136 42
71 241
139 285
122 181
225 24
270 67
89 253
43 42
256 44
154 50
50 214
114 158
271 182
140 4
83 87
43 236
127 99
277 129
182 123
156 11
288 192
42 107
254 108
101 190
184 207
184 31
86 267
247 265
261 216
121 196
175 180
254 282
285 245
241 37
76 164
249 163
278 27
78 282
187 240
195 3
224 62
250 138
117 58
161 98
188 121
122 206
129 243
221 136
132 163
105 261
213 145
2 163
44 187
42 178
209 17
99 196
226 41
74 109
80 67
96 259
94 194
156 44
186 156
50 215
197 154
107 138
23 154
58 243
33 164
252 154
253 210
137 1
66 176
137 256
170 292
285 178
162 55
283 146
249 290
65 294
173 161
115 79
52 248
140 55
220 129
261 6
136 196
66 186
257 151
203 156
270 106
116 28
28 44
269 208
170 232
79 273
187 257
117 13
51 182
68 16
86 174
216 135
24 74
84 248
94 23
120 160
17 158
213 89
45 75
6 254
31 241
163 188
150 214
196 248
262 44
129 120
261 80
151 288
173 37
137 122
92 243
32 202
164 297
183 143
299 113
256 296
209 277
189 48
292 300
264 266
215 57
100 81
141 146
200 287
118 58
100 231
59 196
270 48
252 233
244 29
172 190
209 237
274 168
61 43
194 257
58 282
271 280
290 218
140 69
70 278
70 75
124 255
78 280
204 247
298 108
263 49
295 253
32 156
241 253
38 284
167 92
266 42
126 247
162 48
97 100
52 114
286 116
59 178
64 159
197 250
244 252
84 234
285 253
20 283
34 266
184 121
281 23
135 267
240 191
181 193
125 65
225 51
221 120
131 167
91 19
123 223
241 205
110 147
297 106
132 252
89 44
172 211
4 130
84 38
291 208
10 298
12 13
283 87
227 283
216 8
128 31
64 248
270 146
184 294
148 189
152 122
6 183
7 257
36 42
126 81
131 225
177 179
166 160
256 159
211 242
76 84
184 211
272 17
222 176
269 169
253 129
85 190
220 200
103 5
247 241
218 274
179 24
271 256
96 292
205 214
250 52
153 139
142 251
88 153
35 277
64 293
182 247
171 26
95 22
52 258
170 48
283 8
14 182
25 112
229 213
262 46
150 149
149 295
86 189
72 203
60 101
150 110
81 58
47 110
104 9
143 246
67 248
119 62
8 280
266 269
229 90
173 218
269 94
32 187
84 199
71 37
31 197
81 278
266 237
9 78
108 213
68 279
130 145
177 240
228 255
89 74
99 207
289 92
264 160
273 221
292 27
40 221
19 243
201 148
229 26
34 240
28 239
196 209
64 215
59 273
146 98
295 49
38 226
199 153
267 156
51 226
224 266
292 116
150 64
192 123
262 120
286 165
16 242
215 201
111 72
293 272
205 111
204 163
86 7
36 6
284 291
232 269
130 123
14 113
290 100
165 51
92 276
294 190
242 139
203 188
286 39
195 237
254 269
276 268
133 225
99 248
228 56
186 44
195 135
215 172
236 124
105 60
296 124
294 24
46 67
184 30
185 87
286 229
243 156
41 101
165 249
141 11
240 61
246 109
63 173
129 254
28 164
293 21
197 138
231 211
107 166
89 25
170 58
2 35
111 202
136 87
229 17
81 178
77 3
4 267
61 275
153 281
144 248
266 112
114 110
205 106
202 43
158 84
121 260
193 221
86 266
279 61
132 258
71 249
283 165
62 250
195 37
128 282
221 42
229 262
87 70
17 10
4 59
142 162
10 204
155 185
260 66
84 151
1 36
157 284
207 75
102 239
72 117
278 260
207 178
215 250
177 148
297 24
273 172
45 115
287 111
84 274
194 145
153 54
166 21
162 39
46 198
105 231
247 114
138 214
39 19
18 83
70 254
111 122
100 71
177 40
79 145
10 215
198 300
36 115
166 231
24 25
229 255
22 111
102 6
214 274
287 174
169 75
109 277
206 67
33 267
28 29
87 25
85 187
148 233
148 188
143 204
19 64
122 222
249 138
97 209
90 117
247 276
65 29
123 94
19 200
199 179
182 98
215 275
72 50
98 223
92 297
50 74
92 41
289 136
250 112
206 24
123 162
193 110
116 238
256 4
33 137
197 206
40 25
159 253
251 299
175 3
288 135
100 5
13 223
95 151
164 16
196 124
204 283
239 52
190 29
171 44
110 276
99 29
267 44
224 277
66 131
36 13
75 281
178 105
47 220
172 191
232 285
124 185
88 133
255 101
211 209
137 260
116 51
59 21
172 115
67 270
55 15
192 30
189 119
275 130
34 153
27 255
251 214
270 125
159 199
6 11
234 277
185 65
217 106
5 145
4 186
84 110
299 247
193 1
269 9
90 94
136 127
88 291
46 246
207 214
82 158
79 242
199 90
220 230
193 105
86 138
100 287
16 271
81 247
172 136
215 191
53 228
160 260
143 1
253 295
86 20
58 196
3 299
271 127
5 105
12 98
298 37
70 156
296 20
211 178
264 171
175 261
231 30
53 124
260 67
214 140
115 19
183 255
230 48
89 201
145 139
192 37
290 138
114 73
48 221
175 42
300 70
73 245
79 125
293 34
190 46
102 206
225 133
234 298
3 49
68 128
201 38
176 59
271 98
146 16
165 69
160 264
23 34
292 102
233 7
183 155
108 290
96 205
191 202
122 152
147 58
5 137
220 58
73 81
77 48
287 35
144 212
196 37
228 160
79 217
268 241
120 77
296 268
59 54
169 55
169 39
197 275
204 195
274 46
43 123
274 132
91 260
43 256
291 50
231 277
213 88
286 193
27 225
110 150
182 72
202 176
11 5
177 18
109 112
104 139
202 56
286 146
221 171
76 260
168 260
210 273
39 5
31 24
148 118
217 33
15 195
54 21
236 132
151 22
132 99
100 68
191 253
225 170
11 218
47 35
111 273
176 178
22 189
252 253
118 254
141 261
114 83
46 275
107 128
282 127
76 173
110 140
115 61
37 204
44 151
29 106
127 89
268 41
243 268
117 124
98 116
296 68
174 126
276 279
182 248
79 70
171 263
112 185
156 67
287 163
79 231
244 115
266 154
32 236
291 20
31 18
173 206
124 218
92 106
229 118
108 109
160 227
139 126
218 225
130 282
200 283
169 175
25 288
176 223
258 79
202 163
67 240
82 62
73 145
207 1
213 6
247 200
241 46
267 290
139 69
236 91
48 294
77 266
96 145
115 142
59 143
53 50
233 93
248 219
103 233
164 109
68 67
157 14
1 226
183 58
225 61
206 40
22 102
295 171
89 94
238 279
5 9
179 280
139 194
200 213
155 93
37 125
48 267
196 10
192 59
110 240
174 5
30 151
51 133
74 16
210 282
36 188
266 48
276 213
224 293
128 59
2 58
120 227
156 52
93 144
24 27
213 163
44 82
253 22
264 208
117 292
244 208
177 98
183 69
70 181
34 232
11 199
274 209
134 89
246 183
281 104
86 230
293 168
162 187
42 105
104 215
157 81
214 151
64 71
45 121
18 251
280 48
174 243
161 105
89 221
247 145
60 204
144 43
162 107
294 110
85 14
160 177
82 195
250 60
85 70
296 166
46 97
24 97
108 165
215 266
214 99
220 166
5 87
198 45
44 220
225 47
137 198
280 178
92 195
214 70
191 67
228 220
82 299
5 227
131 159
209 257
124 235
297 146
225 124
128 137
234 281
142 95
68 27
29 51
73 159
127 105
271 72
138 271
73 161
240 253
259 263
1 25
138 158
131 64
182 3
233 2
129 185
236 212
53 73
150 226
284 179
209 251
289 140
150 37
39 6
121 131
50 5
127 123
175 248
230 145
77 40
224 190
249 200
240 83
195 72
239 39
223 79
48 113
61 127
297 244
185 71
205 98
142 55
45 269
218 84
8 281
53 174
130 206
241 159
35 119
119 47
151 46
242 89
146 216
59 296
160 133
74 203
127 56
248 117
136 282
130 26
65 280
143 152
112 227
249 155
224 106
279 21
205 207
269 279
206 143
95 78
65 123
10 263
20 48
5 219
77 232
162 104
78 267
19 99
282 296
25 244
159 245
245 205
290 90
194 58
107 102
292 246
54 136
19 262
226 63
33 217
173 291
266 142
133 277
171 140
108 220
116 192
245 224
298 68
225 82
78 93
291 155
185 213
63 172
23 267
26 79
128 154
48 16
136 250
73 192
225 201
53 126
156 231
188 228
40 283
38 174
55 88
40 212
211 158
17 198
170 293
253 145
215 246
197 289
291 112
70 98
220 139
230 123
133 137
256 207
30 15
174 236
136 258
194 119
6 223
276 56
152 57
19 37
192 167
49 236
54 220
270 11
152 93
147 190
116 275
232 136
105 267
188 220
300 171
238 130
297 258
178 144
272 121
235 275
202 37
145 210
221 67
250 174
196 270
56 52
76 108
153 289
121 278
237 283
271 126
127 121
10 156
4 222
59 6
140 235
285 107
17 240
57 235
62 146
167 273
34 169
120 203
27 280
16 187
91 147
28 256
148 72
248 105
181 186
52 99
131 45
35 2
80 136
203 1
152 166
100 247
67 34
176 14
152 295
237 167
141 244
215 192
97 84
186 77
156 211
29 56
139 220
250 61
102 61
152 106
247 98
179 192
130 183
131 296
11 69
113 96
258 181
104 204
259 141
14 245
50 108
29 24
13 146
123 84
105 26
134 136
253 139
199 120
272 87
220 52
43 129
112 74
276 24
160 138
224 245
43 286
215 81
261 41
57 191
99 112
259 198
49 72
163 228
158 221
263 98
84 247
175 30
121 96
82 140
195 255
269 285
157 59
72 19
119 42
79 189
106 108
211 41
105 295
275 19
161 90
218 18
233 3
128 121
298 148
17 260
76 205
26 85
214 244
153 108
74 66
283 235
165 109
163 89
85 154
126 22
154 145
200 189
232 282
273 118
152 55
119 114
16 223
80 285
169 34
170 30
230 8
151 52
5 203
171 121
296 121
264 75
21 186
269 150
50 11
240 123
38 298
54 280
66 279
248 25
292 156
232 113
11 194
220 175
210 82
255 270
93 65
298 277
55 148
88 91
234 5
81 84
124 222
165 216
189 151
204 160
295 137
183 175
140 149
61 62
223 214
21 208
299 199
229 200
245 204
50 54
67 295
240 201
103 192
210 226
52 242
6 28
148 42
281 272
42 111
60 114
38 210
117 254
204 178
29 154
176 76
295 26
37 35
243 89
89 3
274 121
187 204
64 226
171 154
24 83
45 63
52 239
262 37
278 220
248 197
256 213
21 94
278 42
86 168
5 208
37 284
138 241
196 2
269 294
175 45
49 40
32 140
105 213
54 170
145 288
228 190
118 255
197 89
211 288
198 144
198 284
104 242
245 258
102 170
98 293
220 45
201 168
144 290
180 237
29 53
233 268
167 123
300 128
78 205
214 51
228 36
119 11
55 155
189 181
72 107
270 255
139 297
37 105
176 57
99 194
154 217
14 4
227 253
17 99
122 32
42 54
176 165
76 95
39 249
55 234
6 179
36 144
20 90
169 273
234 240
144 127
287 232
235 114
164 195
273 99
26 208
2 287
23 123
238 250
28 150
112 43
277 94
52 277
300 250
236 221
226 121
21 240
82 38
225 232
103 178
131 217
56 124
65 55
7 17
144 56
142 131
77 59
10 62
132 272
159 152
87 6
189 73
297 104
281 268
100 25
9 201
190 167
37 28
20 257
70 298
7 116
230 279
194 155
148 266
230 159
84 35
7 176
282 226
257 178
42 84
71 270
138 297
79 269
8 177
152 133
24 98
87 34
80 32
118 150
242 257
216 185
72 261
227 109
173 228
28 219
274 103
67 253
102 23
176 242
1 217
279 162
169 7
69 191
200 85
273 49
248 261
232 70
159 144
273 275
151 62
138 21
135 282
180 233
32 292
11 44
170 85
252 279
224 247
230 69
235 66
206 68
295 192
134 40
24 182
109 104
247 129
249 115
235 30
205 76
261 46
109 50
300 286
28 25
269 128
289 211
208 272
253 228
233 176
35 126
288 137
176 50
137 284
228 189
173 150
7 248
227 132
60 289
140 135
194 53
139 58
202 248
189 244
189 233
78 80
117 104
286 199
200 260
145 166
135 92
249 30
126 195
119 60
290 65
118 2
61 56
220 156
182 108
247 44
202 288
294 19
80 14
93 170
222 58
12 222
66 44
112 60
254 30
12 54
52 3
298 167
95 207
76 295
284 132
239 29
198 294
280 175
18 68
38 122
275 25
281 207
163 201
165 263
288 9
36 187
61 218
240 49
31 62
178 126
216 229
162 138
79 250
12 195
282 151
229 254
162 257
112 284
151 221
221 278
49 88
280 37
32 283
161 1
234 285
199 246
39 51
135 297
203 55
212 186
90 226
167 132
29 61
156 242
67 181
285 79
65 208
243 29
121 157
105 88
123 83
290 208
37 45
92 39
24 221
22 118
215 224
41 90
120 16
80 180
173 268
135 34
216 103
4 156
20 185
21 243
130 84
136 50
129 133
75 252
250 161
84 99
57 72
254 85
12 220
72 225
90 131
179 275
217 273
12 243
195 118
183 207
163 209
125 84
35 161
200 40
89 72
146 210
170 103
75 60
46 4
70 35
204 150
120 121
29 115
179 272
233 149
292 165
80 98
242 296
147 161
207 133
57 140
153 85
162 44
234 1
47 263
180 223
228 257
293 39
244 102
97 120
222 167
47 177
72 198
135 65
289 6
2 115
51 224
164 57
286 222
16 107
90 60
21 171
278 276
240 241
164 15
239 184
143 213
107 232
162 210
196 161
201 210
263 237
108 222
124 22
82 48
7 272
294 197
246 199
133 237
132 176
268 286
15 116
77 112
109 154
96 284
56 104
163 157
52 14
123 282
245 38
210 8
240 71
251 184
238 45
209 216
253 147
92 57
185 234
141 160
225 119
161 219
126 133
105 67
261 79
17 263
39 164
221 178
228 103
138 18
123 191
27 73
283 183
25 86
100 47
32 273
210 265
159 164
130 173
104 243
283 293
198 129
255 234
57 48
226 130
235 230
192 290
244 109
43 155
124 128
237 9
205 31
84 298
194 144
34 35
300 91
22 15
155 127
178 207
68 102
146 118
130 108
164 280
284 68
84 122
94 61
287 268
246 163
87 294
71 221
76 42
94 46
232 62
70 126
124 18
47 9
58 284
74 72
62 84
243 8
88 51
128 208
242 47
283 102
201 28
49 170
295 205
109 45
160 87
24 223
122 129
263 139
121 13
269 149
172 76
87 19
117 82
284 182
300 97
161 263
187 239
282 267
160 163
68 72
31 68
129 97
20 159
283 38
126 124
277 257
26 146
123 137
131 269
244 187
58 44
216 226
197 82
40 80
60 189
145 97
11 203
183 122
256 250
97 62
113 196
222 94
56 105
167 17
206 238
171 163
137 13
193 183
283 111
58 257
161 210
188 191
275 123
230 70
217 118
42 215
296 162
65 282
283 190
267 282
203 125
76 167
187 147
180 26
176 33
156 209
18 246
215 89
65 8
202 46
241 251
224 210
174 202
135 190
269 80
41 96
105 117
192 287
247 146
146 254
215 124
53 89
181 273
248 102
256 258
297 162
134 296
82 123
243 82
81 14
233 285
38 189
101 299
198 169
10 198
124 91
142 33
27 296
54 20
193 146
62 245
192 238
77 36
97 259
3 252
89 241
285 40
83 92
68 206
240 278
138 102
73 290
21 219
134 138
148 167
248 162
73 202
246 138
138 83
100 262
204 34
286 41
135 240
146 11
120 18
230 42
45 143
111 230
181 13
233 293
281 12
240 172
13 11
269 183
72 220
262 241
46 286
167 297
203 35
99 259
202 158
15 60
275 247
174 72
181 257
111 57
138 43
66 45
245 158
244 276
141 295
20 115
98 207
19 263
207 276
284 118
151 269
104 134
297 27
175 202
255 195
118 240
89 291
236 170
20 168
215 296
80 63
63 169
101 54
197 221
170 34
54 270
183 84
220 85
35 62
126 1
284 166
42 221
274 185
190 26
209 168
292 242
40 162
50 81
224 131
211 197
205 122
113 262
15 272
213 71
151 256
106 19
80 238
146 241
115 223
135 160
35 248
28 64
241 127
201 91
165 136
250 273
35 241
89 60
163 299
192 169
5 119
160 205
42 70
216 281
282 193
127 234
13 210
120 272
42 133
204 54
199 9
220 267
197 146
257 203
210 122
124 8
110 90
277 13
279 207
297 225
174 98
138 144
22 93
30 204
137 165
184 5
185 34
29 249
5 198
124 205
13 41
215 190
181 250
34 181
277 36
259 300
124 234
286 147
99 187
137 71
261 101
157 158
72 132
243 161
293 11
14 133
300 165
30 287
121 229
231 240
295 291
159 58
76 45
120 260
195 298
151 150
294 266
32 139
274 91
263 109
173 54
29 133
251 89
229 40
52 226
7 283
240 210
188 15
139 175
184 158
41 81
239 153
284 59
41 108
245 147
142 233
175 141
150 293
224 64
270 89
282 203
21 90
266 166
240 246
204 99
159 33
106 161
34 32
193 156
212 49
279 211
255 257
247 16
11 64
254 218
33 44
246 174
279 41
294 88
228 106
172 219
176 193
110 180
232 53
54 275
134 2
54 88
48 102
117 216
15 236
99 50
291 98
11 79
9 189
283 186
61 217
49 235
217 25
42 3
296 223
291 251
56 227
217 228
263 198
244 64
273 281
148 82
141 186
37 141
196 281
153 157
82 79
252 189
107 79
19 216
86 171
87 52
39 60
142 248
102 118
236 165
64 182
26 277
143 97
176 100
282 214
154 292
78 247
243 269
25 240
229 97
115 23
64 21
280 197
110 86
251 192
290 175
65 268
100 238
214 148
274 287
271 124
246 273
98 28
295 185
118 40
51 71
165 121
134 95
147 176
294 74
6 167
295 288
23 37
68 280
243 18
250 134
204 45
260 229
196 47
278 268
67 161
109 202
290 80
263 247
252 47
104 165
5 142
172 63
98 297
188 51
205 87
84 82
299 3
235 109
165 275
243 140
175 53
274 67
24 56
190 296
118 19
218 251
263 134
55 177
276 25
208 121
106 195
193 73
221 123
79 150
281 148
69 266
189 125
224 93
48 22
52 68
243 205
192 173
52 113
278 292
94 119
197 228
19 248
45 296
52 33
287 10
274 148
82 149
99 179
233 229
274 7
221 118
139 173
260 32
10 297
40 294
131 87
286 271
277 54
199 223
269 277
190 9
27 194
161 121
16 278
155 257
57 284
245 165
192 104
201 24
258 33
46 208
212 38
91 25
133 50
296 55
142 60
164 252
158 168
237 3
174 255
66 68
206 191
224 145
34 60
114 62
262 257
46 230
115 69
1 256
227 190
22 243
197 114
236 47
255 157
108 85
150 256
128 39
266 265
246 166
230 237
293 101
48 196
251 9
148 77
14 283
132 207
124 204
166 97
46 54
150 39
212 116
228 270
208 82
260 128
18 14
89 118
183 284
183 47
219 269
17 162
247 244
119 285
114 204
19 293
204 41
151 175
6 217
32 167
297 7
2 135
262 268
288 300
109 70
212 145
14 282
185 33
100 294
288 271
218 205
216 11
135 82
290 165
2 222
121 136
129 156
52 195
169 25
193 262
248 149
186 266
240 287
180 287
117 138
95 244
62 89
56 281
292 245
53 225
191 122
116 138
75 10
61 59
96 81
272 129
294 62
291 86
242 76
111 106
38 252
38 112
153 177
127 79
186 153
238 178
86 59
62 239
183 48
153 70
144 193
54 162
83 98
258 118
167 126
148 98
260 109
149 175
49 189
80 214
85 41
3 190
297 205
244 216
161 227
271 49
257 192
146 162
128 220
77 64
42 266
103 137
36 290
166 274
274 10
119 251
212 100
75 85
151 124
69 285
22 217
50 191
149 95
30 90
168 142
294 102
281 142
282 129
226 55
176 126
11 242
271 178
232 190
27 98
212 245
13 30
77 264
104 221
269 41
140 219
214 147
170 285
298 170
74 13
148 92
128 271
292 109
263 223
62 68
282 110
274 276
190 237
73 52
298 160
214 272
104 264
78 89
243 135
60 85
152 101
118 252
241 23
135 204
21 256
206 166
146 207
233 38
5 155
112 107
106 3
178 29
277 154
212 241
18 252
281 105
154 135
206 177
272 254
212 159
289 202
44 212
35 265
43 141
5 175
76 58
108 235
72 120
239 1
148 246
35 93
73 59
293 262
279 203
103 232
99 227
204 206
259 199
239 15
113 82
16 122
294 42
154 139
91 11
129 110
14 225
24 269
181 11
144 294
222 297
87 119
289 226
213 205
115 98
54 241
40 210
193 40
267 199
113 164
20 23
91 81
77 231
21 153
14 116
36 113
222 61
173 3
243 230
26 57
197 104
219 59
157 57
217 258
218 113
158 172
142 101
181 270
75 227
203 39
92 32
215 148
119 186
182 275
281 66
4 119
139 14
286 18
207 93
238 210
48 235
226 243
271 262
275 140
267 286
206 235
193 286
266 144
300 249
107 91
222 274
145 297
182 241
26 84
248 19
300 116
28 190
163 215
214 32
176 37
18 203
165 29
173 156
59 104
194 104
59 258
123 194
176 66
42 281
272 153
122 183
103 177
148 61
181 283
283 188
234 300
124 276
191 77
263 176
131 103
151 12
192 245
143 88
58 189
151 200
94 153
226 219
194 120
86 128
247 175
30 193
132 156
115 195
211 293
126 215
65 206
135 69
208 154
117 140
115 136
264 244
282 168
257 244
20 177
290 128
244 204
61 223
122 67
53 127
194 9
243 105
202 21
46 240
30 92
275 298
284 108
299 93
2 38
12 6
294 156
8 118
257 145
107 70
47 96
100 248
233 256
116 280
149 297
239 60
82 66
33 96
85 121
189 74
251 11
60 208
83 236
292 239
86 283
263 140
249 259
299 40
208 203
254 66
263 56
19 56
81 170
88 94
104 51
142 282
124 157
127 179
75 35
89 37
16 79
83 252
158 195
82 202
32 296
207 266
132 265
289 182
150 143
187 54
75 158
90 65
196 67
83 32
21 74
186 162
114 149
178 179
172 164
196 133
30 137
241 24
19 7
100 147
160 64
220 19
119 152
237 262
293 257
164 219
73 182
271 134
200 291
292 221
182 242
250 36
64 207
206 253
104 45
52 24
3 210
20 229
182 139
261 133
45 22
81 125
11 219
146 251
185 263
127 296
21 15
17 254
266 11
143 87
62 50
225 276
221 246
8 231
46 212
43 151
36 131
283 155
235 80
96 207
51 196
286 233
118 258
228 166
189 29
116 130
34 247
85 76
292 58
130 48
284 65
101 52
27 250
13 72
162 47
278 131
53 98
266 293
133 231
123 157
41 233
271 214
94 26
35 15
61 135
70 109
157 112
168 169
215 145
2 277
122 282
94 169
140 85
42 139
104 241
119 73
138 162
181 252
212 237
273 138
221 234
122 298
271 300
171 195
202 186
149 264
101 45
235 124
170 252
49 55
140 280
179 59
234 136
70 283
227 44
238 196
132 126
95 266
180 294
176 190
84 115
83 111
183 139
168 128
146 155
41 75
157 285
284 2
73 115
77 229
224 155
288 265
32 294
237 252
16 279
207 275
49 26
216 278
14 298
51 164
261 234
160 144
84 213
153 3
295 226
216 147
150 189
225 11
190 112
196 100
201 266
68 97
192 112
143 254
226 193
22 194
270 80
52 126
15 161
260 285
191 110
115 97
39 117
279 53
31 57
12 79
9 48
136 8
174 293
30 224
95 228
133 26
245 48
215 152
193 272
220 150
238 114
125 83
215 141
199 203
51 60
174 149
144 37
207 132
104 61
49 275
121 70
73 116
23 139
230 161
199 218
100 93
94 41
120 48
212 95
222 30
204 254
215 102
128 279
270 235
284 241
269 39
120 10
184 178
19 158
70 255
70 102
240 29
215 219
54 266
205 144
147 189
29 59
102 63
53 48
147 288
228 149
23 157
191 254
148 240
267 17
117 226
30 91
284 200
66 160
271 15
226 107
231 39
246 40
192 164
260 280
218 148
298 134
13 63
176 214
242 175
26 196
69 134
122 288
185 229
222 98
130 124
208 1
41 264
66 204
206 124
52 63
289 151
158 9
278 46
217 6
1 9
70 160
283 221
74 284
36 101
116 137
27 154
233 91
67 237
132 20
224 33
259 168
151 172
121 253
197 88
273 210
54 31
49 291
47 272
280 186
260 212
187 172
1 272
211 142
207 122
9 115
250 289
252 298
68 179
159 196
159 44
222 171
261 147
43 126
43 16
279 256
208 229
3 4
166 107
174 179
237 76
266 138
30 37
192 148
251 151
207 186
238 215
157 126
3 242
168 80
253 33
7 165
73 274
126 2
223 65
269 122
259 136
18 276
75 194
173 98
21 165
108 154
67 138
262 7
64 278
150 74
148 147
60 43
239 253
202 91
31 38
87 244
1 230
195 267
156 140
74 189
177 203
117 3
116 86
235 234
50 237
16 95
73 181
226 28
39 291
55 277
43 82
109 44
22 293
187 170
89 284
64 82
103 191
219 206
178 188
10 295
70 60
47 124
246 5
20 98
55 24
73 263
89 296
293 30
200 133
258 200
293 297
188 224
92 179
12 194
181 198
196 178
100 267
284 137
129 94
57 291
60 294
275 215
25 222
12 112
292 112
59 168
191 280
131 158
185 214
66 188
142 245
296 157
191 37
29 81
135 260
10 70
292 18
290 54
166 84
245 84
177 81
89 189
35 101
34 6
108 176
71 115
235 148
248 161
248 189
168 180
256 158
233 154
78 180
72 195
244 79
112 190
274 248
140 209
7 83
276 62
262 4
15 95
162 213
172 46
296 175
249 297
108 129
138 3
117 221
3 100
64 148
96 201
117 115
252 23
107 228
170 52
103 252
48 88
65 159
31 6
58 59
182 209
256 57
194 224
277 282
271 45
229 180
213 29
127 194
4 179
196 35
194 289
132 84
67 262
115 277
240 63
289 36
53 257
224 28
60 137
69 135
60 92
169 218
56 98
174 43
136 23
163 97
252 260
180 40
115 227
159 202
226 109
68 292
12 299
198 270
165 200
203 167
271 125
287 299
134 254
215 46
181 113
97 79
144 260
260 39
213 74
47 29
272 22
231 294
9 76
101 185
264 32
193 277
5 176
182 194
209 231
241 166
163 110
187 37
171 229
34 269
151 142
12 75
168 32
30 103
31 110
110 137
104 261
126 201
292 82
97 233
71 295
71 12
106 80
169 155
299 19
211 233
192 101
295 84
154 238
54 249
273 130
297 26
287 30
168 112
118 12
139 51
205 241
70 266
141 148
241 96
130 170
145 231
84 281
125 80
134 280
218 185
163 151
212 282
260 12
95 181
19 3
174 111
131 218
199 232
214 254
25 130
193 28
49 203
120 53
294 278
212 23
205 262
294 17
129 43
279 22
31 159
146 219
280 75
92 153
83 295
297 140
155 5
119 30
127 51
110 61
205 260
167 129
181 7
124 127
180 168
264 293
59 25
208 179
68 183
22 43
64 122
62 106
32 116
40 249
239 135
263 269
282 254
101 43
256 84
68 41
263 3
160 207
127 11
94 103
43 54
292 281
193 264
103 256
234 84
86 15
222 249
165 137
49 46
45 114
31 175
202 191
36 114
133 207
278 239
26 73
58 18
96 95
75 215
191 157
91 181
60 279
20 165
109 73
166 173
213 20
221 248
296 212
223 225
94 221
183 299
178 218
133 141
246 150
278 102
108 141
298 73
270 272
40 95
219 97
198 112
264 77
86 93
44 47
170 261
148 8
100 223
187 109
219 270
19 47
252 257
91 248
138 195
67 43
123 101
79 252
112 287
169 42
101 79
229 151
199 93
216 3
220 64
211 157
106 127
183 12
121 237
216 4
136 46
23 135
36 95
294 128
3 135
47 280
110 275
290 226
299 195
222 156
48 153
236 21
261 54
199 276
115 212
84 117
88 282
39 98
124 126
113 273
82 154
72 7
51 30
291 138
174 209
68 137
148 215
246 48
109 280
267 231
144 118
204 161
282 77
237 114
76 31
200 256
93 168
35 224
30 122
89 86
267 22
198 125
296 282
99 109
105 97
296 219
250 238
299 1
194 137
284 228
101 133
292 30
250 215
235 175
219 279
209 260
260 33
187 74
43 299
239 14
50 35
238 287
151 257
109 101
49 222
227 99
281 61
138 208
156 106
291 71
68 298
21 291
78 15
77 283
162 64
80 86
296 300
224 114
156 100
73 188
286 219
235 229
199 165
229 261
254 11
298 92
196 298
206 140
188 259
37 273
116 141
188 297
203 163
166 112
92 190
41 189
41 65
46 298
50 292
241 116
10 16
90 286
226 82
241 101
121 284
219 38
188 22
195 252
116 122
202 9
223 217
35 294
23 155
168 88
67 7
155 4
68 25
13 235
226 102
75 214
72 280
63 27
156 55
7 201
52 51
245 91
116 187
51 206
283 163
297 63
239 45
220 231
38 224
209 289
171 90
56 1
167 219
5 41
149 286
112 150
261 125
154 40
189 255
216 225
294 20
229 8
180 274
180 14
176 217
15 83
76 255
277 273
291 276
14 261
115 251
258 80
282 147
142 239
53 183
249 19
64 214
35 97
70 207
235 131
213 125
52 11
67 294
208 159
274 76
123 153
277 187
172 122
12 219
232 207
176 197
212 121
29 187
290 110
138 289
285 202
148 296
222 71
228 186
264 200
192 220
226 239
85 149
225 64
1 100
94 208
87 272
256 248
239 189
300 150
21 89
54 187
118 168
42 123
233 133
176 188
80 246
121 31
172 109
225 5
189 107
95 15
25 146
143 33
114 10
65 9
259 156
113 64
31 180
146 269
290 167
277 275
241 2
295 218
98 151
293 45
51 107
107 210
159 32
297 293
157 86
294 105
207 224
152 236
282 124
206 11
213 155
169 239
86 47
212 269
199 23
215 91
146 282
220 153
230 180
89 17
212 80
104 223
111 264
208 180
8 240
27 115
34 45
160 184
58 229
98 275
68 78
224 290
223 56
255 188
4 48
81 209
215 261
201 252
109 238
21 168
88 169
71 39
12 146
211 217
290 121
200 282
280 35
102 85
129 76
69 183
229 67
294 60
269 83
80 20
67 230
157 276
161 65
47 88
210 225
60 276
23 40
226 78
8 238
288 65
249 17
202 213
254 77
213 101
110 296
265 84
238 245
149 231
116 94
259 26
94 255
62 42
50 77
251 54
150 176
232 159
142 242
135 10
5 284
299 37
196 54
68 86
259 281
55 162
218 186
172 279
185 279
238 165
149 3
154 26
245 42
126 207
71 245
156 279
57 87
161 201
124 140
161 199
49 251
199 163
142 163
208 233
45 209
65 187
177 37
280 293
139 61
233 124
252 180
76 271
93 100
14 204
269 159
169 265
101 189
132 42
29 272
276 132
169 141
131 206
85 3
153 167
298 82
126 299
257 274
111 210
177 82
17 192
94 230
76 48
208 182
277 52
52 276
158 268
78 142
89 153
113 294
50 68
270 207
17 234
142 296
156 272
62 295
13 207
239 102
124 159
96 131
110 216
230 138
62 77
272 250
291 236
48 154
280 151
236 181
127 141
158 51
240 257
224 69
184 259
116 156
296 161
169 255
218 72
177 57
99 160
25 176
280 140
80 5
128 179
68 197
300 136
71 205
208 23
162 45
124 51
13 136
77 95
298 276
283 264
224 63
103 211
31 168
195 191
287 230
203 258
228 224
120 4
238 26
254 102
225 22
67 256
232 209
149 282
165 31
84 123
15 183
203 88
228 174
149 205
234 191
139 146
67 260
197 165
167 89
59 269
15 26
94 146
222 59
73 180
259 2
58 14
242 5
99 11
160 188
98 30
129 199
98 51
68 146
159 268
139 156
281 33
146 29
15 239
240 178
244 273
80 230
38 67
237 58
147 166
7 180
100 136
49 271
226 135
123 296
200 57
272 222
76 123
279 249
59 191
1 273
183 214
126 46
219 80
198 242
176 39
174 184
46 231
117 108
173 257
184 49
213 228
242 249
30 279
281 277
25 85
167 247
25 150
226 150
215 39
260 153
135 261
287 204
290 18
228 67
151 109
90 209
211 5
6 292
25 101
161 75
167 105
190 178
143 66
82 34
236 45
244 228
290 112
214 30
246 216
206 69
219 157
58 198
106 41
97 81
23 278
219 297
174 7
165 42
219 183
119 33
46 245
292 244
9 91
211 214
287 288
270 34
152 199
99 133
238 43
272 226
296 27
282 1
143 34
225 71
210 72
238 205
258 3
7 210
7 143
255 232
261 258
124 195
260 125
195 218
209 144
19 155
111 138
237 227
226 67
189 8
279 144
261 10
290 131
205 167
67 100
14 241
67 84
263 283
244 290
58 118
148 277
108 65
175 178
24 64
20 198
187 36
58 259
208 235
213 140
77 121
282 34
259 81
224 83
133 136
155 82
155 280
261 155
49 268
205 4
25 51
112 218
121 142
256 69
262 27
21 99
222 19
199 273
139 151
120 180
68 251
82 190
76 221
229 61
46 93
128 67
172 124
240 68
225 227
283 269
84 102
203 122
159 269
160 274
40 291
160 180
247 256
101 219
231 225
62 195
197 264
203 14
61 173
33 240
235 266
271 83
199 292
106 196
229 88
246 104
34 287
54 180
254 94
157 10
300 90
288 101
212 29
9 112
276 123
254 84
151 135
118 94
67 154
130 99
95 163
171 232
83 288
15 148
258 236
124 103
60 19
142 238
66 40
65 299
259 172
269 231
234 56
29 95
265 49
93 267
42 63
7 123
228 253
254 201
122 220
6 186
176 244
90 283
66 95
131 290
48 190
150 122
6 20
178 224
163 93
96 61
257 90
283 291
196 18
101 157
247 15
4 89
228 208
252 207
139 185
217 70
13 84
289 113
30 293
35 164
58 165
257 161
37 51
176 140
244 296
111 118
142 166
253 221
15 262
278 182
101 260
122 262
226 271
250 74
212 10
140 227
227 274
94 233
167 71
209 6
295 299
189 243
134 94
110 255
210 128
12 184
282 131
242 145
186 73
24 132
135 140
282 137
58 16
18 248
150 222
90 11
68 43
128 23
119 135
20 117
102 273
164 42
253 141
123 200
88 29
31 75
176 200
209 181
143 266
237 30
32 26
272 88
165 198
196 224
263 15
96 111
110 43
5 230
55 165
65 103
91 60
192 146
59 56
262 57
286 100
187 296
277 262
28 293
188 234
279 241
2 8
170 237
40 261
188 210
286 158
90 262
24 213
196 9
206 245
168 206
88 10
84 159
54 14
133 159
148 242
150 48
102 200
293 231
294 103
292 14
225 222
34 145
126 225
248 166
223 265
158 25
89 64
154 44
92 143
291 136
253 281
40 222
17 159
130 144
266 7
247 14
287 131
92 73
172 10
142 284
220 38
162 111
62 241
210 97
91 208
211 285
129 74
136 84
202 164
166 291
3 146
234 235
98 286
193 32
247 4
149 12
169 300
209 60
264 26
164 65
224 271
165 61
232 290
221 5
243 286
18 12
28 226
148 238
11 286
179 104
39 107
293 203
255 4
72 282
38 245
140 261
137 288
73 286
94 25
104 246
109 157
93 155
209 173
210 184
179 195
267 190
130 197
153 110
51 279
205 74
248 170
230 264
93 232
88 149
69 203
284 173
155 96
232 198
245 67
229 50
277 283
136 164
111 39
211 120
28 127
249 92
137 110
195 192
19 279
2 167
209 127
120 83
73 293
293 207
14 10
22 213
62 143
182 257
103 30
94 80
244 267
158 292
118 96
166 213
130 218
280 85
287 242
283 263
52 192
141 158
33 27
26 290
67 206
190 273
94 85
258 194
106 270
28 189
19 66
111 300
80 41
57 80
188 266
76 2
288 16
170 75
135 90
252 157
238 164
258 143
116 271
158 277
124 285
97 277
49 103
245 251
77 97
221 98
211 234
119 150
127 113
141 56
234 297
269 68
140 254
185 190
88 237
40 220
55 126
206 264
177 115
128 261
211 1
268 114
296 225
65 242
130 293
24 68
300 160
80 176
14 273
220 236
214 123
136 135
285 173
95 183
233 250
111 45
48 198
152 161
208 268
154 106
181 127
265 51
210 150
2 188
152 74
267 232
79 199
271 141
127 159
79 46
300 126
6 220
202 13
190 77
180 164
15 127
124 52
86 169
263 248
251 1
220 280
154 76
245 219
169 63
186 188
34 109
46 211
25 61
16 239
190 72
293 32
191 276
280 100
95 92
139 71
27 180
16 138
113 4
261 248
109 201
172 193
56 177
187 251
275 279
106 276
82 271
93 8
196 119
140 161
74 119
77 254
241 249
189 188
11 261
183 180
82 14
100 198
129 168
264 242
37 256
56 285
185 151
294 200
90 158
280 286
204 295
285 281
51 95
266 197
279 147
262 300
1 244
295 167
115 280
180 92
64 18
206 242
44 181
266 47
8 60
204 258
254 186
100 257
234 257
116 276
233 193
164 191
258 185
31 64
234 38
225 46
80 270
122 40
39 218
115 265
191 299
262 207
164 210
1 180
71 174
188 6
10 30
103 225
48 275
240 283
224 74
294 146
206 294
20 72
207 161
101 229
225 88
146 60
190 177
31 183
40 203
62 204
296 39
121 108
269 92
51 193
223 204
209 255
87 265
271 29
261 138
141 35
222 141
40 65
82 212
245 62
285 283
32 58
294 18
54 17
65 60
14 149
90 211
277 11
86 167
167 24
171 239
108 300
144 51
131 31
27 209
7 35
284 148
17 220
217 148
140 8
97 164
69 260
244 14
206 42
167 206
168 187
209 1
293 53
57 78
62 158
146 110
76 7
95 146
47 113
267 64
174 94
276 277
50 283
173 1
210 156
215 277
108 72
7 11
178 60
98 39
270 90
118 261
89 129
192 277
5 253
282 61
50 85
50 148
23 196
184 101
34 267
268 84
6 241
14 102
296 197
286 149
8 79
49 178
294 117
94 272
238 160
255 156
213 81
5 183
258 165
12 66
165 21
204 279
221 85
92 211
128 274
96 159
147 98
278 156
293 160
221 167
195 89
71 163
207 194
273 87
75 93
39 27
91 189
22 88
287 121
89 252
7 170
280 152
50 300
222 153
61 222
74 150
46 55
7 212
45 104
260 108
212 14
169 52
121 244
228 196
207 288
195 289
255 217
232 13
132 183
29 213
263 178
272 166
180 251
285 185
263 278
74 156
170 82
215 223
195 66
48 160
208 239
63 115
50 196
179 210
124 89
65 207
216 175
53 135
31 120
287 48
277 107
16 217
127 299
68 45
163 64
175 165
92 197
93 85
83 224
67 85
135 16
2 271
99 281
202 38
30 60
113 215
257 127
4 8
289 285
139 49
22 147
278 55
46 25
293 193
128 186
87 56
239 136
100 260
59 4
20 88
141 168
54 240
188 206
256 206
117 49
16 22
263 246
217 182
48 90
279 175
157 133
154 14
170 67
195 261
70 8
58 160
206 175
136 210
276 92
189 197
51 135
251 68
122 15
168 61
30 242
103 41
91 225
229 230
218 146
1 147
193 273
148 164
276 271
136 72
93 120
188 10
114 212
22 60
6 216
101 75
279 12
147 196
152 62
169 160
17 66
219 45
1 43
267 36
252 265
145 254
159 266
116 96
276 100
51 8
82 150
191 60
161 287
49 212
282 38
184 25
236 99
128 163
152 70
17 248
243 152
76 223
208 119
196 82
35 132
74 265
105 157
189 257
12 90
95 112
247 13
22 6
47 66
52 66
143 200
240 167
5 238
30 35
23 171
103 124
155 226
82 54
59 63
124 150
65 52
30 6
184 61
42 194
150 60
293 109
40 46
132 222
65 264
126 252
239 71
288 202
133 109
191 57
297 211
235 104
228 197
12 95
203 99
43 24
231 113
212 3
249 132
206 27
83 256
85 100
126 84
29 259
38 93
10 202
75 279
186 273
205 131
84 60
249 59
164 273
181 282
185 149
15 128
133 23
59 111
197 78
150 234
88 258
50 245
65 253
154 194
191 52
111 149
76 92
117 237
83 201
240 73
108 282
24 178
171 148
49 33
84 208
168 120
113 172
216 275
36 289
99 168
99 144
97 149
14 187
188 250
206 57
31 158
54 100
183 279
273 152
99 288
209 40
131 266
277 24
276 112
163 71
104 185
161 20
192 143
283 145
39 17
293 289
117 99
208 293
283 244
52 27
45 232
41 140
21 111
70 29
35 30
138 184
237 272
291 109
105 83
275 59
139 232
96 100
267 299
37 91
89 114
200 181
130 287
171 211
246 145
154 290
110 172
108 262
68 6
275 111
160 151
73 121
14 80
60 49
228 38
85 231
297 128
140 217
189 190
161 88
97 244
253 282
33 171
189 265
83 23
154 207
235 238
135 142
66 84
46 43
70 273
261 150
98 104
262 138
175 89
218 259
200 49
257 247
222 54
232 65
153 196
274 218
13 289
49 126
286 49
286 103
84 271
89 35
125 21
231 24
297 133
172 64
218 217
42 147
89 121
8 104
230 39
172 56
289 207
95 232
158 197
157 144
142 113
170 244
52 146
145 221
65 25
241 28
288 193
191 272
91 66
225 283
114 253
73 189
15 217
174 115
80 74
229 5
89 115
164 168
22 11
47 105
37 10
1 214
187 111
68 254
142 210
26 287
12 43
254 110
119 121
29 31
227 284
175 122
198 145
73 201
155 237
289 159
260 202
30 219
18 244
168 82
129 89
268 213
110 74
203 100
73 297
86 48
263 130
251 211
34 163
257 78
69 232
105 47
76 98
19 286
212 113
211 53
200 151
9 221
210 255
232 260
78 213
54 221
194 29
78 223
15 258
237 60
110 88
290 276
109 17
31 89
291 13
107 116
226 159
130 258
215 230
153 128
178 265
35 127
189 252
63 8
222 177
261 47
276 154
81 221
197 113
264 152
287 75
189 93
253 65
138 117
243 172
121 66
230 241
260 130
10 222
109 43
82 222
31 237
135 149
131 298
194 222
27 287
109 47
71 16
214 289
235 156
20 265
62 182
152 112
157 171
98 17
292 28
27 5
153 52
295 198
253 138
190 131
190 107
145 13
26 143
31 242
65 179
215 159
55 69
243 73
185 96
189 262
81 148
245 167
157 31
289 176
168 266
140 31
152 202
39 189
191 159
32 227
171 208
142 78
238 252
254 247
42 175
79 64
257 84
32 50
118 257
72 281
82 109
85 203
25 161
42 185
7 66
55 29
258 69
7 236
241 134
29 131
204 251
68 195
176 117
213 86
211 237
252 4
227 88
40 82
272 134
42 186
148 93
146 12
1 197
99 290
139 134
165 44
259 101
286 236
181 125
266 192
204 48
289 102
300 35
189 176
101 5
43 251
174 282
53 229
204 156
224 129
165 257
47 154
42 10
58 78
19 148
203 228
295 219
31 198
100 285
3 101
216 35
229 190
84 300
245 229
188 141
227 292
16 9
93 166
32 157
259 200
296 280
156 185
26 89
37 218
211 102
117 74
158 279
137 121
258 286
143 46
166 71
170 27
212 156
263 185
115 291
26 41
235 135
243 255
113 182
86 39
61 22
220 135
114 59
235 110
13 211
61 205
211 226
277 105
46 62
73 269
124 288
263 202
264 78
137 154
187 35
108 252
256 90
52 72
141 95
71 240
60 20
22 36
99 286
211 196
189 270
108 111
234 172
192 105
236 129
67 280
169 242
138 58
232 281
265 11
29 165
120 297
216 83
195 76
155 72
210 211
151 108
145 93
77 244
73 178
248 296
166 130
204 256
246 103
291 298
149 50
98 244
249 242
279 277
300 205
41 119
11 243
110 208
166 151
82 250
113 143
116 36
81 104
241 233
148 274
240 44
86 240
223 40
48 42
133 118
139 88
156 16
73 13
101 104
9 52
21 193
162 16
35 274
186 250
36 68
4 74
100 63
212 13
203 224
153 88
246 107
51 147
104 57
18 160
6 203
61 162
10 8
173 85
120 170
291 297
156 135
50 4
284 80
197 158
59 285
129 191
185 258
182 288
132 151
291 266
87 17
159 14
196 117
160 280
137 50
266 185
65 176
163 12
109 172
149 124
269 85
204 30
131 272
208 59
113 85
187 270
8 16
107 40
72 101
241 146
204 201
98 35
298 80
126 230
88 3
137 172
117 212
34 293
6 200
294 250
210 10
65 145
155 119
126 166
113 155
253 39
154 105
157 263
223 134
93 79
180 232
113 144
88 170
191 178
90 234
264 117
217 100
54 288
85 84
285 102
38 15
80 71
45 262
12 16
240 11
41 259
166 110
271 237
142 279
113 34
198 233
251 4
184 298
291 117
59 226
233 287
240 102
54 174
31 223
221 119
32 207
91 200
243 115
18 150
123 152
154 293
275 206
295 249
280 208
183 291
299 245
154 41
201 178
188 52
69 175
298 26
120 213
111 271
211 61
197 69
141 219
269 109
214 62
134 293
155 250
231 260
20 225
84 265
285 212
276 236
128 68
189 43
121 126
274 278
42 293
73 102
283 252
269 29
195 15
61 102
198 257
121 269
182 244
292 282
115 222
151 212
253 82
13 170
292 283
230 263
78 270
104 127
233 70
84 255
63 14
22 73
187 282
22 81
168 277
7 1
154 160
261 100
275 110
203 160
196 83
192 147
196 243
113 245
67 64
144 78
58 60
99 212
228 275
23 112
262 70
284 198
78 185
247 295
166 53
24 193
42 279
179 100
201 41
249 229
297 171
153 71
276 207
240 93
11 278
21 201
103 212
230 283
148 88
209 199
172 238
116 166
194 68
68 181
38 139
59 81
122 66
183 119
226 202
81 240
30 14
250 25
211 168
233 46
57 180
93 89
132 120
200 3
225 234
45 197
296 98
217 134
97 282
292 59
124 220
286 130
184 92
109 80
111 290
240 142
166 253
209 235
190 288
135 236
55 90
265 30
290 119
282 274
245 226
198 21
24 14
300 14
141 52
2 141
212 70
238 123
22 68
37 283
227 47
35 298
225 264
253 44
163 141
176 36
154 182
216 286
226 300
9 240
273 113
178 106
75 61
192 153
172 227
