102 3930
74 72
83 72
69 24
41 23
37 69
81 32
85 35
47 58
22 78
27 6
47 74
77 7
85 54
21 45
34 49
81 95
21 43
50 26
63 28
14 10
78 24
13 16
53 63
26 33
6 95
100 23
64 19
49 42
9 4
17 60
101 74
49 88
41 8
79 9
29 7
53 71
100 32
85 26
52 35
35 58
87 35
8 93
3 65
31 79
62 80
40 76
85 30
5 83
49 8
78 45
35 15
65 7
2 52
12 102
8 87
44 78
101 27
68 82
18 67
74 13
64 78
62 81
97 27
98 41
87 53
21 90
60 8
70 82
15 10
9 80
45 13
28 82
47 19
11 43
34 59
99 62
52 56
14 59
59 93
95 97
75 69
8 7
72 78
20 45
100 24
34 78
55 43
54 94
82 78
39 78
39 77
31 53
72 79
33 41
4 31
56 30
102 50
39 100
78 22
63 12
6 29
102 44
56 43
62 24
49 58
55 89
58 52
89 13
11 98
34 17
21 34
70 47
96 37
73 64
39 17
13 74
83 31
92 93
101 15
2 71
77 35
58 37
21 74
77 72
102 65
98 55
73 59
17 26
39 59
31 91
25 41
57 81
86 14
76 101
28 30
90 51
60 58
59 69
25 42
9 30
33 7
55 99
22 3
64 29
25 90
93 26
77 91
54 77
41 54
6 41
20 28
94 1
34 13
6 19
3 75
70 19
55 91
2 79
98 60
40 92
29 102
37 52
101 86
7 9
28 26
77 50
71 7
42 82
86 79
99 44
87 25
89 6
93 102
93 86
96 6
10 23
49 69
1 8
69 55
1 26
33 22
63 31
80 88
82 60
9 22
31 39
7 22
70 3
74 84
21 76
13 91
30 35
101 13
30 78
84 34
57 31
62 101
53 1
6 47
47 14
102 16
16 95
94 59
52 27
98 73
37 47
81 51
79 65
12 44
50 95
36 33
38 92
63 42
88 38
13 84
9 76
46 59
54 71
45 83
92 75
50 87
31 47
75 100
37 11
2 1
84 96
49 68
8 36
3 28
10 36
95 78
20 70
65 78
63 64
15 34
33 12
78 84
93 57
49 92
12 80
86 62
99 70
88 33
79 27
73 35
35 5
50 71
76 63
69 92
27 96
83 34
35 67
32 44
29 70
64 83
78 15
52 10
1 49
61 95
4 42
16 83
90 25
58 28
39 75
28 16
82 75
64 84
19 62
52 75
67 37
63 96
16 34
19 38
91 74
39 91
33 100
84 49
2 86
18 39
36 88
46 32
5 44
16 60
24 84
26 37
8 48
20 23
38 4
10 100
57 89
38 76
54 74
47 62
34 52
42 84
1 28
86 56
66 52
25 102
30 102
93 72
79 29
59 15
28 70
39 33
2 66
8 90
36 92
29 36
96 83
39 44
62 72
87 81
70 51
10 35
21 56
44 10
80 77
33 39
84 14
75 18
4 54
65 25
40 62
33 55
94 97
76 94
40 64
15 102
56 39
90 36
97 65
81 59
85 97
102 95
65 58
47 66
44 76
17 42
96 89
51 64
98 77
46 19
24 95
73 87
60 53
58 92
69 25
75 41
62 55
8 74
48 46
48 34
47 29
82 10
85 69
14 57
102 56
37 43
34 47
59 99
87 62
30 99
53 66
14 41
63 80
33 50
44 55
37 89
78 90
95 45
60 40
62 69
58 15
25 32
71 10
3 87
19 39
14 16
11 56
30 68
27 1
29 24
8 51
70 73
33 97
42 86
24 67
76 6
89 2
78 83
24 79
2 50
54 59
60 89
21 87
32 3
86 26
20 46
28 45
56 73
101 49
31 48
72 41
77 28
28 4
15 48
22 49
32 8
78 72
16 50
74 73
72 50
49 54
10 56
91 30
61 87
10 58
57 99
54 75
53 41
94 63
60 61
23 95
69 56
51 3
17 50
6 52
24 89
85 72
95 73
81 82
9 100
12 47
102 22
76 80
83 38
62 45
102 73
72 96
25 21
23 77
74 97
101 11
14 36
49 80
81 100
45 16
78 59
28 95
55 22
55 97
60 93
38 18
68 13
87 93
52 5
92 74
91 83
16 38
18 8
98 13
95 50
86 6
12 17
79 94
30 29
32 17
11 49
8 62
11 78
29 58
29 71
41 69
4 34
101 18
5 85
92 27
33 31
29 87
82 5
49 66
90 46
17 14
98 51
48 23
51 83
29 81
102 17
89 99
66 69
66 95
63 52
10 72
8 19
53 102
53 87
25 89
12 82
41 32
17 48
12 9
83 98
101 93
86 50
43 16
83 78
9 25
14 5
62 85
44 37
88 67
18 30
30 6
42 3
79 63
75 17
23 17
15 31
65 26
18 63
87 65
65 8
19 11
50 11
71 52
26 30
18 6
41 19
19 102
25 88
7 71
18 16
101 42
66 3
47 38
56 32
52 32
75 23
84 33
30 55
50 53
35 16
3 72
89 80
50 12
76 51
23 49
9 48
89 38
88 72
35 10
82 42
38 19
20 71
34 86
12 75
54 23
4 98
60 26
20 87
36 97
46 21
60 63
45 11
102 8
27 50
67 1
63 81
67 75
51 47
14 80
12 20
1 92
83 56
76 15
40 101
20 39
48 76
81 25
97 22
35 46
34 62
79 49
58 83
89 102
42 96
68 86
7 5
36 57
34 30
37 18
34 23
102 92
86 57
91 23
92 50
102 40
47 3
31 33
89 84
14 51
57 61
38 72
82 59
78 20
21 64
72 73
74 79
14 28
27 41
58 80
41 37
21 98
59 56
43 52
100 43
91 31
13 34
88 91
20 88
34 77
87 83
50 92
59 67
27 37
30 43
89 63
64 24
38 99
81 23
90 77
12 83
36 40
32 46
44 34
40 71
92 79
48 30
6 92
35 55
89 72
48 81
76 27
27 87
62 92
13 56
35 42
68 28
81 89
16 26
72 4
91 82
85 15
24 47
65 3
66 9
16 31
65 75
50 33
101 100
70 89
39 55
72 54
100 6
60 25
81 87
41 34
34 85
14 32
73 83
52 61
26 66
33 2
75 29
53 46
92 65
88 73
16 35
88 24
2 88
80 62
6 35
53 74
33 59
2 19
99 33
55 4
52 83
51 43
79 24
16 1
56 83
37 79
9 56
32 90
76 55
39 80
28 97
45 10
21 23
39 38
50 44
26 62
50 7
97 98
41 11
9 71
39 25
47 11
34 90
25 92
16 37
27 18
32 24
26 9
75 45
63 100
51 45
20 10
13 23
75 96
65 52
93 60
20 61
21 41
74 76
89 50
96 94
21 69
101 44
89 29
85 51
28 93
49 63
8 55
18 25
66 8
75 59
80 66
97 59
35 21
24 27
9 99
56 37
102 20
2 31
57 38
52 95
55 85
26 6
95 26
64 56
92 13
16 64
34 14
8 47
92 54
99 8
9 44
55 71
2 54
42 78
54 38
35 57
11 96
43 69
71 77
4 12
50 56
41 28
53 81
82 79
83 9
75 53
54 42
46 42
17 59
56 7
75 78
98 72
79 48
18 84
31 90
1 73
67 54
97 85
72 5
26 68
9 10
100 22
22 97
79 87
86 92
19 68
74 10
21 22
55 67
79 12
82 33
40 54
54 44
3 30
10 24
73 42
29 84
6 98
26 59
59 34
41 66
22 74
34 99
36 46
26 56
99 20
60 71
61 56
72 84
69 20
57 22
101 58
33 95
35 101
93 2
87 42
96 70
73 63
92 77
93 35
58 12
13 83
98 35
57 97
63 44
33 58
22 31
79 95
36 85
26 43
15 29
51 26
69 58
38 13
46 45
32 60
73 84
90 29
19 21
61 16
80 67
8 64
36 50
37 92
30 88
4 79
20 77
44 77
9 3
83 85
9 50
12 91
25 57
6 87
21 71
26 102
29 64
8 84
47 85
39 48
53 79
44 67
61 54
99 6
39 28
86 66
71 101
39 40
47 15
17 21
79 54
9 47
8 16
86 81
36 35
53 90
40 73
80 45
85 71
43 49
48 6
94 52
49 34
78 69
45 2
67 60
6 8
9 98
97 7
4 64
3 68
76 84
32 6
37 3
99 79
82 62
69 41
99 75
10 80
73 48
74 15
35 102
21 31
40 28
69 27
5 76
65 9
13 100
12 27
46 52
96 98
36 12
27 23
48 74
26 7
47 26
89 40
37 4
24 8
72 57
27 2
23 1
29 56
52 60
62 17
25 101
2 12
97 46
92 11
97 62
38 45
22 43
94 13
62 79
66 71
38 57
84 30
27 61
4 10
54 10
39 46
25 36
43 48
16 99
48 4
3 100
12 53
11 1
80 96
13 54
67 25
5 56
30 24
30 67
16 80
22 77
34 96
57 47
42 37
79 50
33 93
14 40
40 86
76 74
85 73
75 91
37 60
21 83
90 28
17 75
8 6
45 91
18 77
29 35
41 77
25 31
34 72
65 4
38 31
21 52
8 54
20 60
23 89
81 46
25 9
53 95
90 37
90 38
29 80
51 54
3 99
78 2
10 18
11 8
94 96
83 63
70 46
63 43
22 11
91 5
76 8
32 5
37 15
6 7
26 11
19 71
77 65
45 88
2 65
40 19
41 93
31 2
26 13
37 42
25 23
101 82
56 92
7 51
35 23
20 43
38 73
96 14
69 59
78 17
63 27
80 34
28 64
96 78
24 31
51 4
22 8
63 48
86 58
68 92
95 35
74 60
47 84
57 52
85 52
66 48
15 100
100 97
78 5
25 77
7 34
52 30
100 44
74 27
81 19
81 92
99 14
39 83
83 14
9 32
51 50
34 26
91 100
35 22
57 85
29 46
73 54
26 89
63 34
80 93
8 70
17 78
42 34
68 5
22 57
18 94
21 27
18 2
28 56
63 86
71 13
71 39
91 73
75 37
1 81
63 71
7 40
54 100
38 21
83 15
93 21
38 7
36 94
15 70
18 68
77 32
37 96
28 80
75 56
38 10
79 5
25 60
92 22
94 81
9 86
99 91
74 8
1 27
42 94
56 47
4 45
69 19
60 90
64 79
57 77
59 41
61 38
7 44
32 70
48 50
69 15
72 36
83 25
66 4
10 21
17 45
101 92
66 68
42 20
49 6
35 19
12 52
28 27
91 34
99 55
101 70
21 2
74 39
97 20
50 75
23 5
98 56
60 86
73 92
4 2
60 64
25 63
69 73
18 33
94 73
73 18
69 32
89 66
37 63
28 87
72 21
42 100
70 75
66 30
7 96
92 94
92 98
23 12
97 6
44 72
91 94
33 38
86 46
13 33
48 63
28 11
84 76
46 93
53 10
31 63
54 73
63 53
55 79
97 90
50 90
102 45
5 8
92 40
34 63
45 6
27 14
39 47
21 48
33 47
13 18
14 25
96 25
47 39
94 65
32 25
11 27
88 1
24 57
38 51
38 100
19 1
53 88
94 32
91 8
46 26
34 41
68 38
44 87
5 20
28 89
88 64
45 22
90 78
45 95
40 46
88 52
21 101
4 76
96 56
4 60
101 34
87 26
55 101
81 30
68 16
71 86
54 4
95 16
10 38
84 62
96 85
101 91
97 78
10 52
15 78
2 32
20 66
71 53
57 17
55 17
14 77
60 4
90 3
43 71
71 43
96 99
87 15
17 18
5 16
23 70
45 23
35 74
5 19
33 89
19 43
49 31
54 86
90 41
99 39
5 30
39 102
93 88
43 102
97 54
79 43
96 9
95 30
33 5
96 65
2 47
53 31
6 60
55 52
78 4
17 55
53 28
53 54
48 13
49 7
65 60
76 2
3 81
41 26
81 72
6 1
70 13
25 27
24 59
80 18
52 50
72 77
82 85
78 61
46 35
35 87
55 7
33 53
58 7
18 11
50 84
40 44
71 34
87 88
73 34
25 74
91 37
53 27
66 34
3 46
67 45
84 80
101 69
74 48
84 12
14 56
50 29
47 100
19 79
96 36
96 43
28 34
101 84
4 25
48 44
38 41
93 40
67 62
68 101
83 79
55 102
49 98
24 92
69 98
55 30
17 39
16 23
96 28
1 69
34 51
54 33
68 9
83 89
88 36
25 48
81 69
47 64
11 93
36 20
100 35
82 4
10 19
4 101
77 55
85 60
64 71
89 58
76 71
76 69
81 54
45 53
47 63
80 26
30 72
71 83
43 99
15 96
5 2
58 95
86 47
86 74
91 99
22 42
68 90
18 92
8 80
98 42
86 34
100 28
73 81
59 27
55 2
96 80
46 68
63 30
91 11
74 44
29 1
11 81
79 70
88 89
61 101
99 86
33 34
48 19
36 30
34 48
55 19
31 52
11 24
49 25
2 89
34 79
15 18
64 76
89 64
101 7
46 64
58 33
10 87
19 42
49 61
27 90
43 83
36 74
10 3
68 83
51 88
58 25
18 54
90 65
18 19
17 81
15 86
77 94
10 65
60 9
21 94
31 8
8 23
55 24
53 82
32 71
66 38
12 94
9 89
79 74
11 38
64 39
73 65
83 45
14 97
79 58
88 70
3 34
11 13
40 1
100 15
93 44
67 28
42 13
65 76
100 101
88 13
38 81
101 87
73 51
22 70
85 4
74 40
26 94
40 98
54 99
22 99
37 40
50 46
77 18
62 2
77 17
75 13
12 7
43 57
7 10
8 26
61 49
52 81
82 37
71 3
25 13
90 1
33 94
76 91
77 26
2 75
47 73
60 39
54 36
61 21
102 30
31 87
73 19
61 91
84 29
59 97
86 1
77 90
27 62
30 12
41 1
67 59
26 48
45 63
66 81
82 17
43 32
70 72
74 88
96 39
34 45
42 43
51 22
51 68
85 27
11 5
24 18
78 44
88 20
49 5
98 9
8 79
87 73
21 14
92 46
73 10
5 94
93 9
85 43
18 44
85 1
47 9
86 68
63 82
61 63
39 86
51 93
2 16
53 100
50 69
28 72
48 101
23 71
37 98
26 2
101 6
41 39
85 48
77 85
87 92
100 9
72 53
92 64
95 9
9 15
62 27
1 38
65 11
85 79
40 14
97 71
13 29
56 61
50 21
77 40
21 11
17 97
38 74
80 43
4 13
97 73
60 14
21 81
43 77
71 44
21 72
57 79
7 41
47 10
4 5
21 88
38 61
71 6
61 47
90 84
97 4
11 68
65 56
49 20
71 60
10 102
24 34
40 25
75 30
69 83
102 60
60 65
53 23
31 67
47 17
88 68
1 46
63 66
48 94
29 76
53 76
102 88
60 82
100 45
29 47
84 73
19 52
10 20
11 67
17 6
42 62
101 52
102 33
13 101
95 42
55 100
75 76
25 10
11 77
61 73
51 12
94 34
43 94
60 5
28 58
17 70
41 95
75 16
33 27
35 56
85 84
82 73
47 97
66 40
98 29
70 25
82 97
36 73
50 61
34 11
20 65
37 48
96 81
3 71
23 85
69 39
97 38
43 18
56 98
67 100
54 6
81 85
62 32
55 32
58 31
5 74
9 36
26 25
35 50
17 53
42 39
45 71
24 13
96 3
69 61
44 29
66 94
1 43
69 62
12 26
64 99
53 57
61 39
2 29
24 9
44 50
13 62
95 59
19 64
42 33
46 69
7 86
98 85
76 32
84 42
82 57
64 66
86 42
21 18
40 47
56 78
33 96
56 91
59 45
69 29
19 72
42 73
77 66
35 49
70 95
36 72
68 73
10 98
27 82
57 39
60 44
54 21
42 1
67 34
59 76
70 48
24 20
46 14
13 35
95 100
67 82
99 30
47 27
31 55
3 56
13 99
16 53
39 85
35 51
92 87
1 85
40 15
82 30
19 27
38 3
85 14
13 41
49 33
14 26
92 61
10 27
9 61
33 82
32 97
39 54
6 17
90 92
52 87
48 64
67 40
41 24
71 40
78 63
98 81
102 5
42 74
64 7
84 13
81 6
56 45
22 40
2 3
21 61
46 29
88 66
7 49
68 23
76 66
19 35
74 85
32 35
34 22
46 34
94 22
88 75
41 71
46 94
98 1
33 23
11 31
1 47
75 94
96 71
52 86
35 64
30 49
74 61
75 54
89 81
8 83
66 74
52 58
30 8
36 38
37 19
57 60
97 57
46 9
75 62
59 95
20 96
68 24
11 69
75 92
72 10
23 44
44 43
64 85
75 98
78 35
69 96
67 99
38 27
62 89
94 50
6 80
42 66
95 12
50 97
40 50
35 25
4 85
18 17
42 16
23 60
85 19
87 90
20 62
6 14
24 48
32 20
22 87
78 47
23 9
68 55
8 85
19 45
35 100
36 80
13 82
47 5
76 19
35 32
5 92
22 32
33 10
84 85
29 9
15 60
83 74
26 84
27 48
49 37
74 11
77 11
25 73
99 98
73 28
71 57
75 74
57 64
72 17
99 32
52 15
30 47
87 91
83 80
21 78
20 16
84 51
64 34
91 19
23 51
59 85
61 60
93 77
19 78
65 92
79 82
49 62
102 11
94 21
84 28
45 5
91 38
52 98
43 76
55 73
40 11
69 97
91 16
10 68
65 102
57 56
86 53
22 51
44 32
3 94
70 7
10 62
68 41
41 99
69 38
77 68
63 5
62 83
22 85
57 9
89 93
33 4
70 85
17 2
1 42
17 80
73 93
71 9
70 20
34 33
48 75
25 18
44 63
76 17
63 99
70 58
28 54
17 11
54 28
32 53
73 43
87 43
30 3
45 73
78 68
54 19
91 75
61 20
75 10
22 45
73 37
13 22
58 87
87 27
25 22
69 47
41 22
52 90
59 16
4 92
1 36
68 2
89 71
64 80
92 33
101 12
49 1
7 48
47 72
77 10
35 38
97 55
101 43
1 96
6 82
73 45
37 77
55 29
43 20
59 22
58 11
100 8
71 11
88 42
47 34
56 70
37 33
30 54
54 84
12 41
82 28
28 8
89 12
80 90
35 8
24 88
92 31
56 17
88 47
49 77
1 62
68 87
17 4
58 23
24 80
89 5
91 84
43 95
45 1
25 33
30 91
23 100
25 53
1 91
47 67
25 79
90 20
63 24
42 17
76 67
76 97
45 20
102 79
85 39
82 2
10 94
62 99
76 73
57 10
56 58
47 92
39 53
72 27
74 64
60 80
10 64
95 74
37 86
22 23
82 87
56 46
92 62
49 9
64 51
85 87
74 41
60 85
23 8
54 12
62 74
67 38
87 3
75 58
38 16
66 31
37 85
83 3
6 3
2 53
82 63
87 39
79 7
2 9
47 88
29 79
87 95
3 37
74 101
43 64
11 48
60 92
87 34
25 51
45 87
11 14
11 41
2 80
92 71
31 84
57 92
26 91
60 15
48 9
83 39
18 21
39 37
23 56
5 47
100 17
1 75
77 19
65 10
81 13
70 74
58 62
54 52
30 79
102 69
54 53
102 25
66 7
80 70
10 83
7 27
82 53
79 18
3 97
65 21
9 23
31 4
87 77
93 71
64 100
29 83
86 33
79 1
4 8
89 15
78 7
21 50
80 52
76 82
67 57
2 97
50 18
10 49
11 15
12 23
66 101
97 25
88 22
86 55
30 69
35 85
16 90
91 3
61 81
30 96
45 80
69 102
11 66
83 77
37 59
2 44
8 4
16 82
3 21
42 4
36 99
31 30
24 58
17 65
82 77
55 48
28 51
77 86
20 26
36 31
39 2
95 33
3 96
74 99
26 14
9 93
96 45
7 3
35 79
70 4
75 68
56 65
17 88
30 13
24 74
32 58
23 64
87 58
56 41
57 67
36 101
79 100
68 49
12 55
8 60
59 65
84 74
6 46
68 3
28 92
80 24
53 34
70 64
32 27
40 82
27 64
5 65
70 78
92 3
89 45
42 24
6 37
18 93
70 69
17 98
88 10
33 85
66 25
64 49
2 78
6 4
5 63
12 4
30 46
49 30
29 25
21 38
101 25
42 93
69 34
70 8
86 25
91 48
52 31
98 49
91 17
72 90
10 29
44 49
86 72
26 88
62 53
29 62
49 12
46 30
49 24
59 79
47 45
48 87
79 14
98 74
66 42
59 89
83 28
28 76
95 61
48 47
49 82
13 27
74 7
68 18
58 18
93 92
84 37
23 33
7 77
1 48
87 85
73 36
52 26
5 78
71 76
76 22
77 15
88 87
3 17
24 68
8 94
68 67
14 34
11 84
26 40
18 58
69 53
24 52
9 73
76 56
26 8
70 28
19 75
51 53
24 64
37 45
39 36
84 72
27 91
99 48
44 83
58 14
20 57
38 53
8 17
8 92
7 64
61 44
33 18
9 57
6 22
25 4
35 52
100 60
31 65
84 5
78 79
7 88
87 80
29 37
73 52
74 23
53 73
21 12
15 27
42 9
78 70
30 11
49 81
75 9
27 36
90 89
17 41
37 50
37 81
101 19
90 57
26 15
64 38
16 12
94 38
10 48
34 27
16 102
40 102
2 41
59 2
86 15
24 81
23 25
71 12
92 91
7 81
21 53
14 61
102 96
4 83
2 27
77 63
82 39
5 9
84 68
81 71
18 83
80 32
59 42
83 12
10 67
20 3
65 17
78 95
12 33
50 60
71 92
92 85
35 86
45 96
15 1
86 20
95 40
90 23
57 98
89 61
66 79
59 90
78 37
35 84
75 49
41 85
55 31
61 57
43 93
56 28
14 43
12 30
48 99
49 48
40 70
86 70
91 72
54 47
57 46
16 88
48 97
10 89
83 60
14 19
84 93
51 10
36 47
64 58
24 3
75 5
100 55
35 82
66 64
90 97
51 97
75 48
54 98
30 28
16 74
40 8
22 48
36 2
8 30
67 83
22 89
58 61
102 74
67 14
94 91
42 69
30 33
87 67
78 58
94 78
77 83
62 50
64 95
1 18
55 69
80 19
89 100
87 89
96 10
102 34
70 16
66 28
5 26
51 33
100 12
85 56
87 61
19 5
36 95
52 2
37 78
70 68
1 12
94 83
4 18
85 8
30 34
15 84
75 1
74 58
39 21
69 49
78 74
39 24
58 13
59 83
50 73
13 58
1 61
42 30
83 26
102 64
47 68
62 7
63 16
34 18
68 35
28 71
74 63
71 82
85 77
18 62
96 41
24 11
42 89
98 20
88 45
55 93
61 3
61 70
50 64
40 6
91 44
99 41
91 32
80 15
45 61
23 90
44 80
34 95
99 16
94 80
11 4
87 31
53 64
59 5
67 71
18 71
18 102
31 3
29 77
18 4
92 95
28 49
32 26
73 101
5 69
53 93
89 69
72 82
28 41
16 98
18 49
24 93
1 45
58 34
55 47
34 65
66 99
50 78
20 11
98 61
20 7
59 71
84 47
90 8
99 18
93 67
76 93
43 87
70 50
96 47
33 54
16 36
7 14
93 41
11 97
22 36
12 16
12 70
43 45
55 53
76 99
16 25
30 16
82 27
85 61
86 75
67 33
100 76
100 69
44 91
102 35
89 26
42 59
80 82
6 38
45 78
39 15
13 71
51 2
55 51
79 64
50 23
87 9
97 28
19 9
71 65
91 57
31 100
16 33
36 67
14 63
13 38
95 1
35 34
29 50
7 87
25 66
67 84
12 50
3 26
16 28
20 54
71 50
47 4
12 73
91 35
44 96
83 23
63 93
6 59
92 8
64 81
65 101
72 55
61 102
39 76
20 21
87 64
69 89
62 13
95 38
88 48
59 46
16 43
86 48
45 65
87 102
39 18
4 55
54 87
92 20
10 77
54 58
27 99
94 54
63 69
97 12
66 89
48 102
27 79
20 81
23 3
15 97
10 44
42 88
62 28
28 61
28 66
20 22
82 101
77 16
85 91
62 9
44 25
23 79
67 66
50 41
12 21
89 91
46 63
78 91
88 82
32 102
97 56
20 51
73 33
93 52
86 95
6 18
25 67
12 49
64 53
79 22
33 36
21 59
93 10
62 63
32 82
11 2
27 28
68 42
95 98
13 32
31 70
48 61
70 18
54 61
77 22
89 101
57 70
89 60
36 93
68 66
54 93
98 91
85 89
87 6
96 69
47 90
50 72
11 20
51 8
11 35
94 28
21 102
66 76
76 42
57 20
71 21
75 2
8 95
77 74
44 41
69 93
58 74
27 40
21 40
102 52
50 82
9 20
13 98
23 97
45 89
48 38
62 19
6 10
27 81
22 55
4 49
101 96
6 77
84 100
17 20
24 21
87 7
67 53
1 55
8 12
69 16
89 11
88 16
90 18
71 80
43 101
17 95
67 96
5 21
97 77
10 55
37 76
51 86
15 35
38 32
15 41
32 52
90 6
92 60
100 38
20 38
73 98
4 29
20 85
57 53
6 64
31 94
95 70
63 102
1 57
55 15
2 58
83 36
93 79
38 77
63 91
38 78
10 34
32 9
43 67
52 13
34 102
65 49
35 47
75 50
75 25
101 24
48 77
42 63
62 30
36 37
26 4
54 85
95 46
81 66
72 89
45 72
7 102
42 60
93 15
56 79
90 63
34 93
91 55
69 35
45 25
10 26
26 73
43 7
19 88
56 87
71 89
18 1
49 95
92 16
61 37
55 45
14 54
2 7
19 77
34 3
30 53
47 96
76 20
28 15
52 29
27 94
53 7
61 18
58 94
53 68
70 65
60 56
82 99
82 61
16 9
61 4
70 45
21 55
73 29
60 59
80 55
60 77
13 50
21 92
57 72
77 36
74 30
13 47
38 47
19 31
57 51
59 18
21 19
15 72
53 47
88 26
78 50
73 80
84 94
51 38
86 88
32 62
88 71
2 67
14 18
9 46
66 23
78 25
19 91
52 85
3 9
94 20
76 86
28 5
79 80
25 6
20 99
91 63
83 49
35 93
37 28
8 10
32 43
83 41
67 20
98 63
83 13
27 102
17 62
94 19
97 51
11 21
88 35
30 93
72 42
89 3
92 15
60 50
40 2
7 11
79 90
19 92
17 68
76 23
3 50
68 72
10 84
79 55
71 54
53 22
7 37
63 6
29 89
61 13
13 20
82 23
92 18
74 70
29 16
13 40
25 29
21 30
13 15
39 41
5 13
31 13
91 27
88 56
5 22
38 24
31 44
102 1
92 19
8 43
18 32
101 40
77 102
66 91
87 78
15 13
62 86
100 26
35 3
35 6
26 97
46 82
100 82
25 44
45 66
62 64
87 5
69 88
100 48
20 30
72 95
16 97
37 62
91 67
29 60
21 9
22 39
55 41
11 6
3 44
72 11
38 22
41 55
67 56
88 19
38 30
20 37
55 81
84 35
62 70
56 10
45 26
75 61
42 81
79 83
94 75
81 80
5 40
35 80
42 56
92 63
98 38
33 42
67 61
85 96
23 101
53 59
79 30
2 34
24 50
98 16
71 55
50 34
15 33
44 60
2 20
14 70
80 25
48 21
96 97
79 20
47 25
41 44
78 77
2 40
90 27
58 67
36 51
79 73
96 55
79 77
93 16
4 74
45 46
23 6
24 72
69 72
68 11
97 45
25 82
39 51
41 6
50 80
30 100
83 4
53 51
15 83
75 28
46 39
10 9
65 98
79 17
5 24
82 76
93 82
89 77
4 75
64 52
23 94
28 94
85 5
45 67
78 82
63 101
26 100
24 91
92 25
31 45
99 23
80 92
65 62
17 37
33 1
43 86
20 56
63 73
86 96
101 83
92 9
100 18
23 87
30 15
26 58
92 67
9 72
61 55
35 24
62 12
96 95
75 35
60 48
76 7
55 56
56 95
37 8
100 68
69 50
23 46
61 28
44 53
44 2
14 22
37 93
36 17
62 6
52 44
96 35
85 44
73 44
70 52
27 34
64 30
1 101
42 70
87 74
16 22
54 92
37 24
60 98
34 71
40 48
11 57
33 19
17 38
45 92
20 75
2 99
34 21
53 40
6 55
6 72
8 66
49 36
6 25
29 85
17 102
17 12
56 68
58 75
39 29
95 89
23 54
59 92
47 36
32 15
80 6
1 52
76 65
95 99
48 17
85 58
55 63
54 56
14 98
4 91
38 102
31 41
73 72
73 25
10 30
73 3
22 54
4 77
60 12
23 38
66 59
34 15
87 38
25 34
62 95
95 27
7 20
83 73
43 27
102 10
23 63
65 81
20 49
73 62
32 41
91 41
82 95
47 79
91 4
94 87
62 93
81 73
82 41
47 23
58 36
3 70
57 54
88 11
100 90
45 7
21 65
47 13
6 36
87 66
91 97
30 25
67 46
57 36
102 101
60 34
67 55
15 91
17 5
79 23
94 47
37 35
19 53
14 96
65 35
69 67
55 46
85 11
12 92
50 17
4 78
47 1
22 56
22 76
89 73
67 87
81 10
41 87
14 38
40 20
77 14
51 23
46 99
55 95
36 61
93 91
60 66
23 81
20 35
23 65
89 67
22 90
45 40
57 26
97 1
22 96
44 6
50 1
40 66
16 96
48 59
37 57
7 60
65 38
28 22
52 18
101 102
16 4
85 25
44 54
4 72
98 97
72 92
84 24
26 79
89 25
90 98
68 94
88 95
35 43
48 39
67 42
47 80
74 87
40 34
87 56
70 21
45 38
64 69
31 18
92 55
58 78
31 88
93 99
76 53
15 43
62 67
2 102
83 5
87 23
46 13
56 81
98 88
30 70
29 90
86 29
65 66
85 100
18 65
90 64
95 2
18 70
23 31
65 68
55 66
26 98
41 51
16 92
24 25
50 79
60 20
46 3
35 76
18 28
84 6
38 20
59 21
26 74
40 63
14 83
47 86
62 14
63 37
70 22
80 31
56 34
58 96
10 81
91 88
43 96
42 11
52 68
58 6
28 77
94 102
17 71
86 64
26 46
39 61
65 33
90 30
70 11
50 3
5 79
13 30
64 13
11 51
68 74
77 29
68 26
4 61
89 37
59 23
22 19
85 17
100 84
88 84
86 100
64 54
73 26
12 87
8 27
40 65
44 47
97 101
49 96
43 2
59 72
85 33
31 6
87 33
64 73
42 87
78 8
34 7
26 20
95 44
44 101
49 15
57 69
33 78
38 11
66 60
78 11
1 13
4 70
45 37
71 37
10 41
38 71
5 58
49 45
28 12
11 94
41 96
47 32
22 59
98 14
63 7
46 80
79 81
25 96
25 59
59 52
82 1
71 73
83 90
35 77
59 4
41 74
28 55
13 42
19 33
69 100
28 46
29 4
68 10
51 96
43 84
88 63
63 68
47 83
76 48
19 2
81 3
70 90
78 51
79 69
30 44
19 28
47 49
81 31
39 66
80 72
99 26
37 36
79 75
58 2
9 87
75 65
13 19
83 102
37 17
91 40
28 35
85 64
94 66
2 73
19 51
90 45
60 7
10 14
59 80
44 11
2 96
25 5
14 30
31 101
33 81
25 69
38 6
11 36
72 86
25 55
19 56
85 7
35 75
57 82
58 97
73 27
65 55
51 71
99 56
10 17
48 33
48 71
41 86
73 58
87 84
52 37
74 34
50 85
17 33
14 21
15 49
89 28
1 97
54 22
26 35
101 23
65 63
65 61
3 29
46 49
32 76
62 58
30 62
23 28
102 93
102 26
39 49
46 74
91 90
30 61
23 34
11 46
79 76
13 63
87 97
25 98
81 20
97 35
18 98
90 4
5 35
9 67
63 40
60 79
1 7
86 8
8 1
96 86
94 74
19 60
2 39
58 46
58 68
62 16
47 81
7 2
11 92
15 46
1 100
34 66
14 66
57 41
74 36
74 21
63 67
39 58
62 43
22 29
26 64
85 38
99 84
100 4
7 35
75 22
85 28
62 46
4 32
9 16
27 98
17 44
98 10
1 93
46 1
59 9
15 74
97 58
101 85
16 21
15 2
26 95
28 75
59 24
45 29
58 20
94 98
59 48
20 101
16 18
52 16
35 11
35 12
93 32
11 30
5 36
68 15
30 14
91 102
94 62
32 49
74 4
52 59
16 62
83 65
19 98
2 98
91 6
55 74
65 87
33 99
99 28
2 37
12 61
64 87
21 47
16 68
79 52
28 23
69 12
61 99
102 91
24 83
98 96
37 75
33 40
2 72
81 90
98 50
74 20
2 35
90 24
11 12
83 69
21 93
77 37
69 90
99 25
77 60
28 25
14 75
98 21
100 73
15 73
67 65
51 56
6 48
89 59
88 94
42 83
90 88
34 1
9 14
55 37
28 10
18 43
21 28
80 76
21 26
83 54
12 39
51 29
59 78
74 62
38 49
81 58
81 38
99 85
8 69
72 56
7 92
9 64
80 44
12 13
67 2
64 86
72 61
8 9
40 94
102 67
100 85
12 11
67 23
10 32
10 25
31 15
102 94
86 69
15 94
14 1
99 94
27 83
58 41
26 54
20 82
12 43
73 12
34 87
80 39
51 20
55 6
73 30
58 64
19 87
89 9
44 4
14 47
20 34
13 4
98 28
68 14
101 63
81 29
50 42
52 102
2 59
64 91
63 70
2 51
82 21
94 43
26 38
78 56
41 52
54 60
95 83
38 29
56 60
55 14
24 17
88 86
76 4
37 12
97 18
66 13
31 72
53 24
19 7
70 63
13 87
65 39
84 36
72 40
42 44
96 5
54 79
6 70
13 46
6 57
68 19
42 76
38 66
19 3
15 54
11 32
102 97
81 52
91 98
46 91
13 102
3 23
44 31
49 14
33 32
74 19
74 83
102 78
48 20
4 40
9 31
5 102
5 98
36 55
101 33
55 12
26 67
49 94
84 58
19 89
25 43
82 22
27 21
91 42
72 47
98 71
71 18
54 5
69 28
29 39
53 98
29 100
27 92
84 11
56 97
56 26
8 71
83 53
56 80
16 52
21 42
44 35
51 85
90 66
29 59
89 30
97 91
5 75
40 95
30 98
93 68
102 98
6 75
96 102
18 86
27 10
17 52
67 49
14 44
77 100
32 51
74 91
29 67
49 102
97 94
94 76
82 98
26 51
77 27
45 90
92 68
17 85
3 98
64 43
43 81
43 97
62 40
67 51
65 2
95 48
40 32
48 88
32 16
64 47
86 59
72 43
65 41
94 93
100 57
15 32
44 18
15 55
69 5
90 83
50 24
42 80
16 100
87 4
6 23
54 30
64 25
6 51
75 24
77 101
48 14
65 24
21 15
26 101
58 39
8 46
81 12
16 87
32 96
31 36
4 86
99 49
72 60
56 71
56 102
12 29
13 76
100 5
74 77
17 13
26 70
1 74
20 14
27 53
83 87
80 78
35 7
4 71
77 8
100 49
79 99
96 90
6 21
40 79
25 94
57 43
60 36
76 70
28 100
27 42
6 53
54 83
10 88
94 25
11 42
73 47
99 80
16 51
97 40
17 22
30 19
69 14
76 26
45 62
95 13
54 9
5 66
1 59
22 91
88 51
37 97
16 76
57 2
3 31
2 85
76 24
64 26
32 2
72 66
27 24
55 35
100 64
51 77
10 50
75 95
28 13
100 79
50 66
93 22
49 39
30 63
35 61
49 76
58 57
49 19
44 38
62 15
68 77
9 78
21 32
18 101
65 88
32 56
15 66
27 54
10 28
89 52
57 76
33 90
32 61
63 41
62 42
69 63
101 14
99 100
48 25
91 33
70 38
64 6
64 74
1 72
79 72
20 42
37 70
83 88
24 99
14 81
3 101
29 14
64 48
27 57
79 98
79 45
48 65
16 5
6 5
25 83
60 100
97 84
99 3
68 50
