167 7079
75 28
47 106
118 67
9 141
95 115
147 85
161 113
75 40
150 26
147 5
26 89
113 23
163 154
6 122
138 47
130 63
9 54
73 63
73 40
137 22
41 15
109 85
55 12
2 145
162 53
144 3
61 165
161 41
36 72
14 119
48 158
120 106
102 38
150 139
21 98
60 79
137 154
67 31
148 26
138 59
111 58
75 134
87 10
59 133
89 5
59 57
164 140
50 91
40 23
132 120
103 23
111 23
68 166
71 56
36 126
166 71
61 2
31 50
78 44
143 41
107 111
26 68
13 157
58 137
29 102
100 18
73 136
100 74
14 81
42 149
101 83
153 163
27 91
99 85
123 94
162 26
158 105
40 93
63 119
128 24
119 139
52 55
53 125
152 28
26 12
61 35
56 42
124 138
1 129
35 67
116 37
145 146
32 98
93 65
78 58
37 84
110 14
14 160
100 23
88 73
118 32
145 111
114 99
102 76
20 66
51 62
87 126
108 96
104 145
76 2
162 59
127 161
110 125
125 51
122 3
125 137
30 35
79 36
59 55
80 54
145 121
85 160
120 98
80 64
31 139
28 75
126 157
163 50
40 1
153 30
17 107
62 76
108 1
147 23
165 84
86 30
161 128
115 147
45 73
102 55
121 132
19 59
137 77
127 108
106 143
78 165
157 80
157 98
8 158
48 63
25 128
57 162
135 61
46 25
144 41
25 143
150 15
45 49
46 106
1 82
56 69
121 139
79 110
84 45
46 49
28 100
38 16
1 56
97 167
76 106
111 10
37 119
14 70
123 124
117 108
154 141
60 92
109 69
7 29
127 76
158 86
100 127
78 163
79 163
11 114
81 23
139 94
76 16
137 31
17 71
126 98
74 44
130 11
33 85
9 117
145 129
88 113
58 115
148 20
68 35
121 15
71 108
62 112
126 51
36 158
115 154
41 61
50 13
120 127
144 32
107 14
39 148
111 107
156 72
55 46
164 74
131 61
98 115
145 74
127 146
36 42
46 117
109 22
124 74
100 51
83 162
45 38
98 70
12 31
97 23
154 127
24 95
164 85
105 82
60 150
130 69
30 128
46 89
107 110
165 69
51 112
97 163
114 49
159 2
166 31
167 84
26 167
42 125
124 152
122 40
166 72
8 76
17 53
125 112
42 50
62 47
37 15
157 72
84 108
142 116
165 57
60 156
91 139
16 153
62 42
46 166
3 134
5 79
19 15
30 103
82 160
105 110
60 128
131 53
49 71
114 116
22 156
134 98
130 166
21 48
86 164
82 46
131 134
162 5
52 92
34 104
4 163
11 141
21 47
141 96
100 88
78 146
53 20
27 86
160 35
129 70
106 90
133 143
116 83
154 60
64 160
10 83
158 24
67 66
151 68
96 41
12 108
92 96
34 18
140 153
46 165
86 89
27 48
91 6
17 25
103 161
7 23
98 69
67 39
22 106
80 99
2 18
105 25
79 57
166 159
58 120
1 159
137 150
144 133
61 55
40 78
157 73
134 138
154 132
79 141
125 104
76 66
94 163
99 155
81 156
4 26
114 88
108 65
158 80
33 111
159 155
166 26
137 107
96 125
27 103
60 59
150 66
17 138
26 97
74 45
163 21
2 81
167 160
16 54
90 165
111 114
62 158
72 137
128 41
28 25
76 121
95 132
61 161
119 21
10 38
156 88
53 86
106 99
98 95
52 155
86 40
80 82
26 115
87 15
2 60
16 114
121 26
136 56
39 74
118 117
81 162
131 116
150 135
149 150
75 5
56 130
76 25
12 137
158 31
13 69
7 113
56 14
59 140
33 163
102 107
21 167
124 107
78 28
87 134
64 141
32 65
74 82
19 34
166 154
141 15
146 51
12 124
97 43
67 122
114 162
123 50
8 39
64 97
40 25
143 155
122 114
44 97
157 165
82 155
46 68
158 125
165 136
42 167
154 56
127 122
3 162
79 153
81 137
1 127
26 140
18 75
75 96
156 146
18 86
50 115
55 57
70 121
120 116
65 157
109 141
161 87
7 48
99 58
30 2
32 106
131 88
68 89
120 45
141 154
93 166
51 161
22 29
89 16
74 133
9 152
91 60
77 12
59 97
16 58
56 67
26 14
41 108
51 113
24 48
111 16
132 137
75 159
68 105
46 40
139 67
166 105
87 164
129 2
129 119
12 22
33 110
152 63
31 124
137 148
66 167
111 156
31 77
103 37
28 60
43 99
3 30
71 100
109 74
25 52
158 51
107 126
83 70
80 68
97 47
124 22
58 93
153 4
131 15
161 166
16 75
9 101
87 80
55 75
5 94
49 78
75 42
123 47
82 166
57 78
15 155
144 166
72 80
96 49
117 152
21 58
37 7
83 12
37 151
83 152
49 141
4 91
7 13
55 48
123 165
151 55
112 110
137 83
161 159
152 156
113 45
107 117
14 115
107 124
57 104
39 149
146 140
58 41
5 93
7 103
113 105
121 137
157 37
144 68
50 46
45 123
101 33
8 42
132 34
65 39
27 140
143 107
127 21
62 38
85 36
146 65
64 31
162 150
43 106
130 89
48 130
128 89
51 111
19 75
165 13
23 73
122 23
33 95
125 145
61 28
156 9
119 44
157 109
3 152
85 51
48 123
136 157
141 33
130 158
135 114
18 12
96 146
104 19
120 8
34 47
119 77
7 30
99 145
138 83
25 61
81 78
105 79
141 82
80 146
89 165
3 158
13 131
107 114
162 14
128 122
54 19
37 99
47 135
6 92
122 89
15 58
114 69
23 58
135 166
138 124
155 134
12 123
53 9
24 57
43 70
22 120
104 52
149 72
93 164
104 112
124 159
118 88
167 77
54 143
68 8
48 126
153 82
27 118
127 118
5 145
60 123
154 62
89 148
8 121
89 162
142 68
149 11
86 143
73 30
15 84
103 33
134 2
13 95
106 129
97 56
105 22
108 136
86 121
30 135
145 72
82 133
63 164
153 161
92 29
89 167
102 56
89 63
103 57
148 151
55 50
49 62
45 34
52 142
77 143
8 95
60 88
81 32
5 78
119 19
156 11
1 90
126 152
9 97
70 17
106 33
21 57
47 6
47 74
106 135
94 128
37 19
164 128
94 166
5 134
46 84
59 119
90 112
137 56
58 119
121 102
114 112
80 97
27 19
3 135
82 75
104 92
84 144
149 5
86 52
73 67
129 118
64 88
113 71
120 162
32 161
33 146
149 17
100 56
17 93
138 106
45 13
1 17
50 130
167 157
12 78
137 97
61 3
124 147
75 141
149 112
16 123
157 54
30 63
30 76
31 163
135 21
156 44
22 155
35 161
30 24
81 21
3 84
88 131
86 106
20 13
89 73
166 88
35 87
40 61
81 111
4 113
133 14
118 19
124 165
30 28
129 86
95 47
44 75
81 15
65 67
117 136
27 116
63 140
150 74
13 58
27 145
4 19
19 23
64 80
142 102
114 60
120 160
129 26
162 121
97 150
154 124
22 142
21 44
67 112
101 118
63 17
18 167
146 102
68 132
38 67
92 25
85 49
39 134
114 155
54 86
16 132
164 137
64 95
81 159
51 76
81 122
47 161
73 132
122 94
94 105
99 80
38 136
125 90
74 54
21 4
149 22
150 80
10 56
144 54
137 37
46 132
101 115
152 47
116 91
24 79
44 126
150 44
21 81
45 128
17 142
94 95
56 159
134 47
2 3
73 20
6 108
148 122
118 43
144 158
16 45
104 49
143 164
81 65
158 77
51 89
80 167
69 98
96 84
34 103
137 166
143 55
36 1
152 12
42 58
117 144
96 103
38 99
9 5
102 151
103 13
102 139
155 151
110 153
129 164
36 93
87 77
63 4
122 95
72 89
48 18
18 130
67 109
31 56
38 145
59 104
114 70
155 29
84 69
27 64
104 37
13 88
39 89
142 12
125 44
64 9
82 67
100 2
164 25
156 51
81 154
164 88
106 142
120 107
19 43
156 16
68 127
33 24
154 22
156 24
100 159
105 62
64 104
153 83
110 166
59 52
95 45
4 146
31 16
140 144
155 73
166 122
105 120
59 19
25 110
120 89
13 51
109 25
92 12
22 74
50 51
126 125
142 121
72 8
114 37
78 45
153 38
97 128
157 96
131 54
151 15
74 153
74 60
47 33
23 68
89 3
101 23
95 8
121 19
55 35
12 47
88 40
20 114
75 163
111 33
82 29
134 157
160 11
108 46
93 122
18 139
148 141
125 4
73 48
165 62
125 132
117 93
131 103
54 17
36 136
4 15
28 160
120 148
84 22
139 153
53 78
159 166
162 28
65 124
152 23
151 163
120 134
5 138
124 78
162 45
78 89
162 113
13 137
115 108
159 136
164 161
121 12
69 166
132 44
60 62
159 30
143 6
94 31
164 106
108 14
80 157
125 131
15 119
55 90
27 50
103 105
62 115
157 9
159 138
102 50
3 73
69 129
58 62
10 99
141 45
60 46
133 122
121 39
50 140
41 25
43 148
112 103
5 64
87 100
3 11
22 15
86 102
38 33
121 73
36 162
137 82
63 160
114 15
90 130
38 24
133 164
4 89
103 114
162 123
147 50
94 66
69 71
151 88
74 13
107 108
70 47
18 24
132 158
26 151
89 113
49 149
87 118
167 91
76 54
112 70
32 162
28 106
13 103
102 13
132 6
22 23
159 116
113 106
151 125
25 144
108 97
25 55
69 3
10 28
81 84
50 61
165 24
151 131
134 133
17 16
134 53
115 7
144 148
102 154
123 150
17 150
88 93
64 93
152 127
22 44
19 82
55 147
116 15
81 54
106 165
143 156
136 137
76 5
152 124
78 55
162 93
43 83
50 81
12 154
86 75
141 104
133 152
126 153
108 39
104 26
72 125
124 149
104 160
101 134
145 66
95 59
91 162
149 87
130 102
29 46
62 7
99 152
70 152
12 167
161 5
149 158
59 34
54 165
36 17
55 66
49 144
13 116
105 68
21 97
124 24
95 49
118 138
163 133
35 89
149 144
88 121
41 26
11 116
71 67
143 25
60 127
141 142
163 10
150 115
5 144
162 116
152 151
21 18
129 67
51 13
45 114
49 76
106 40
148 18
75 158
111 88
97 6
104 83
78 142
23 64
52 16
134 162
78 87
108 126
164 114
157 160
165 25
77 48
73 90
11 137
162 133
55 109
53 123
151 64
41 149
127 11
53 68
165 109
6 41
30 29
129 4
163 153
144 69
157 123
141 50
154 26
1 70
11 69
28 154
3 45
152 26
138 107
95 130
61 9
11 165
23 104
28 10
136 131
11 30
44 157
80 118
132 136
103 52
115 128
5 96
165 74
89 77
129 69
125 79
28 31
80 100
97 133
87 153
137 120
163 126
128 139
103 143
114 127
144 110
101 18
56 99
40 133
141 78
112 156
42 79
94 72
24 108
5 33
158 4
28 22
11 115
10 23
156 1
56 107
142 19
126 3
71 64
135 118
49 145
142 158
49 103
131 74
7 130
164 132
110 116
35 165
41 58
4 57
155 130
79 34
50 33
25 40
77 42
51 129
91 71
52 158
21 43
52 123
90 31
76 107
105 132
155 164
7 87
105 145
32 153
44 13
139 24
121 116
97 157
155 47
70 129
43 66
80 33
20 101
144 129
104 51
8 163
106 113
104 155
104 60
50 7
105 158
136 150
1 2
28 132
129 99
35 92
30 82
126 154
86 146
97 51
51 24
67 126
96 141
101 78
75 113
90 161
126 73
50 112
3 35
164 141
36 46
41 35
19 138
83 79
91 11
110 12
141 54
91 25
130 29
144 149
111 52
29 10
96 21
66 114
129 28
88 33
155 106
60 96
151 44
152 164
50 80
97 143
87 65
86 93
93 126
156 48
45 76
85 122
38 109
65 26
133 115
46 13
27 29
110 99
117 27
110 90
61 120
110 20
29 52
51 165
59 43
2 112
123 67
77 60
16 90
26 31
158 17
7 78
103 144
13 53
17 123
138 117
51 166
123 141
81 130
43 96
84 139
92 129
24 8
118 42
47 58
87 162
35 83
52 102
25 115
38 9
117 43
152 149
138 15
56 26
66 38
167 22
5 123
127 150
159 126
46 38
92 103
113 36
121 103
42 72
17 126
30 126
160 46
96 102
91 28
144 16
120 99
124 144
75 121
88 41
25 4
15 13
118 127
94 125
43 114
67 92
17 80
17 44
99 55
94 58
53 103
39 162
84 114
149 2
60 89
54 146
105 64
125 81
155 121
19 137
93 137
62 124
129 117
62 143
74 91
103 8
117 119
69 54
36 65
16 34
42 32
5 125
161 136
136 79
83 80
28 86
161 103
97 99
36 111
127 136
111 45
60 117
61 139
45 127
72 132
92 42
10 89
122 138
89 37
141 13
15 105
73 110
135 49
124 63
110 15
91 112
53 50
91 66
59 35
52 31
74 121
21 141
122 121
17 84
122 111
13 140
120 83
154 135
136 159
43 12
89 7
17 153
80 32
119 25
10 102
24 13
84 145
131 44
91 152
50 163
8 13
130 119
40 64
70 40
37 41
94 129
166 108
27 1
34 27
97 84
116 108
79 148
159 69
7 64
112 144
3 111
88 51
76 154
106 136
166 75
165 118
23 2
31 166
8 162
37 25
78 88
154 29
48 133
125 59
143 114
136 135
2 124
53 30
8 43
25 16
162 69
66 164
76 117
84 37
26 70
162 19
75 74
158 103
122 1
14 39
125 63
8 50
119 113
130 83
130 21
150 51
120 2
36 104
96 68
39 142
153 1
141 135
118 96
166 49
139 159
57 60
153 44
144 94
93 42
102 85
75 15
73 144
6 78
40 63
56 115
2 28
75 99
33 65
109 151
87 74
45 120
144 24
58 37
132 140
7 164
66 92
18 29
140 79
125 78
89 131
107 144
88 46
33 54
155 93
86 105
111 53
126 21
95 102
78 149
162 47
77 91
117 53
86 63
118 1
132 74
39 29
57 22
140 18
57 154
66 115
8 63
21 87
26 127
73 25
103 53
63 109
124 123
144 2
167 144
23 1
70 98
65 96
41 69
72 101
89 32
155 9
130 31
131 110
116 81
161 104
31 125
48 164
24 16
107 103
13 148
164 158
3 103
1 134
111 142
111 103
88 39
142 60
117 142
70 111
160 6
10 143
77 38
142 152
11 59
60 17
97 88
124 30
21 17
134 21
143 78
13 130
11 147
99 74
148 155
9 128
35 54
157 92
159 87
107 62
64 114
146 72
125 82
62 131
19 26
150 33
25 23
10 71
32 131
51 4
149 101
136 155
6 89
69 127
1 112
44 125
146 161
40 118
92 65
90 113
90 151
95 63
23 18
12 38
145 142
95 68
55 33
116 109
97 111
47 24
136 68
5 47
119 115
4 157
126 47
80 28
113 129
50 108
133 108
63 55
20 70
49 166
73 23
130 92
107 139
111 80
76 72
149 74
15 144
120 155
97 87
75 140
48 116
120 137
146 143
146 96
137 74
21 10
122 19
160 78
23 31
24 31
127 46
130 19
32 46
124 130
114 129
37 133
77 35
155 119
136 13
152 64
109 3
153 86
26 34
7 60
21 64
76 37
117 159
61 29
158 110
80 8
7 17
111 41
159 23
151 4
53 19
94 92
111 104
161 76
160 110
111 56
73 62
66 127
92 104
134 101
89 39
41 46
133 73
135 2
124 36
26 144
30 153
24 88
102 65
95 142
88 106
161 74
164 39
91 95
46 58
31 113
126 60
1 32
12 17
98 131
59 70
19 162
54 147
139 36
59 31
102 124
24 126
66 146
109 153
149 19
136 14
86 35
114 133
25 19
118 72
15 46
62 14
120 136
161 133
148 142
81 131
60 95
66 44
65 73
17 70
99 59
24 149
108 104
154 110
2 114
144 81
145 57
51 159
61 44
19 87
138 134
69 44
4 50
9 11
161 160
148 143
135 44
98 72
106 103
104 82
98 27
15 78
147 2
166 90
127 16
30 115
158 91
132 88
67 104
64 92
27 151
39 53
122 149
14 76
139 74
64 100
60 76
150 128
42 93
103 167
40 22
2 153
88 23
61 152
95 153
164 144
16 46
22 51
29 30
62 137
100 14
137 39
69 115
2 115
37 104
60 94
45 86
59 29
150 124
107 74
6 36
44 107
85 5
123 114
61 156
155 57
164 37
117 137
64 130
148 1
92 152
4 104
152 39
108 60
110 38
30 83
121 149
131 28
17 20
1 113
63 161
30 136
98 14
95 65
17 61
100 81
106 43
12 146
104 100
127 41
34 50
25 36
116 160
73 133
74 117
138 164
35 64
92 50
60 165
40 89
50 139
159 100
128 162
165 6
60 111
58 103
79 97
78 109
160 41
39 73
143 27
163 7
136 132
97 164
52 54
114 76
23 112
77 135
81 67
16 108
28 128
5 132
10 69
79 53
105 12
50 35
46 91
116 113
52 59
123 60
32 84
69 155
56 140
17 36
167 100
45 139
94 61
83 39
77 67
100 146
41 27
148 158
147 15
50 41
46 11
104 102
57 58
145 32
130 162
45 60
109 30
5 36
72 81
113 135
136 99
89 43
23 145
104 132
61 48
163 104
120 61
70 142
15 75
130 33
31 17
2 56
29 5
67 74
47 152
17 77
141 32
79 120
49 12
11 57
142 126
45 124
61 34
100 132
59 162
155 162
24 81
153 99
90 89
97 58
3 157
148 59
107 129
160 111
83 11
76 86
28 38
134 5
53 119
57 5
92 133
104 58
81 9
24 138
29 110
73 142
34 113
9 154
29 62
20 118
113 62
16 6
38 104
102 19
66 81
54 29
138 86
71 160
157 81
95 90
70 145
150 147
56 18
17 125
121 53
32 20
76 89
52 160
48 96
122 12
132 31
107 48
100 137
143 28
106 116
48 99
163 114
9 105
160 25
97 153
93 52
55 24
149 64
102 117
5 114
12 99
5 8
131 27
3 155
138 57
14 128
7 93
85 163
122 56
120 53
77 74
130 5
164 133
66 111
20 42
152 44
34 124
140 150
116 93
79 90
129 139
18 17
135 153
32 145
56 148
137 92
14 60
55 56
100 148
63 80
33 143
29 70
11 135
102 125
17 69
20 50
1 74
147 118
14 33
55 101
88 4
36 122
57 141
43 137
154 138
75 115
84 150
117 128
92 77
92 27
140 102
20 38
15 47
57 151
15 76
6 43
73 105
29 130
116 55
23 133
158 89
82 117
102 113
116 130
92 95
82 145
56 96
144 121
95 40
151 138
62 51
54 114
54 116
151 56
24 164
163 19
41 135
113 156
37 88
143 96
101 14
88 129
17 15
25 165
19 20
73 64
108 80
148 45
29 128
89 35
137 114
99 26
66 24
97 166
48 78
86 13
152 89
8 19
166 106
26 69
127 29
82 94
115 55
85 67
163 165
46 73
53 79
104 120
133 146
12 102
89 46
45 42
76 141
74 126
38 48
129 104
75 16
122 36
125 80
101 25
12 33
158 10
106 67
142 160
82 69
126 16
126 44
40 122
66 36
7 162
156 106
39 48
5 162
28 34
44 151
22 2
105 118
19 164
26 45
70 76
67 86
77 161
58 84
54 8
44 114
68 154
17 120
160 92
29 81
19 79
10 59
137 145
67 73
148 65
47 49
150 159
95 99
23 79
25 26
12 30
124 102
40 50
86 110
25 87
139 103
29 161
133 98
73 46
8 46
87 107
147 165
141 102
139 25
66 77
104 20
152 50
35 160
81 110
85 16
20 47
118 65
132 150
162 151
99 120
79 74
51 28
42 67
10 60
56 49
158 7
37 2
33 122
52 101
160 121
42 39
77 45
145 60
105 126
77 41
68 102
2 17
102 128
88 49
68 141
158 135
153 105
10 73
43 147
87 12
10 85
95 77
97 25
5 44
74 59
142 76
19 116
86 17
166 113
66 20
90 140
68 6
117 17
11 94
41 66
52 37
146 19
56 112
1 156
20 43
140 53
165 104
105 30
97 124
108 24
137 86
37 123
117 102
71 38
113 112
19 55
117 64
162 88
84 107
59 89
156 54
109 27
28 67
42 106
3 38
155 61
27 13
59 158
125 107
85 103
133 70
127 112
11 64
13 48
139 98
104 40
78 155
81 57
144 137
74 81
79 118
159 121
3 21
14 122
15 34
20 4
55 14
91 100
99 19
98 52
127 34
160 123
35 146
135 17
82 47
136 60
31 36
21 125
17 55
129 76
48 30
141 76
13 167
71 162
135 133
138 40
65 64
69 46
130 45
78 94
133 145
154 95
90 61
151 90
35 97
17 66
54 135
112 45
83 59
92 3
63 148
158 76
145 67
57 132
30 1
117 110
128 108
131 140
13 1
65 48
137 151
70 73
161 51
13 57
32 128
77 166
165 105
29 159
50 78
53 120
42 92
74 73
31 88
1 45
9 67
19 22
77 2
141 156
108 74
122 55
91 45
1 22
81 1
57 30
121 74
73 102
50 73
44 49
65 148
17 9
56 17
31 44
53 38
83 75
50 138
139 91
122 151
79 61
112 63
90 70
12 70
148 69
68 137
44 113
20 2
41 70
33 106
20 71
45 97
115 134
20 54
48 101
93 68
145 6
106 7
63 94
26 16
159 81
8 129
142 24
87 37
63 118
62 18
133 140
108 95
32 137
134 140
98 93
105 155
155 118
163 3
47 39
28 124
88 77
68 111
60 57
93 24
64 162
21 12
83 117
140 44
49 116
22 133
127 156
137 9
87 103
39 127
65 134
133 44
142 53
128 42
31 106
9 26
104 62
106 21
153 129
94 167
146 148
42 35
83 20
154 114
11 128
137 27
122 97
130 7
105 123
7 100
78 51
90 56
41 20
118 132
6 130
133 50
60 68
3 60
138 44
96 11
86 1
136 154
132 163
98 141
57 46
38 142
121 101
98 23
68 28
112 59
118 83
120 68
109 105
91 56
41 134
15 69
77 153
69 156
22 69
101 104
134 127
88 155
13 98
166 143
141 90
40 66
86 14
150 146
46 34
113 67
79 5
113 131
26 95
110 120
95 61
131 143
101 129
92 167
155 153
145 64
48 61
51 81
73 53
113 140
124 43
29 106
82 162
128 154
123 154
91 85
70 160
119 109
116 156
126 64
80 42
33 20
86 128
33 92
35 121
40 87
57 53
37 130
145 45
49 117
38 152
132 41
117 135
120 128
165 2
2 54
3 78
119 142
146 69
138 25
144 6
140 45
40 146
70 97
38 155
114 87
83 105
45 166
107 148
52 129
24 28
28 156
155 56
13 136
136 17
5 164
35 101
61 112
74 75
161 154
17 54
122 126
128 22
119 34
54 103
155 3
144 164
115 60
70 64
34 23
73 155
141 167
44 103
148 12
32 52
165 119
86 48
118 40
104 96
121 165
130 167
100 126
108 82
149 73
134 39
139 116
113 92
54 140
125 13
126 13
109 103
133 72
90 101
103 109
98 89
103 117
3 25
79 66
37 63
104 79
165 135
65 25
108 165
103 106
106 65
110 106
16 109
27 159
42 116
125 9
123 20
32 70
55 113
72 107
84 24
122 62
61 138
73 69
103 20
69 149
31 92
104 164
10 6
64 151
47 38
157 134
159 42
12 165
124 121
156 34
24 93
150 158
132 156
90 160
131 73
144 33
92 163
135 69
66 128
30 141
58 32
24 32
128 32
109 94
118 5
80 21
164 57
15 111
157 162
157 58
22 82
87 79
139 22
100 130
30 161
143 138
132 64
104 116
42 153
159 35
143 11
164 66
99 86
127 110
82 167
137 20
32 72
110 3
114 157
9 72
79 58
81 20
158 57
137 98
167 57
7 143
48 38
167 12
167 15
87 130
158 52
97 37
23 44
125 106
29 103
59 39
24 73
38 49
62 50
7 45
23 82
159 108
28 74
43 51
165 39
105 81
136 15
160 139
75 145
59 73
120 79
41 106
117 82
4 119
9 159
31 72
91 133
1 65
122 157
114 43
7 147
155 63
25 149
65 131
8 141
67 108
144 23
45 162
84 76
3 114
88 137
31 5
21 94
58 116
143 94
70 20
24 54
112 84
66 51
10 141
100 26
47 166
157 124
135 42
101 96
150 161
44 105
110 83
31 142
70 164
2 24
159 124
39 87
78 60
136 66
143 161
57 11
17 63
71 102
112 163
26 88
107 101
58 118
118 129
39 1
51 82
124 11
84 73
104 63
129 39
159 92
144 113
6 147
152 27
70 35
76 39
152 117
136 141
157 85
140 84
52 72
108 58
128 64
164 123
4 61
164 54
47 34
130 72
4 24
138 12
129 165
157 140
164 41
163 13
98 136
83 98
125 120
5 95
163 155
78 90
33 62
106 126
16 124
98 25
146 93
71 3
137 58
88 75
91 53
58 91
137 104
4 158
103 152
53 40
120 70
136 18
76 51
32 35
112 114
13 149
24 51
17 85
89 22
19 92
123 45
70 58
54 129
130 88
67 34
13 101
160 64
92 158
66 5
33 108
166 40
95 94
37 57
17 99
51 75
78 8
72 42
2 149
118 60
1 3
70 28
160 29
161 149
74 162
29 6
109 155
11 140
104 95
36 10
161 121
67 21
102 106
21 89
118 137
65 41
109 92
110 46
142 97
134 100
159 43
8 96
127 69
143 95
69 23
31 27
160 120
94 134
2 89
136 88
60 132
28 99
128 17
76 63
31 118
109 120
161 50
65 142
99 34
32 3
3 33
158 21
107 83
35 7
80 56
131 146
67 46
1 27
76 102
4 3
13 28
33 157
38 42
21 26
15 89
117 68
104 135
142 140
16 21
45 57
71 149
91 3
93 118
115 2
87 73
140 110
69 126
60 40
1 162
126 32
10 25
45 54
149 62
29 143
121 90
131 129
31 99
155 55
89 68
161 82
46 35
67 150
99 69
73 125
110 130
66 133
110 148
110 59
77 28
20 16
34 156
102 54
36 75
56 85
13 41
47 52
150 89
130 121
119 117
110 149
149 167
105 115
136 53
30 49
107 166
55 98
127 114
151 14
38 162
86 73
77 110
158 141
33 127
80 7
119 102
91 88
76 82
77 46
63 21
51 119
2 14
18 153
96 5
92 123
26 77
91 89
65 24
90 129
76 29
8 140
60 153
162 106
44 58
163 8
37 154
14 103
134 31
114 28
26 158
33 4
71 105
5 63
56 57
143 149
130 105
106 104
88 19
154 25
163 49
125 160
102 41
122 32
48 97
87 98
137 36
72 19
99 153
20 52
140 81
142 110
141 63
61 100
132 38
63 152
69 150
13 139
72 9
48 55
21 78
62 119
26 60
85 126
152 75
139 126
143 136
61 26
130 34
103 59
120 104
11 164
67 157
95 160
51 31
6 82
62 120
110 8
132 47
37 101
38 50
71 83
19 147
108 89
61 36
161 11
158 157
41 32
11 80
81 17
158 62
108 70
82 97
102 152
128 143
27 92
42 138
94 65
111 77
148 71
96 112
104 29
76 126
3 167
153 106
92 47
8 44
76 130
82 91
39 23
125 58
93 115
68 52
121 83
50 59
54 42
142 58
62 93
2 157
48 120
3 116
51 30
150 142
155 144
121 107
6 63
127 6
156 7
4 40
122 60
109 131
137 30
165 142
154 35
115 155
94 136
151 159
63 139
127 68
110 159
79 27
26 83
95 83
73 84
13 49
160 54
146 49
81 24
86 80
142 70
20 130
53 158
68 49
92 159
57 117
17 118
156 102
115 15
114 44
145 24
75 56
147 162
83 18
98 35
21 76
56 101
50 17
40 74
148 105
131 138
34 137
58 147
88 34
139 167
131 77
3 72
76 44
55 5
37 73
126 97
5 116
24 141
103 107
106 107
108 152
141 155
78 130
102 79
55 15
110 103
21 67
152 45
108 141
122 110
108 94
73 100
72 147
143 113
17 163
123 15
132 85
105 100
143 42
38 92
86 50
155 160
112 73
72 167
5 55
50 114
22 166
147 20
65 1
57 87
80 61
111 46
100 67
147 17
116 152
108 130
72 145
74 149
60 2
158 47
62 127
33 71
17 95
20 77
63 96
119 154
150 47
66 120
79 84
167 99
53 10
117 141
7 107
88 158
51 110
8 156
5 98
39 100
85 3
132 166
10 114
25 130
28 14
16 117
8 101
34 92
21 82
142 16
152 119
92 157
8 85
38 11
76 160
163 146
73 24
49 7
163 61
31 158
93 132
111 48
73 44
88 108
117 42
79 89
63 126
4 159
115 65
27 38
125 98
149 76
26 122
79 136
157 139
105 37
23 146
129 101
10 163
22 61
73 85
131 84
37 103
96 40
114 31
44 81
160 2
56 82
17 109
58 114
53 93
64 153
142 93
110 88
134 93
129 10
75 139
108 20
58 5
5 151
112 79
49 130
86 69
16 33
6 67
94 119
75 165
89 103
28 109
28 88
106 42
133 110
29 47
62 75
42 131
6 12
68 30
12 51
69 132
4 28
36 30
72 116
32 103
6 153
113 34
115 27
120 75
5 52
28 20
30 68
143 87
53 116
45 107
134 112
140 65
150 121
152 68
15 10
38 161
47 43
4 25
102 140
65 105
34 22
83 55
125 100
39 128
58 23
7 110
34 100
103 82
41 50
131 50
32 78
79 67
108 67
82 59
68 26
23 47
156 41
4 150
134 84
42 64
158 60
11 75
98 36
121 98
82 17
84 161
102 111
21 145
95 126
37 86
20 72
106 120
148 149
97 59
85 138
57 139
130 139
16 121
67 136
64 56
114 17
77 87
143 79
26 145
116 65
26 104
66 117
115 1
132 76
159 54
136 80
154 86
160 21
72 4
1 9
15 167
8 72
94 110
19 47
48 54
132 16
130 157
43 16
130 98
54 55
46 90
100 47
29 155
107 158
69 47
98 159
38 138
65 57
1 87
98 19
98 24
161 135
98 80
125 83
85 94
24 68
81 142
75 110
40 98
166 87
29 22
147 27
25 47
105 160
147 30
59 1
110 143
167 140
54 4
167 164
11 163
112 150
62 114
85 82
119 75
148 119
55 121
75 10
158 166
129 27
73 45
127 15
29 93
59 112
157 35
118 135
39 107
94 30
47 2
143 92
129 13
41 129
111 81
54 85
69 75
11 99
21 91
15 131
16 165
61 59
83 78
133 159
42 126
87 92
99 76
24 109
68 50
8 32
143 65
164 159
108 163
58 36
61 95
7 142
46 92
137 44
147 49
44 24
4 14
130 134
118 114
165 93
32 64
57 137
8 67
43 56
83 149
14 152
4 118
10 101
79 158
123 53
37 128
96 55
92 142
116 127
131 105
93 54
165 50
23 42
64 149
39 16
23 36
67 130
24 67
92 98
95 96
87 151
53 89
4 5
4 132
47 143
32 110
52 98
1 139
58 2
45 67
60 133
52 105
52 94
60 106
142 114
154 129
142 65
57 80
4 65
165 3
143 124
117 31
39 46
69 117
147 157
87 60
49 54
119 86
158 45
46 140
151 62
103 150
91 143
129 162
162 46
78 164
55 7
164 22
54 63
89 152
150 59
21 105
80 92
117 20
80 137
123 32
35 36
159 142
86 101
158 81
75 118
76 93
68 60
111 157
52 112
112 15
91 78
132 7
102 77
136 44
15 165
131 114
29 76
69 7
56 134
89 15
64 120
126 93
1 107
29 59
12 150
14 13
117 85
96 164
54 73
118 82
149 111
121 44
131 120
62 150
162 137
53 69
108 37
72 49
16 107
124 127
147 98
7 154
128 129
16 48
4 30
53 96
33 52
66 136
1 154
76 11
91 111
111 15
35 28
123 3
37 11
152 20
100 50
125 121
17 152
155 15
42 74
71 40
70 124
2 61
36 149
74 114
18 74
135 58
112 36
143 148
101 11
162 43
113 57
72 45
78 69
48 1
110 104
1 135
91 127
78 2
103 97
141 91
155 18
157 142
26 152
162 154
161 77
65 85
92 28
29 48
139 147
37 156
27 161
71 84
108 13
61 107
115 129
13 40
103 123
138 165
13 73
119 136
156 116
114 19
114 165
102 87
12 104
33 25
47 55
164 122
114 125
84 153
19 94
32 111
110 30
120 147
64 101
156 145
56 95
87 83
98 151
3 46
121 153
115 28
99 62
155 166
48 143
71 21
159 60
158 167
163 80
33 118
128 164
128 15
120 77
156 55
38 47
123 127
104 67
12 88
2 91
158 61
163 35
23 22
135 148
16 150
110 114
160 115
143 128
44 66
26 71
3 16
118 147
31 116
156 163
101 72
96 22
160 89
107 104
44 115
8 153
15 147
66 16
116 62
126 35
142 50
108 121
39 19
99 125
133 35
82 36
5 91
54 138
27 6
104 138
13 80
77 66
28 57
60 105
152 150
75 73
58 78
5 34
92 86
124 155
40 39
68 103
105 70
122 58
36 62
69 41
147 156
28 13
13 86
90 62
91 17
92 147
152 25
79 81
140 141
22 84
12 28
29 97
49 82
135 67
87 117
109 71
30 71
21 162
55 78
123 79
34 145
121 13
66 99
36 133
98 9
142 67
44 165
64 55
56 97
122 96
58 53
109 152
34 127
43 161
92 137
146 50
71 41
123 57
17 43
56 36
86 165
8 124
74 66
15 42
34 19
26 17
56 7
153 95
4 39
160 95
102 130
129 35
71 142
142 84
55 47
89 53
75 1
19 86
33 2
79 87
24 129
167 50
126 46
70 165
106 138
131 72
101 119
93 135
84 5
138 63
122 139
113 4
27 129
61 160
157 77
76 149
111 14
158 6
118 126
157 16
91 103
95 85
89 141
19 153
110 91
15 18
29 74
167 149
50 64
53 55
20 143
42 102
39 123
163 145
123 77
90 139
6 123
109 136
119 160
70 128
85 113
121 55
47 165
82 68
113 128
118 109
146 116
70 149
18 109
10 118
119 133
138 51
117 98
40 121
5 143
129 155
37 26
149 8
71 134
86 162
4 95
99 108
80 142
52 126
130 3
28 118
42 110
54 47
145 162
117 106
136 43
124 82
148 67
18 102
109 14
146 73
66 8
16 32
15 83
17 50
125 136
54 137
141 100
139 158
116 142
102 30
77 149
18 14
118 23
134 20
8 100
8 23
26 75
6 160
85 146
106 148
2 155
5 19
107 162
22 124
162 79
3 87
150 68
133 58
89 110
11 125
122 145
164 68
115 97
23 131
155 62
96 62
116 148
55 9
123 40
145 36
120 10
103 137
101 76
77 24
87 2
28 18
2 87
43 122
16 95
25 7
145 149
60 136
55 124
124 137
87 34
162 141
75 160
34 136
46 30
126 56
89 142
86 138
167 153
136 124
100 11
15 118
123 157
4 143
118 139
162 135
129 154
76 128
95 26
92 69
104 143
9 125
3 17
6 124
97 49
29 132
151 112
90 94
54 27
47 122
84 155
87 112
128 26
66 126
92 79
159 127
46 118
46 14
135 45
147 100
68 61
59 88
143 56
87 144
165 21
110 134
55 49
147 21
130 82
4 17
41 51
46 122
3 31
153 98
65 13
154 9
68 69
90 93
138 160
17 159
156 42
52 71
130 127
62 40
105 47
123 113
29 1
114 30
98 127
28 111
31 105
45 63
73 71
51 158
14 140
99 15
51 123
129 44
130 143
92 126
153 125
35 34
120 25
159 118
50 95
119 85
133 20
153 8
139 15
109 102
155 75
143 61
33 81
34 109
92 23
147 115
159 139
109 121
151 153
1 151
159 19
1 144
80 63
156 105
43 116
50 101
99 148
125 76
81 98
46 161
116 49
91 163
152 18
111 7
154 163
49 14
161 129
114 55
35 71
128 92
103 58
89 118
76 65
49 11
151 137
24 7
31 146
41 81
103 25
45 3
128 57
87 50
154 147
52 40
140 121
77 19
135 29
147 70
96 165
87 82
8 59
145 150
10 97
129 166
86 130
100 113
119 16
78 20
26 161
26 80
167 110
25 164
40 80
58 74
79 10
39 43
22 68
104 61
117 96
123 100
126 151
129 114
16 40
108 71
146 8
131 70
92 54
149 94
32 37
29 34
167 123
120 29
69 28
96 149
32 8
18 128
70 131
72 136
50 60
153 20
135 143
4 71
151 141
117 100
162 15
136 140
149 124
146 125
26 61
89 8
128 34
62 167
97 155
65 43
149 120
90 159
26 113
73 35
28 44
91 41
127 101
118 69
48 20
68 136
57 146
56 141
8 152
53 23
97 32
106 139
42 41
123 161
144 106
67 83
60 139
62 130
128 2
35 150
107 151
39 51
22 139
24 134
16 163
165 9
32 91
102 69
132 149
31 1
3 108
91 119
12 91
42 7
108 142
104 70
131 79
146 45
81 22
142 1
52 75
114 21
97 136
151 9
38 13
15 63
159 101
16 1
159 137
27 62
153 88
37 107
106 86
158 139
116 79
52 84
3 112
123 26
119 147
76 122
143 152
57 102
132 71
157 137
163 162
137 156
20 17
37 74
123 48
32 118
125 153
47 104
164 118
37 30
68 101
11 111
117 146
95 121
98 134
146 53
47 29
49 100
14 7
96 48
22 115
47 78
87 109
49 60
21 77
142 145
150 70
19 107
119 42
102 163
121 31
115 165
92 107
52 78
49 167
8 126
87 48
5 88
37 141
114 10
63 40
135 88
143 106
69 52
28 142
104 81
48 42
105 150
24 83
42 70
114 53
143 70
4 48
151 92
24 139
118 97
153 114
133 61
101 97
53 113
152 85
93 18
111 8
104 150
85 91
112 151
155 71
82 165
92 18
124 81
85 61
163 48
135 105
138 127
110 5
13 75
104 7
131 144
20 82
91 82
129 42
48 74
141 150
153 93
53 148
71 92
69 5
152 72
30 59
78 73
20 156
164 50
87 111
47 110
167 49
82 161
145 100
41 92
20 25
76 26
106 36
98 4
137 164
24 128
71 110
140 132
108 87
166 95
65 126
10 165
158 1
113 7
3 77
43 48
109 29
55 70
130 79
137 140
6 88
14 30
156 135
136 114
114 16
114 139
11 84
157 64
80 53
63 51
44 111
97 16
153 109
53 136
80 73
154 40
74 70
1 81
90 24
151 139
63 23
15 62
30 72
154 46
30 26
159 141
111 147
139 80
84 48
9 92
53 115
162 126
123 30
54 112
71 109
131 36
47 57
93 14
124 93
138 150
69 154
124 31
29 15
12 5
139 50
101 44
57 33
93 145
3 166
102 8
16 98
102 36
100 162
121 51
23 114
77 126
13 84
25 96
136 29
99 8
91 102
57 73
121 111
48 161
93 95
140 68
135 128
115 151
50 12
55 53
106 93
47 153
117 121
110 44
145 98
5 56
81 58
50 94
83 126
76 120
161 39
39 50
126 7
18 65
17 60
166 28
27 10
142 17
149 63
79 43
141 134
53 33
109 34
76 158
49 151
110 154
150 96
148 140
80 87
75 45
42 81
1 91
160 156
154 108
2 102
81 8
9 4
56 75
2 151
143 159
161 75
113 53
43 4
36 160
134 163
20 63
50 153
128 159
10 149
162 39
25 98
152 125
74 108
9 53
167 109
70 105
124 97
86 145
109 13
105 89
166 141
40 138
140 34
34 20
139 35
72 13
36 94
118 140
63 110
83 52
25 94
15 14
158 29
19 122
59 8
88 43
24 144
120 113
159 128
24 151
82 38
131 93
84 42
82 62
108 26
99 3
80 112
67 55
126 111
10 32
129 68
32 62
164 153
74 109
20 19
95 116
123 33
98 160
153 57
58 125
129 148
120 114
114 111
33 153
119 1
107 73
83 31
32 119
25 1
8 2
5 70
160 119
147 3
144 17
164 149
14 135
11 47
7 95
135 50
32 1
26 19
140 58
22 80
94 130
106 19
14 110
107 119
150 109
6 3
36 4
53 144
125 75
74 143
94 13
77 15
68 48
136 111
6 100
48 25
69 162
40 3
63 86
27 52
51 83
157 133
34 1
75 24
122 144
45 1
73 65
86 167
145 54
58 152
50 144
142 165
60 18
153 69
107 84
58 56
46 8
30 45
39 44
63 14
31 112
118 74
62 68
113 35
18 39
41 144
50 97
53 76
121 54
27 120
102 78
65 88
94 106
154 74
120 91
83 161
92 75
91 144
2 70
159 76
114 103
69 84
160 33
68 43
21 99
44 62
114 109
150 27
163 87
134 22
58 133
91 37
36 40
91 33
148 42
72 134
28 136
78 13
4 64
11 161
151 110
57 90
36 14
72 115
148 157
42 123
30 6
53 21
131 148
53 117
83 30
4 56
126 29
45 116
77 159
20 95
63 46
119 135
48 85
57 115
103 66
128 39
48 70
43 21
43 89
102 81
135 93
166 36
126 14
73 149
127 12
97 15
54 77
109 160
127 94
32 109
100 158
25 45
119 92
135 115
16 110
118 86
154 116
25 134
102 20
81 87
51 64
159 46
106 66
92 118
31 8
26 118
18 93
132 110
123 59
39 37
117 65
50 134
50 86
123 151
21 130
149 88
26 53
32 53
102 129
40 32
135 36
77 1
26 51
131 29
46 16
75 13
98 153
132 70
4 141
144 7
120 86
31 101
47 151
17 122
88 151
156 38
32 25
34 112
37 72
100 131
99 166
120 153
123 76
58 68
24 106
151 160
101 67
108 99
28 130
165 103
142 33
29 35
6 52
146 156
148 51
143 5
107 135
151 154
62 134
163 1
100 39
105 20
95 113
13 20
149 27
65 42
161 13
156 151
97 112
152 6
22 95
16 13
5 135
28 63
54 16
64 123
10 144
117 99
85 47
125 126
42 54
66 147
21 148
4 129
30 78
101 150
144 25
113 161
17 114
163 17
52 79
63 157
83 72
2 58
160 96
121 75
58 69
65 12
153 146
110 131
16 5
142 95
142 9
7 149
108 145
162 144
12 56
92 84
91 141
7 156
73 58
143 120
28 50
12 164
100 41
37 71
58 111
136 158
152 13
122 83
98 104
114 4
134 107
113 123
48 87
112 139
137 23
41 150
123 126
149 159
140 142
143 118
162 109
95 44
10 27
1 20
15 112
37 36
19 14
143 146
113 88
30 42
133 45
29 144
49 112
140 89
138 75
23 87
153 148
34 91
150 4
74 160
163 167
81 103
151 58
55 25
14 123
22 101
75 102
87 58
57 81
122 67
30 166
38 51
150 72
112 148
3 24
96 95
57 129
5 77
9 2
20 55
110 137
147 31
117 87
10 98
106 11
145 119
51 91
73 50
120 6
12 92
87 4
42 61
152 118
104 163
29 66
76 124
50 84
78 116
48 89
39 22
1 53
13 112
149 145
140 160
85 119
70 123
166 84
138 102
73 111
59 10
20 96
116 18
25 62
73 47
34 82
2 86
82 143
24 23
20 136
30 99
38 81
114 138
59 87
96 70
51 85
18 112
44 89
100 98
106 14
103 101
158 122
2 31
128 5
64 4
76 166
12 118
148 120
23 107
47 147
64 73
47 132
128 158
31 74
69 142
11 93
28 158
22 140
131 118
127 19
5 20
164 29
6 30
23 121
63 90
112 35
99 20
50 137
148 98
126 135
95 18
14 40
88 38
34 96
127 17
110 57
96 14
132 37
21 155
139 105
66 160
42 155
53 97
11 102
82 60
92 101
94 142
126 81
35 141
140 126
159 120
138 69
131 23
85 10
112 153
44 19
8 128
43 154
162 146
44 28
135 1
51 145
105 55
100 120
14 68
123 101
141 5
154 112
33 70
124 141
160 10
90 148
98 47
16 9
49 79
13 43
54 163
154 28
65 61
102 4
157 103
1 120
144 135
78 27
18 152
95 43
133 134
127 36
150 156
70 29
16 79
116 101
129 102
66 13
13 14
19 151
11 166
102 166
29 69
17 47
97 12
43 20
117 149
159 149
139 18
148 97
157 144
162 71
58 89
115 148
65 161
66 109
92 110
50 128
152 166
82 112
1 93
102 25
32 138
21 27
93 41
1 33
81 88
22 97
143 93
82 149
77 105
139 120
26 8
122 162
150 61
58 88
56 8
47 160
126 88
115 140
13 123
87 163
4 1
112 131
29 149
105 66
151 167
139 71
109 110
162 44
161 53
45 89
89 83
77 49
98 112
116 7
124 135
69 9
107 160
165 10
92 136
106 10
84 60
93 104
128 71
7 53
116 99
111 22
130 123
46 1
67 160
122 131
16 65
31 164
36 57
6 69
27 85
106 97
115 98
120 48
144 83
94 112
127 64
130 16
31 37
85 145
160 127
149 90
109 40
69 167
99 14
115 5
26 23
73 70
99 144
34 28
159 6
94 35
91 70
22 4
138 64
18 137
107 19
97 53
123 153
142 61
3 105
70 43
40 73
41 64
44 3
38 134
149 148
49 31
105 104
13 60
1 124
67 134
75 70
125 30
52 14
144 114
127 105
96 71
160 161
133 21
15 56
104 124
33 44
120 156
18 123
86 61
143 83
114 108
62 53
39 137
162 134
86 55
55 108
78 101
75 108
83 134
148 109
147 101
140 91
128 126
21 75
63 54
33 101
141 133
111 50
124 6
144 88
10 9
89 130
55 146
77 81
167 41
66 57
120 88
150 113
109 148
51 138
82 81
125 36
149 57
71 99
33 82
93 163
106 155
103 49
31 34
113 154
163 74
37 148
81 74
35 114
59 132
103 95
132 118
12 32
129 11
142 38
155 152
31 82
42 59
33 136
158 144
136 5
63 44
9 52
94 4
53 138
123 87
30 23
23 151
80 76
77 11
140 147
78 110
22 116
144 59
44 30
153 72
10 111
136 48
129 121
4 85
27 14
29 67
84 53
54 155
152 130
125 84
78 62
126 30
76 55
29 54
100 53
21 23
127 154
119 49
23 138
15 157
149 15
159 82
162 33
7 63
113 107
49 53
28 68
80 103
95 70
40 46
151 98
87 96
5 154
77 7
46 88
43 127
117 160
5 101
37 155
50 154
14 89
149 26
80 4
140 123
95 112
80 74
26 153
105 51
69 31
153 138
102 109
11 20
158 19
74 42
85 18
105 95
76 134
84 4
142 164
157 24
162 163
17 165
160 65
167 98
73 1
39 61
136 130
70 88
6 117
63 60
113 72
50 76
15 128
88 147
49 57
69 99
125 46
24 104
134 97
58 123
25 97
24 85
84 122
94 55
120 42
18 6
3 54
133 123
1 164
48 29
47 35
53 127
13 16
31 165
71 119
78 80
21 80
162 68
63 35
16 81
36 135
102 146
11 43
150 148
33 167
61 83
21 114
56 50
161 114
127 144
98 37
45 103
157 111
132 126
151 114
147 78
76 1
7 101
41 159
49 148
116 2
139 48
2 79
27 160
142 56
5 30
4 122
1 61
73 22
84 147
158 2
79 142
74 123
143 115
77 84
89 29
161 143
20 165
163 63
71 101
71 155
112 33
15 100
80 132
48 83
104 43
14 43
41 33
142 85
27 101
48 71
163 111
39 34
34 43
106 167
68 91
67 15
43 39
23 30
134 61
95 104
48 79
152 69
33 64
143 89
110 16
162 105
26 91
94 158
163 56
153 160
105 148
14 41
56 1
106 52
107 4
71 143
146 109
155 165
157 128
160 12
149 21
10 7
77 22
137 15
117 39
86 4
37 138
139 55
144 102
14 17
51 144
38 56
156 136
108 164
8 134
43 163
77 97
79 71
48 115
76 20
25 9
64 3
76 80
14 22
144 10
19 18
97 33
72 164
47 72
88 15
70 18
33 155
57 105
167 11
149 49
104 118
82 11
127 166
66 80
130 23
153 112
55 93
67 36
56 41
5 136
87 159
11 54
55 44
41 143
141 23
56 20
160 128
156 140
127 61
106 9
13 10
90 105
85 137
90 110
2 65
132 143
14 112
7 155
117 71
26 74
148 73
140 20
130 56
60 85
13 81
154 10
87 51
134 29
82 119
57 76
105 75
148 106
59 115
80 161
154 99
62 83
131 81
109 122
136 163
155 91
115 162
3 142
145 143
95 32
56 147
95 118
47 154
139 26
147 133
151 30
44 7
42 4
154 157
45 80
98 101
39 84
76 36
132 101
106 123
8 48
163 46
79 162
68 140
135 60
93 46
26 105
33 99
100 54
110 139
39 102
88 50
146 1
79 18
62 151
28 9
28 126
112 90
23 38
65 45
19 112
11 159
150 60
24 76
17 94
93 79
63 121
145 1
103 79
70 19
114 107
59 111
47 139
58 98
166 155
22 49
22 119
30 118
150 105
126 146
160 27
102 119
46 36
14 141
15 31
127 78
68 5
44 52
160 57
123 120
128 76
78 12
116 153
6 34
25 142
153 28
46 63
83 97
143 104
42 95
26 54
26 76
150 1
44 139
124 110
1 84
77 156
151 73
152 104
38 14
52 124
49 19
32 30
139 131
116 86
101 139
38 96
153 100
94 82
54 28
131 22
137 121
59 110
48 41
61 93
104 48
99 92
52 3
14 31
113 109
153 39
16 155
110 72
98 129
100 33
42 122
116 20
29 151
110 142
113 153
99 133
42 118
111 21
98 12
62 118
109 64
144 63
83 38
4 47
52 39
164 82
139 78
47 59
145 93
54 115
63 34
78 37
65 162
85 136
75 92
5 18
150 103
86 44
103 50
55 107
145 28
78 147
62 147
132 134
90 141
165 18
42 77
77 55
106 31
31 48
96 3
11 113
118 120
62 19
100 140
135 124
110 55
50 157
25 126
160 135
67 155
98 142
98 34
152 52
80 11
89 26
23 93
64 54
124 90
150 138
56 31
87 105
164 131
112 53
153 139
135 89
109 52
23 50
52 140
55 32
157 115
42 157
7 85
147 80
90 39
139 49
166 135
20 49
94 135
101 59
34 6
50 136
88 68
119 76
136 165
96 78
89 42
99 121
152 102
38 64
7 51
117 57
150 36
151 19
49 73
18 116
16 18
37 49
1 119
38 97
31 70
83 110
142 99
10 164
131 45
10 166
129 141
97 147
143 66
153 64
166 117
112 12
128 21
59 143
62 160
143 150
106 158
60 126
60 51
13 117
2 68
75 122
126 139
153 70
47 157
36 129
114 134
69 139
44 110
64 49
166 2
116 9
92 2
36 32
114 79
98 163
76 33
153 16
72 59
149 59
164 92
9 94
87 55
106 79
131 155
116 69
163 125
89 71
62 136
29 82
99 130
34 7
12 144
117 77
51 60
165 45
114 128
73 146
12 130
55 1
98 103
123 41
71 5
121 104
61 128
1 5
147 160
139 58
129 12
78 19
25 146
151 121
156 10
26 146
121 62
60 61
75 126
14 129
167 104
81 28
64 35
114 71
154 130
110 36
101 28
30 8
154 87
52 131
156 127
68 54
66 55
150 106
165 141
46 100
107 149
145 166
19 97
88 67
59 6
10 100
73 5
82 43
123 63
91 29
16 135
8 97
64 145
7 11
92 22
93 153
57 70
69 113
39 3
100 87
7 148
66 103
53 24
94 37
99 28
68 42
52 100
5 82
33 156
64 39
93 27
39 75
22 129
109 159
112 142
32 92
119 78
15 23
106 30
43 42
88 7
139 83
104 134
92 71
146 37
35 1
19 16
81 31
26 112
110 26
91 134
111 37
23 85
108 115
44 56
91 104
95 75
10 41
53 159
142 134
81 95
112 4
64 1
5 120
18 45
140 80
156 61
137 64
11 56
99 142
56 74
27 100
161 112
162 153
2 163
164 134
78 131
2 167
54 150
104 27
87 136
74 67
102 159
66 79
2 165
155 50
154 88
25 41
55 20
38 146
14 146
37 85
65 28
25 155
89 151
93 7
54 25
143 145
14 125
15 74
91 87
159 96
137 38
67 71
78 84
137 147
21 1
1 67
88 5
83 27
87 135
100 151
125 109
56 51
100 105
15 88
1 92
151 36
6 85
53 104
67 118
28 165
162 30
151 61
20 64
125 111
109 166
33 90
56 45
100 16
53 41
135 152
68 146
126 12
7 128
109 24
84 131
2 75
25 104
46 39
83 84
69 15
131 2
82 48
88 21
128 152
44 5
160 94
40 103
88 32
46 149
89 126
42 113
107 141
142 72
17 135
91 116
70 137
151 26
29 84
67 76
130 48
108 123
134 27
2 143
46 18
68 64
99 126
54 53
34 67
129 98
98 11
106 109
92 30
104 140
133 86
14 15
65 17
45 68
141 70
79 49
148 111
29 133
76 100
77 36
11 48
54 18
140 93
18 26
163 4
127 97
16 39
65 11
53 137
10 14
60 138
1 165
57 17
145 126
146 158
93 37
154 101
77 88
70 14
46 22
128 65
107 163
126 134
39 80
35 78
109 1
158 127
118 165
156 73
95 50
25 120
130 147
98 2
18 40
26 131
141 41
130 42
114 85
51 66
88 140
163 132
62 100
124 117
140 87
64 167
35 102
57 74
26 99
162 1
116 129
57 8
133 157
56 105
139 96
61 126
123 166
2 148
13 142
147 45
149 25
76 156
87 93
56 102
84 115
114 159
156 149
164 16
59 72
134 90
75 22
21 161
44 152
93 72
12 35
137 159
119 68
166 82
84 21
165 152
166 104
116 104
28 155
27 109
17 166
91 5
35 61
100 17
48 15
161 20
52 61
149 93
80 107
118 112
74 151
125 128
97 20
146 24
37 32
78 122
67 124
12 57
121 131
112 154
125 155
117 116
143 99
150 88
162 58
2 64
122 115
82 85
36 146
87 81
147 106
22 90
5 46
106 22
75 55
89 128
167 16
167 124
28 116
105 1
89 49
114 56
122 124
124 16
112 88
30 152
39 68
64 40
109 65
148 92
49 157
115 122
96 65
54 64
89 160
52 135
97 17
163 12
132 50
86 153
88 128
112 19
55 106
39 8
56 46
73 96
145 108
41 19
148 115
82 150
86 37
41 136
16 28
4 67
98 79
87 131
61 56
80 145
34 69
63 100
161 110
112 113
150 12
145 156
61 45
75 69
117 67
51 136
76 167
142 51
152 3
163 102
153 80
109 51
53 165
52 107
146 166
59 160
93 80
118 94
107 46
111 13
1 101
59 157
122 155
153 87
17 5
110 119
28 6
57 135
153 104
112 29
98 38
93 34
143 3
52 161
139 151
124 28
163 62
13 160
159 93
42 1
120 66
65 137
109 163
104 154
102 96
68 126
153 68
143 82
147 79
23 6
159 150
128 7
156 107
80 159
156 20
155 2
33 56
129 59
90 91
118 58
118 66
101 49
43 131
5 24
128 103
25 113
64 33
19 132
76 94
135 68
115 116
151 60
29 23
87 122
58 121
133 99
138 125
91 118
2 113
32 144
18 144
2 152
114 96
143 151
140 7
18 67
27 22
144 155
128 81
43 132
98 5
16 118
80 43
103 127
135 108
141 25
79 2
122 161
147 82
2 159
59 128
150 48
9 146
146 13
17 141
136 40
121 85
99 61
49 50
106 26
4 120
55 80
57 49
44 14
137 157
120 130
82 40
20 121
137 129
109 138
101 123
42 143
157 20
102 71
148 165
97 107
10 39
59 148
33 148
111 145
62 142
130 125
104 1
158 8
79 91
33 11
27 66
150 81
46 48
65 66
62 8
155 138
48 64
53 74
2 83
54 13
93 119
44 162
44 141
87 145
37 20
52 22
161 73
160 158
68 37
20 62
36 166
123 96
34 40
160 101
35 41
16 77
51 43
92 45
81 125
50 113
95 64
9 49
143 17
39 132
69 153
23 61
8 33
148 139
158 42
67 51
110 11
167 80
53 47
42 132
104 161
69 131
12 98
101 155
24 35
155 1
76 116
105 48
157 89
7 106
62 121
8 6
17 75
164 93
22 65
22 25
100 20
161 42
83 50
85 152
83 122
80 3
60 66
54 37
103 48
117 6
59 32
31 128
146 57
149 127
124 27
16 142
64 82
93 69
60 90
63 135
76 10
137 57
42 119
93 5
39 126
161 81
125 135
73 78
95 81
28 153
18 106
84 119
50 132
123 95
165 138
167 90
22 14
166 73
156 138
2 110
72 133
76 4
79 152
159 133
118 50
13 145
65 56
125 143
142 52
43 15
166 50
10 92
148 10
126 118
95 141
100 123
56 39
122 59
3 144
52 122
130 101
126 53
6 127
56 118
64 119
7 153
19 25
18 59
138 157
139 149
42 160
69 97
114 167
117 155
20 159
117 61
84 134
111 158
164 21
73 163
122 13
22 64
90 45
107 123
63 84
134 28
149 97
9 103
11 78
48 125
60 164
54 131
15 81
101 2
160 28
34 148
47 84
30 64
129 61
26 62
68 58
38 31
109 12
82 34
52 149
59 150
40 161
161 59
91 165
112 40
166 128
164 48
140 30
22 122
107 55
106 46
65 120
100 48
116 105
60 81
24 166
132 93
135 150
6 70
27 93
161 152
134 52
34 75
24 136
141 123
44 72
10 123
109 142
99 51
78 11
60 134
32 66
52 30
123 85
158 48
167 69
16 37
45 12
148 83
138 132
36 86
131 48
142 143
95 157
135 113
70 30
33 80
21 164
59 122
74 85
16 113
50 88
18 81
2 57
142 127
35 9
167 103
152 4
141 77
125 53
39 21
112 52
49 109
33 89
83 93
19 131
158 165
95 24
25 123
109 134
17 154
81 30
25 70
19 156
145 87
13 7
128 54
108 32
22 63
54 69
113 42
136 138
30 12
87 86
44 131
138 158
119 14
93 143
37 44
43 63
23 132
12 15
95 117
136 63
121 32
2 138
103 77
67 44
121 86
148 114
45 158
31 140
165 76
46 126
27 137
141 95
68 17
126 137
65 158
153 63
127 7
99 39
125 45
142 28
11 101
25 73
53 133
136 115
31 149
96 140
146 39
155 46
60 74
127 56
143 32
65 138
73 120
30 127
47 13
47 53
152 132
53 150
162 3
98 107
17 92
79 116
101 69
83 28
86 131
12 166
136 35
161 30
49 114
89 87
87 72
105 96
166 110
165 163
131 91
127 121
119 26
99 37
111 94
155 58
66 101
83 128
61 167
129 131
3 9
50 124
145 112
129 135
66 132
123 130
128 88
128 29
68 16
15 123
87 30
5 112
139 66
59 22
117 113
66 41
128 161
91 74
150 73
63 106
68 72
41 42
163 75
56 66
158 133
68 157
90 117
164 166
98 90
11 87
18 42
139 115
11 153
148 134
135 158
148 86
138 96
139 82
106 134
39 121
57 125
154 23
7 40
53 87
17 57
32 28
72 123
151 79
34 139
136 74
1 47
6 144
34 55
14 24
109 6
139 84
153 128
1 86
92 9
114 1
151 3
89 24
56 117
23 144
10 105
79 70
57 124
22 102
163 124
20 5
52 28
88 36
88 166
61 62
94 80
6 91
31 136
85 132
9 65
96 38
116 5
64 15
6 57
149 30
102 45
108 122
27 9
21 52
43 153
28 125
16 12
117 131
12 50
144 126
28 33
102 74
165 111
162 23
80 144
94 79
16 56
50 110
122 7
8 68
138 155
64 41
74 19
77 58
133 11
114 6
138 3
85 144
102 148
113 75
144 99
32 48
35 134
127 117
94 100
96 57
110 41
147 25
78 32
36 22
38 132
21 41
118 90
113 56
99 146
42 11
4 155
107 102
43 71
61 81
144 157
60 83
5 127
142 69
128 25
44 77
92 32
14 166
62 144
92 73
86 41
8 30
68 97
131 19
111 40
155 103
134 48
8 41
128 69
88 136
125 116
17 81
151 97
37 90
161 100
101 27
113 9
31 111
162 91
10 158
85 88
68 40
113 158
162 40
91 90
151 130
60 48
94 102
63 28
102 59
70 140
166 21
22 165
101 5
102 122
141 6
21 3
36 139
11 130
74 20
20 124
104 42
162 142
3 119
36 20
42 133
12 60
54 40
102 70
70 7
36 70
144 115
39 78
92 67
3 37
17 158
114 74
165 4
92 162
64 66
101 57
95 111
60 148
55 79
81 72
68 55
153 3
22 98
122 119
161 10
29 116
55 150
31 42
80 5
111 109
83 40
37 54
72 36
47 21
52 152
83 67
147 19
123 83
146 47
44 9
155 123
108 68
123 65
11 34
109 93
59 99
119 18
109 127
16 41
159 162
149 31
24 20
93 25
100 37
13 9
36 105
166 70
71 144
126 18
135 82
7 158
122 116
106 44
8 165
145 16
87 56
67 89
87 106
73 121
74 30
27 15
6 29
140 1
87 71
79 126
122 77
131 35
102 92
29 164
140 94
118 56
118 152
96 20
42 60
111 4
51 63
165 19
58 155
64 8
92 61
67 161
14 73
109 66
123 27
78 124
13 23
94 109
46 97
147 54
21 83
57 101
144 14
18 33
136 82
79 20
124 4
56 83
5 43
88 135
52 86
34 49
13 70
148 52
118 131
108 135
28 53
119 63
10 51
119 132
122 105
8 40
115 104
56 72
99 71
126 105
17 37
149 33
50 58
43 162
139 64
17 164
11 22
133 49
23 108
136 95
65 50
72 79
119 107
164 7
21 73
138 49
59 71
15 77
151 8
153 81
131 39
49 124
148 56
138 18
16 133
105 32
155 116
114 104
101 86
8 139
162 125
141 64
153 50
141 145
27 47
104 166
94 149
66 26
161 9
48 144
83 48
111 129
143 139
156 117
83 107
152 120
100 9
49 52
19 124
129 83
116 4
23 63
87 5
162 111
19 52
50 129
58 79
39 38
135 64
10 18
92 166
113 13
161 18
48 103
111 87
153 140
21 15
5 61
132 151
1 121
94 151
34 8
125 94
159 44
155 112
79 107
91 138
122 54
35 43
30 150
56 158
149 139
149 35
166 153
37 89
120 166
159 39
155 109
42 101
101 73
153 85
39 54
61 42
153 76
43 67
126 20
40 150
111 2
47 5
35 129
134 35
146 127
74 4
140 101
117 40
84 41
49 165
155 38
133 89
119 103
148 7
114 45
70 46
86 3
56 98
142 90
43 80
12 68
166 9
62 61
30 74
99 35
143 58
57 103
18 20
27 111
137 80
105 31
138 101
67 47
67 142
37 116
117 140
41 44
135 126
88 132
9 150
83 114
4 55
99 22
14 16
20 90
56 137
6 11
35 107
68 117
117 60
32 120
75 66
19 69
99 117
128 66
89 106
103 14
76 52
58 92
59 7
122 135
8 155
166 100
17 79
29 64
107 113
7 74
142 115
129 151
118 81
85 100
36 167
68 125
104 10
94 91
29 147
86 135
85 134
51 108
26 63
137 102
67 52
105 151
62 59
131 17
33 120
52 121
3 1
137 153
156 49
121 78
105 50
167 3
102 121
34 12
76 32
91 147
148 150
121 125
66 69
109 54
66 119
74 89
95 148
147 44
81 59
124 94
86 78
121 30
104 53
145 144
147 8
126 110
41 148
131 58
102 66
5 161
105 109
41 88
30 116
17 156
45 82
129 113
107 60
87 115
56 10
65 52
99 162
138 130
147 125
33 131
30 131
157 99
24 160
131 137
85 121
156 108
30 44
19 3
10 70
5 160
93 63
127 155
58 25
146 11
57 108
113 54
133 160
77 122
114 93
23 148
54 107
42 44
77 82
73 38
52 165
76 69
72 70
151 113
103 165
93 138
10 129
125 86
121 154
7 56
74 71
154 66
105 108
165 31
93 123
156 30
92 1
113 118
86 21
54 158
160 109
155 84
167 68
23 160
16 161
102 94
45 105
114 101
102 73
49 41
70 110
161 146
127 113
38 140
116 17
108 114
46 159
151 2
90 138
159 95
84 82
72 63
81 117
108 144
62 27
152 2
2 84
42 17
52 67
108 42
150 140
101 95
84 101
114 64
84 138
47 30
130 163
18 151
34 36
142 23
78 74
161 163
5 22
97 76
101 133
166 93
16 147
10 107
65 20
88 78
114 164
90 125
103 139
49 87
23 13
88 37
85 125
