300 3738
206 254
240 134
238 71
89 125
189 158
99 92
248 183
201 202
80 51
27 68
34 224
195 30
44 188
215 266
114 101
275 236
100 131
266 103
288 257
77 142
227 64
161 127
35 195
299 172
51 26
169 75
210 119
187 163
76 132
18 153
47 99
165 16
148 70
151 185
100 115
122 260
227 269
35 289
116 17
267 11
191 203
16 261
74 62
274 100
108 79
38 42
89 294
82 94
56 188
227 26
4 143
175 188
191 101
133 181
154 110
247 85
279 81
166 261
189 23
281 55
284 240
142 22
207 124
224 103
8 207
113 101
199 178
136 118
88 240
107 76
300 161
287 61
220 294
50 203
42 291
124 264
165 88
42 219
265 184
291 22
61 181
58 218
100 135
109 254
240 56
45 97
282 158
23 235
40 265
257 243
286 133
87 216
162 129
31 143
260 207
237 283
182 262
107 178
48 246
51 269
25 287
120 8
153 270
188 207
233 235
37 246
22 265
59 182
219 221
32 5
230 136
172 299
163 76
81 75
233 19
284 90
211 20
3 201
260 196
61 206
115 298
173 87
127 83
83 90
48 27
265 34
133 290
283 136
41 209
271 299
242 198
3 45
300 123
146 196
163 204
102 11
140 236
21 10
272 252
283 180
130 88
74 25
128 20
206 128
66 272
182 230
83 48
237 7
114 49
73 278
38 242
72 26
110 36
269 211
266 175
252 233
152 202
235 293
24 83
258 26
168 129
76 18
157 36
103 127
128 49
185 298
181 67
37 243
64 66
206 255
163 108
172 164
134 23
53 61
47 209
202 191
138 164
155 177
2 30
6 217
66 3
117 181
1 77
67 251
79 47
151 273
57 215
33 201
84 191
151 54
7 117
102 162
125 206
178 198
240 175
61 193
129 3
177 21
201 155
285 296
57 46
300 181
59 125
95 165
211 172
169 34
179 111
42 87
103 174
217 1
2 222
121 160
71 205
181 160
169 234
68 36
168 135
278 75
146 277
164 138
146 128
252 288
212 155
231 174
198 160
209 227
285 259
76 68
206 74
126 21
138 39
210 79
275 246
259 16
168 299
130 250
269 181
207 60
84 226
271 263
114 5
73 266
212 202
24 175
194 37
71 268
47 271
221 59
10 208
285 211
67 19
28 72
80 34
146 18
265 27
244 127
197 240
25 56
291 247
284 57
281 299
252 186
72 165
261 126
298 152
48 112
142 298
290 241
296 112
173 219
186 202
54 193
125 196
45 145
182 227
193 240
65 182
229 158
121 226
236 27
162 218
150 247
157 71
248 223
84 197
41 226
84 172
247 73
25 228
214 35
29 113
85 290
41 84
151 260
127 144
300 151
270 18
33 265
217 138
275 184
64 48
20 279
29 131
177 32
277 257
19 120
81 241
182 118
89 276
169 132
96 157
12 120
214 165
4 141
137 143
298 95
112 101
100 278
159 61
107 28
141 17
128 47
245 132
147 4
226 218
103 111
198 256
256 24
211 214
215 171
17 275
113 57
57 256
173 224
230 77
141 299
58 11
241 116
81 265
45 93
162 99
9 127
121 169
20 162
239 33
118 91
273 217
277 264
254 202
61 32
280 184
220 292
227 235
163 292
98 188
114 251
79 281
188 26
123 129
181 262
128 246
282 58
94 117
77 162
287 198
210 90
103 45
67 84
240 46
36 269
2 213
200 136
109 135
295 212
186 295
170 249
158 242
250 2
95 131
261 290
284 224
195 123
269 76
274 54
93 6
190 193
143 272
86 160
46 78
214 151
145 179
255 126
83 255
282 174
228 212
157 153
34 60
288 17
109 190
115 185
161 227
4 66
233 237
136 275
196 13
240 89
129 76
119 11
85 299
185 9
224 167
250 274
300 164
37 160
181 294
123 288
214 182
171 189
10 115
157 245
48 50
106 46
27 286
51 67
287 140
158 264
238 100
211 85
200 278
76 256
127 202
2 51
156 288
66 267
272 25
9 139
108 125
244 90
245 259
204 36
173 283
31 125
256 191
33 263
208 118
36 135
126 232
81 104
174 297
65 163
203 69
141 276
104 158
266 188
132 21
297 5
283 33
4 281
59 260
12 275
104 256
273 208
248 52
181 127
4 108
96 102
177 200
105 239
252 265
176 148
27 54
263 123
41 121
58 106
182 28
18 48
32 196
205 71
139 14
300 212
114 109
20 15
44 17
214 156
284 258
127 242
214 278
145 247
88 211
155 98
41 186
41 225
253 15
202 25
70 114
232 224
233 220
216 90
188 272
287 31
65 70
182 251
269 91
182 134
170 291
129 296
252 54
260 51
10 200
159 132
158 277
56 262
204 85
16 255
147 149
300 185
230 264
145 61
117 243
173 91
246 274
16 9
124 101
87 144
279 31
108 158
242 294
60 30
163 177
232 86
219 249
209 104
187 121
201 66
280 213
151 203
81 11
238 287
192 141
135 67
236 193
102 118
269 29
93 97
71 191
145 208
251 10
215 294
205 207
276 214
209 174
286 196
296 206
117 140
152 216
222 104
254 156
236 225
70 87
198 26
206 35
290 236
287 118
265 223
119 8
36 159
133 296
284 187
100 232
40 261
226 135
228 274
46 222
174 106
19 201
74 178
71 18
219 117
275 137
245 7
272 119
121 289
180 242
32 143
139 101
17 201
195 33
270 238
268 276
71 84
236 278
138 231
104 135
156 61
145 290
295 36
277 61
90 104
151 143
197 9
227 37
54 174
79 81
227 50
120 85
158 293
267 266
6 190
121 236
48 45
2 72
57 18
243 30
91 97
37 217
146 26
155 122
80 127
135 274
125 33
73 107
256 43
56 275
122 137
203 210
64 114
190 88
245 249
235 294
274 179
282 79
132 184
225 47
46 197
252 199
94 108
62 243
281 254
54 42
168 136
122 186
251 282
276 69
274 59
223 117
115 184
286 141
186 293
82 2
265 70
268 267
48 171
268 173
286 124
44 24
258 86
13 84
143 184
293 128
32 103
228 79
117 291
79 54
36 27
276 163
228 209
71 93
50 240
131 162
191 244
55 107
112 170
85 196
74 213
183 165
110 201
136 254
118 120
68 157
46 228
53 162
72 243
179 289
132 235
229 20
229 150
282 17
254 244
5 102
206 44
16 237
244 2
109 108
8 83
209 126
28 96
63 292
60 259
167 108
167 181
28 81
199 187
85 238
104 112
225 131
262 101
31 113
111 44
122 101
78 297
71 73
238 143
24 41
131 273
129 25
188 153
145 78
40 264
71 110
145 169
78 260
257 251
114 138
20 283
96 229
187 207
54 17
152 229
117 217
228 160
12 247
211 194
76 299
52 13
294 243
54 39
147 181
28 121
9 25
130 87
243 295
25 263
173 171
271 21
109 124
121 294
251 124
167 2
2 238
268 32
249 170
236 25
223 266
4 63
88 74
102 147
235 109
228 35
290 240
222 21
66 13
15 31
159 284
73 279
68 25
253 220
188 259
209 39
262 249
176 267
46 195
41 110
181 53
96 177
105 24
27 232
3 95
54 160
56 32
177 91
276 57
265 67
126 7
250 180
193 122
147 229
152 147
224 43
212 128
72 50
81 107
45 114
77 136
150 99
268 115
156 73
141 70
197 25
47 105
231 54
189 125
203 53
159 16
156 118
122 53
100 45
249 9
22 253
6 150
219 8
153 31
16 269
213 118
209 9
201 26
41 39
85 51
76 192
166 36
168 95
89 68
32 282
61 252
268 227
28 279
187 276
126 298
8 296
7 61
21 187
235 188
51 30
269 10
144 81
261 2
120 115
57 117
241 73
77 70
234 243
47 278
112 218
183 24
196 77
164 77
234 84
258 285
205 211
93 9
49 224
41 227
96 161
84 65
14 183
253 58
149 110
101 175
205 282
153 143
80 24
37 216
179 275
120 16
180 191
202 69
154 29
156 161
193 53
160 99
223 283
238 128
167 79
272 174
278 29
199 33
13 289
248 32
83 13
267 177
267 119
19 109
144 6
6 247
248 83
264 17
275 288
86 246
7 120
7 69
213 229
178 276
189 28
94 187
54 149
246 73
92 148
89 55
280 73
59 124
152 293
290 277
100 139
125 115
62 220
97 280
215 135
259 10
20 18
292 152
90 31
122 51
39 115
253 198
80 231
165 226
260 168
90 176
37 266
202 206
239 98
74 163
133 38
286 122
262 164
13 131
145 176
27 117
189 101
22 82
174 72
77 209
262 77
268 279
96 16
254 191
257 93
40 50
146 48
149 252
280 190
53 217
188 103
237 128
115 126
162 96
287 155
70 286
32 160
250 256
296 164
202 177
19 31
136 51
40 213
170 162
129 97
160 276
35 122
22 264
40 180
297 125
284 281
171 53
284 156
177 130
66 278
234 167
67 90
47 32
300 158
221 173
218 28
221 39
169 1
185 54
140 125
73 103
122 205
126 90
81 90
39 146
57 149
106 236
297 177
183 255
172 174
66 125
297 280
92 97
52 117
62 123
55 251
61 15
273 186
170 93
31 87
60 293
250 204
236 240
143 26
55 233
167 185
18 132
179 81
127 226
105 294
269 279
109 13
156 231
236 49
218 286
252 203
8 136
230 30
203 37
211 283
223 206
84 166
267 34
38 284
150 298
91 223
156 150
155 5
124 6
167 97
264 109
2 253
175 237
167 190
130 229
144 67
203 286
74 78
280 79
10 293
274 124
185 154
296 43
289 84
87 282
43 44
11 181
23 68
195 72
193 243
76 245
107 175
83 264
90 169
114 100
230 117
216 52
3 174
200 173
204 293
91 153
267 106
165 207
47 230
272 97
13 175
125 233
211 275
201 264
116 194
17 18
159 247
195 35
139 60
240 94
191 261
97 8
147 80
28 237
33 288
61 262
2 211
131 254
119 79
194 201
166 230
147 20
166 102
103 47
230 177
245 174
239 298
239 32
21 79
181 175
14 141
177 279
252 299
160 178
130 48
32 102
90 136
224 115
94 274
279 181
154 13
85 211
35 106
261 59
276 264
241 200
92 205
54 18
221 94
85 73
132 263
42 234
291 256
33 41
21 29
244 69
30 163
203 287
260 109
220 160
19 124
151 266
270 159
287 199
38 106
287 196
269 264
228 107
98 32
237 86
177 203
122 119
220 177
245 25
35 187
34 237
284 131
28 135
147 254
229 27
140 213
178 192
108 156
29 48
16 138
50 141
62 40
90 134
130 58
79 144
186 96
25 85
134 122
234 137
17 44
83 240
73 127
190 129
131 214
222 255
66 262
118 226
167 287
254 42
11 33
232 105
129 71
137 36
172 279
265 81
218 20
154 180
175 139
121 129
27 47
16 300
232 136
259 258
169 272
3 153
70 269
226 284
1 141
68 100
194 166
68 200
100 94
149 98
18 205
89 212
3 14
254 68
158 273
236 280
11 139
152 242
216 197
184 85
125 29
88 87
4 184
291 29
298 23
40 6
204 241
93 156
163 47
172 37
173 100
197 144
205 89
153 110
123 194
66 73
285 235
17 200
55 132
226 100
116 78
91 133
99 68
90 63
251 18
202 133
195 169
163 13
227 287
105 2
173 167
145 211
257 15
218 62
198 74
66 163
123 221
290 284
66 204
188 295
261 112
282 236
96 23
42 115
224 255
89 12
123 91
54 222
22 8
165 271
241 141
29 186
39 44
253 35
111 231
84 187
296 152
50 146
298 106
281 75
110 21
60 28
94 253
103 123
63 12
265 122
249 131
4 159
183 222
169 53
240 165
81 269
71 135
289 110
176 287
168 190
49 58
176 138
170 270
184 146
36 46
76 223
190 216
119 191
263 229
68 172
234 225
127 262
223 152
81 52
263 70
291 239
183 60
147 179
149 253
137 180
6 178
196 234
206 70
275 257
240 39
276 210
203 235
240 256
182 20
37 96
285 216
19 146
214 229
240 170
93 70
167 67
228 5
108 119
187 271
90 57
193 195
141 130
289 71
10 101
242 149
18 111
256 56
246 15
73 140
180 95
121 130
117 125
50 185
13 43
16 50
18 204
294 289
157 212
75 178
296 76
154 281
182 120
91 70
155 207
176 114
92 214
293 291
75 46
124 160
241 221
114 291
51 221
71 266
166 121
130 242
202 113
203 87
115 275
127 266
231 257
47 249
289 56
54 159
261 144
158 101
46 161
299 95
59 144
249 113
7 208
64 285
117 221
239 219
128 144
123 61
99 201
207 195
138 196
290 253
72 129
225 265
248 232
257 24
72 225
95 258
144 213
19 27
216 243
292 190
265 72
78 242
172 19
143 155
8 130
199 82
63 40
160 135
225 188
163 188
169 40
109 29
90 48
122 154
87 159
53 299
259 230
7 85
101 228
3 250
273 194
189 132
234 93
280 67
31 299
205 91
234 42
151 290
147 233
258 264
186 177
151 206
209 90
135 106
267 279
248 114
131 233
226 17
114 116
283 213
169 257
44 187
39 50
134 278
33 213
214 132
261 286
257 199
263 120
272 186
176 208
97 109
137 30
260 284
49 162
107 245
299 212
171 286
165 176
33 88
296 79
205 102
297 201
250 239
73 45
289 139
246 127
106 130
88 201
34 158
133 238
83 192
233 74
150 211
251 241
236 80
194 236
242 179
109 74
208 103
142 276
208 209
95 226
198 70
276 246
13 296
3 289
236 178
241 42
125 56
11 43
25 170
114 110
189 73
91 137
270 5
11 82
231 65
40 7
121 250
211 264
178 28
256 28
79 208
105 107
256 249
127 68
220 239
223 83
70 31
246 75
137 56
229 207
29 199
86 23
108 208
145 108
38 99
157 134
22 56
265 71
51 212
74 63
263 214
127 278
147 26
165 8
61 197
103 125
300 75
276 178
152 148
116 174
163 68
154 217
293 279
169 33
33 205
207 224
47 95
177 132
52 136
236 46
224 133
197 135
51 226
274 194
95 295
208 35
188 187
107 171
89 204
297 9
297 205
15 135
190 215
30 15
21 253
91 44
120 243
80 222
78 255
245 165
59 35
199 286
102 201
132 143
189 247
274 44
76 67
96 53
266 300
76 250
87 59
127 139
148 108
86 187
266 2
15 113
147 274
191 171
115 256
26 74
157 137
222 169
204 87
164 29
153 234
135 32
12 166
213 251
102 119
146 229
40 83
187 58
5 34
256 11
138 36
231 84
40 218
5 119
63 43
32 144
202 83
87 40
49 159
281 21
230 15
186 166
220 251
203 276
131 67
263 38
230 66
61 297
88 51
207 300
284 271
102 65
141 4
275 238
186 258
232 282
98 45
229 106
9 148
8 196
118 5
97 127
199 299
54 300
69 186
172 195
133 42
77 56
23 264
76 155
247 288
276 268
199 145
249 232
286 136
157 14
213 158
44 58
224 33
196 194
1 55
222 268
74 187
63 41
130 154
53 189
200 175
100 261
140 219
229 52
216 202
290 86
247 109
11 92
134 38
274 38
182 6
232 87
24 198
291 113
89 142
254 85
20 164
293 6
261 179
219 69
123 242
234 32
204 277
193 172
83 200
183 145
29 188
46 95
144 128
127 225
215 201
168 146
218 131
201 111
279 174
56 138
138 193
2 14
117 190
183 205
141 264
177 220
203 180
238 55
264 249
169 39
290 156
257 21
140 16
194 274
293 118
194 297
118 203
102 39
104 186
150 20
291 258
8 106
125 98
290 57
276 140
223 110
196 28
222 79
50 215
135 47
216 230
44 223
190 293
182 243
249 149
237 59
295 139
180 190
278 214
108 269
205 260
242 159
39 251
272 113
188 10
10 143
74 94
230 85
106 274
121 7
72 32
107 106
27 293
203 233
110 65
60 256
112 116
145 76
37 170
186 237
166 172
237 99
225 168
42 153
106 221
40 293
4 225
21 103
146 214
18 161
87 18
236 298
70 182
16 15
106 22
193 63
264 192
236 129
156 292
271 280
271 199
159 234
128 53
236 206
74 17
105 288
288 141
225 77
149 51
92 85
159 195
198 142
131 115
48 297
224 191
54 81
116 235
227 27
158 122
24 42
177 270
198 179
272 126
155 285
270 206
246 14
16 274
131 275
142 268
109 84
118 104
266 142
56 31
110 127
71 42
260 21
102 190
163 52
112 195
251 103
193 2
286 299
46 45
191 40
185 174
278 266
279 253
162 57
5 30
18 77
87 247
44 55
52 200
41 130
235 110
243 131
204 235
193 170
133 214
247 171
93 136
144 185
97 3
18 22
297 186
97 201
124 207
252 151
174 25
83 95
187 96
199 290
150 263
85 119
136 109
208 4
13 179
98 167
83 172
263 126
191 213
65 104
1 94
105 289
268 195
109 34
124 176
64 295
174 237
81 287
223 222
148 227
29 65
244 184
205 51
75 220
196 287
21 177
214 194
2 178
154 116
255 115
132 150
181 214
261 142
130 201
31 78
9 137
166 197
174 162
164 272
272 168
33 206
106 84
104 57
191 273
109 227
162 147
282 219
37 76
78 61
270 4
50 233
163 115
273 287
99 35
77 239
159 296
254 242
16 242
176 48
96 205
50 97
15 263
5 113
223 131
170 140
216 275
44 127
24 86
190 57
155 127
273 148
236 176
84 241
149 281
171 48
99 153
215 169
277 289
189 112
284 104
15 246
5 299
209 14
207 67
141 57
296 110
48 234
177 278
238 139
207 62
150 142
79 247
272 36
222 85
161 234
161 15
251 291
227 118
202 283
150 154
240 119
170 212
254 179
258 142
13 147
121 94
118 90
2 244
234 266
4 203
102 137
279 20
96 290
37 207
224 198
142 240
272 148
217 87
97 277
204 68
180 29
283 100
198 132
30 195
108 205
71 288
51 119
133 243
133 159
22 227
198 144
300 298
119 85
196 282
178 253
175 57
18 49
82 168
30 120
94 67
253 14
184 139
207 181
186 170
182 248
104 15
258 58
105 247
206 105
259 70
84 236
90 179
29 79
290 203
38 3
252 111
64 4
294 141
157 45
32 84
213 71
275 21
274 278
141 15
137 187
55 199
159 265
182 268
212 176
167 232
63 253
203 294
199 139
279 38
240 247
177 68
88 73
34 41
91 9
174 240
80 175
15 103
17 256
238 207
35 255
240 8
292 248
202 158
278 128
97 37
87 35
163 38
52 93
61 248
92 82
255 156
19 274
111 129
100 129
10 156
122 172
237 45
193 146
5 57
146 56
224 210
150 78
213 234
47 156
96 292
273 113
116 178
291 167
279 241
179 121
258 284
258 248
134 269
118 143
196 106
294 286
130 77
33 31
4 165
195 164
156 15
195 203
150 158
255 194
20 223
27 63
119 186
118 93
252 295
91 261
64 141
18 135
109 191
17 58
159 274
139 107
63 140
96 22
144 252
79 156
53 72
279 35
176 86
178 214
78 271
245 6
120 179
198 237
180 199
105 155
112 184
223 128
126 152
102 33
43 216
290 179
95 126
149 288
179 168
56 46
175 105
64 215
279 158
83 65
293 283
249 159
180 156
92 29
128 233
12 164
268 257
35 236
247 295
30 237
80 136
78 163
213 162
45 77
112 165
38 285
25 17
84 178
49 13
292 209
263 187
182 125
205 162
289 148
75 86
209 211
181 26
196 202
113 49
1 27
274 152
250 113
260 204
34 169
65 276
181 36
89 5
110 184
226 42
200 27
82 84
200 227
279 288
34 68
46 106
262 233
214 135
128 124
36 244
46 72
204 135
60 50
132 97
148 106
17 154
108 212
107 139
35 11
90 124
175 165
207 24
242 108
52 256
116 87
85 24
175 95
87 60
256 62
77 104
171 208
218 128
42 113
37 213
154 236
277 206
257 124
245 116
163 129
189 75
125 183
215 223
209 260
263 119
15 157
271 25
281 180
276 68
137 189
83 297
270 24
61 287
2 169
167 143
135 37
210 108
265 227
206 19
107 133
68 199
105 26
123 299
237 215
258 267
112 94
148 41
210 247
40 139
4 55
142 223
83 151
68 192
10 261
295 156
272 278
163 124
75 179
223 187
188 31
202 231
248 299
43 22
188 174
289 187
298 93
32 167
182 280
183 276
218 263
227 297
171 150
7 223
158 218
214 266
31 298
222 186
273 106
185 251
119 111
241 1
45 228
277 244
293 170
79 295
292 284
13 228
90 245
180 159
46 210
18 250
183 155
17 128
276 61
34 2
267 223
183 132
136 18
260 170
4 278
145 141
161 197
70 216
75 22
121 245
33 281
204 166
206 215
51 277
129 96
242 17
66 75
29 138
39 74
183 140
184 283
6 21
196 72
206 258
254 295
9 27
277 176
91 245
226 200
57 112
145 146
277 230
199 155
51 76
174 225
202 82
23 15
136 281
274 235
85 115
202 174
128 50
206 160
156 254
201 69
241 262
9 95
226 105
79 25
54 184
163 228
252 99
108 132
59 117
168 17
178 272
92 268
264 62
70 256
73 1
1 146
18 171
264 214
91 204
173 121
153 135
242 286
120 33
272 70
232 81
284 260
290 114
172 93
269 166
293 17
145 127
148 255
243 169
179 137
173 89
287 169
268 150
192 249
105 85
32 104
280 242
1 190
236 273
58 148
209 74
150 266
280 45
68 67
75 115
268 28
290 150
289 54
299 53
273 127
278 118
160 289
258 75
69 231
138 129
48 250
93 36
286 113
179 89
60 101
78 38
17 250
294 230
259 252
45 175
122 295
32 258
65 100
251 170
65 256
178 77
18 192
143 194
177 13
182 192
94 214
231 168
118 205
196 158
175 214
238 115
265 73
257 175
80 151
140 258
129 63
115 143
273 94
127 45
42 192
187 240
80 261
85 256
179 264
85 250
56 247
206 224
39 66
261 138
299 109
300 159
124 280
258 132
239 136
123 224
10 119
69 276
117 11
68 85
90 164
6 53
50 2
288 146
198 139
159 259
267 137
145 251
272 20
52 257
184 71
190 91
35 199
159 300
226 162
20 11
193 282
73 2
124 167
181 211
78 171
63 138
211 120
10 66
200 29
194 140
287 254
233 176
92 4
283 58
285 222
82 58
295 25
259 12
91 233
11 145
266 161
263 149
45 108
289 223
133 207
40 35
212 172
151 47
242 273
187 182
290 121
141 168
134 182
101 149
66 165
190 14
178 78
199 150
223 2
95 45
31 227
142 81
145 27
170 213
89 225
203 212
178 270
275 152
294 157
295 220
294 292
52 64
162 29
219 261
78 150
290 259
296 73
200 277
37 88
111 27
235 137
222 297
162 258
109 95
45 85
1 81
291 53
107 282
132 247
132 8
261 190
178 26
147 171
61 140
146 39
88 183
163 83
154 126
129 66
84 128
161 272
299 16
84 269
296 218
279 45
228 144
170 63
111 219
163 78
161 109
25 208
24 74
193 177
169 72
55 221
265 297
134 57
37 175
125 168
106 220
208 179
182 62
181 270
173 35
75 273
68 66
250 223
65 116
53 166
6 120
202 209
85 89
198 21
143 11
91 221
82 101
88 45
156 25
80 119
71 86
67 141
68 125
159 129
283 69
5 53
130 155
134 251
30 14
30 263
252 153
81 72
224 282
163 139
224 70
114 255
159 260
240 282
53 187
281 99
143 200
125 227
171 154
262 95
98 125
62 44
13 30
64 32
86 182
75 199
29 6
28 145
151 274
11 260
209 87
84 291
217 262
223 125
8 15
272 111
217 25
193 93
37 173
59 167
296 31
164 21
97 131
273 67
134 261
201 60
14 91
281 149
287 229
171 148
286 33
6 23
249 208
257 229
200 109
184 111
233 106
188 75
35 73
36 60
107 297
255 227
22 102
199 228
116 140
33 179
17 68
3 176
214 274
88 75
128 177
99 133
270 98
69 37
254 158
258 51
224 11
97 73
151 291
105 157
250 201
280 53
52 182
68 45
144 220
133 115
43 285
71 297
286 14
37 97
162 77
197 72
147 1
172 130
171 180
103 64
175 56
159 122
209 143
157 55
240 147
246 72
76 203
289 81
107 40
4 90
153 133
119 35
161 187
125 32
177 106
77 206
175 110
150 140
170 154
263 3
209 137
216 288
95 52
237 177
100 169
36 119
17 116
56 116
206 256
24 53
79 18
290 66
237 145
156 260
41 286
186 172
189 68
165 199
273 49
103 140
247 3
32 220
23 224
298 55
20 290
3 19
221 272
218 284
1 28
178 243
59 190
70 38
246 288
71 192
85 50
99 247
224 86
114 93
230 88
2 155
102 184
184 60
198 129
281 197
92 189
66 289
144 114
69 265
275 63
182 221
91 289
143 293
272 179
52 157
277 183
152 90
5 86
114 127
39 228
257 108
34 189
133 118
97 61
84 117
24 17
265 145
101 163
204 126
101 282
271 267
196 116
107 103
197 115
1 11
75 249
294 206
265 7
72 25
19 253
210 91
230 129
224 95
116 188
96 184
150 12
282 240
4 92
185 178
197 38
245 162
156 20
163 93
84 60
167 15
53 216
237 219
224 35
99 219
35 62
157 249
99 84
86 155
220 258
236 19
73 223
284 52
9 37
92 175
103 203
299 195
199 197
208 146
10 19
151 29
42 275
82 180
16 254
274 184
45 58
56 171
173 299
72 271
87 289
137 144
250 52
54 45
189 5
175 183
9 62
215 90
190 174
16 182
186 154
25 87
89 69
47 297
210 73
100 69
56 163
3 198
66 179
183 29
112 70
111 178
220 243
255 137
182 107
181 133
7 172
82 280
190 245
295 105
51 25
16 61
266 272
236 51
18 121
151 56
107 98
27 251
87 222
159 150
14 234
263 115
229 45
54 28
251 264
291 272
116 55
204 223
80 18
22 286
126 29
187 101
282 40
7 271
290 87
192 257
214 20
89 240
267 42
40 274
47 33
69 155
17 264
87 295
21 252
95 111
56 108
46 137
279 173
145 187
141 215
146 216
160 86
2 205
124 238
18 237
87 56
35 166
230 107
11 59
247 183
229 5
249 163
240 81
201 229
174 43
191 42
146 259
293 217
69 257
116 251
192 177
132 59
247 208
188 35
162 45
272 78
263 93
105 136
241 139
17 149
51 17
92 22
201 214
108 226
30 229
246 243
225 100
83 190
241 239
259 19
33 257
69 250
292 175
174 167
246 248
201 195
165 209
289 133
241 275
107 34
140 192
36 137
278 242
237 56
291 141
223 297
236 211
135 242
250 175
98 161
35 123
146 220
243 140
227 82
32 186
91 196
2 194
151 6
4 130
264 128
13 80
234 113
252 28
216 127
140 265
167 16
213 124
150 15
109 289
121 1
160 48
87 5
60 133
58 60
150 146
139 30
142 99
207 107
94 294
70 122
128 54
138 35
31 52
99 40
123 267
71 272
79 268
55 255
157 97
107 273
97 138
281 11
62 24
292 220
276 20
93 65
41 262
105 21
117 67
218 106
233 58
96 158
51 237
97 23
300 205
46 204
293 216
64 205
143 182
284 87
71 32
80 10
11 265
78 89
25 221
136 132
220 75
80 64
88 133
180 265
36 13
167 234
27 211
8 165
250 39
147 245
184 293
181 43
296 105
250 232
65 9
20 145
155 201
259 126
95 64
254 237
160 231
189 244
88 7
242 299
10 160
188 243
238 95
299 83
201 187
106 82
29 57
27 164
171 8
188 114
202 294
265 204
178 10
232 254
10 126
200 265
63 290
268 144
171 118
17 83
23 265
231 51
82 161
204 296
173 269
5 225
210 54
127 4
263 183
89 116
259 228
115 171
67 66
167 42
184 26
292 11
14 164
104 162
125 23
33 299
198 224
112 274
133 97
107 230
41 233
237 182
290 182
189 59
175 185
68 271
30 102
298 193
181 275
144 248
214 275
226 20
50 114
259 242
127 64
78 227
100 58
114 63
168 94
275 190
136 287
252 204
300 106
287 270
290 122
64 294
259 185
254 206
204 177
285 261
259 28
30 112
231 292
102 279
236 74
104 169
70 121
276 164
260 7
137 166
43 38
79 38
139 239
155 30
223 123
259 148
7 25
287 271
113 280
120 151
117 184
189 227
169 282
278 92
108 9
29 17
38 298
128 74
228 173
255 179
107 257
195 273
6 227
61 259
295 100
16 74
94 90
51 149
186 195
32 277
225 242
200 202
200 152
145 77
69 216
186 228
23 277
51 274
90 143
294 271
227 243
25 257
83 239
138 209
111 221
91 234
207 112
106 174
19 182
235 187
41 176
203 100
77 130
284 126
289 64
98 195
245 246
87 163
32 24
101 118
241 211
59 191
191 214
127 117
245 170
23 176
18 127
291 228
119 121
201 7
168 279
10 38
214 43
257 200
243 186
275 43
122 63
186 191
65 10
79 173
4 84
168 276
136 35
293 146
215 138
140 273
129 134
277 95
141 202
243 43
214 136
145 157
198 238
38 14
127 274
17 141
293 226
38 227
121 12
251 9
225 7
128 269
105 213
87 220
108 227
297 159
297 172
7 273
199 246
282 199
169 28
220 276
142 182
244 233
170 92
62 94
264 247
262 126
94 236
259 2
259 266
64 271
286 296
55 129
162 98
171 192
135 145
23 220
78 5
256 213
241 226
246 77
184 140
254 221
237 299
187 192
62 179
24 56
101 4
260 286
19 52
134 242
42 20
13 17
261 275
237 49
116 173
193 58
259 94
148 135
155 44
104 226
148 199
68 295
228 281
131 247
137 254
279 224
108 7
23 295
283 40
147 123
178 247
168 126
136 110
3 274
91 200
184 49
38 127
225 81
284 221
196 258
265 161
151 202
270 12
19 206
7 124
187 138
257 252
271 11
291 142
38 11
296 187
276 24
15 259
218 102
220 58
176 228
276 252
294 219
224 130
163 215
166 67
137 72
15 64
199 170
83 208
150 209
85 209
32 62
1 249
51 36
39 10
260 156
278 2
83 115
107 218
66 4
234 96
21 7
271 223
160 225
166 42
218 37
28 162
150 257
285 237
249 171
125 138
18 43
30 58
195 283
170 300
116 229
287 79
116 267
85 164
22 72
179 187
76 268
133 76
179 284
299 15
33 144
45 64
254 27
141 120
164 54
198 153
269 138
17 177
227 137
50 77
96 36
89 245
103 13
165 274
144 209
38 255
8 232
250 29
101 3
224 252
215 97
33 52
124 60
9 177
138 184
106 159
246 112
62 144
20 97
268 266
171 176
140 79
15 29
148 249
126 124
40 283
299 213
94 195
71 36
150 166
227 189
40 88
31 253
108 189
127 155
105 204
180 92
148 100
283 99
100 258
3 214
165 124
198 100
49 9
204 220
56 90
216 141
50 15
85 248
124 136
122 175
219 181
278 126
208 95
188 264
109 120
89 78
194 11
153 97
141 129
198 87
194 281
181 190
164 188
190 154
135 182
129 85
300 124
136 50
4 232
230 127
29 13
130 117
171 115
293 252
192 97
245 293
143 226
131 168
180 17
231 62
169 102
222 89
278 8
101 180
131 112
74 167
237 287
264 218
216 27
226 260
72 100
172 13
246 218
247 47
263 201
28 249
80 65
288 277
6 226
237 272
167 201
147 89
75 280
140 106
276 270
108 250
231 245
58 37
237 122
37 136
243 157
188 278
174 195
287 24
3 218
159 33
162 255
257 172
28 168
224 79
215 18
242 8
268 136
236 181
135 92
121 17
276 283
281 105
65 72
50 229
33 38
116 102
144 194
85 65
134 96
222 102
11 249
236 78
83 275
236 245
269 103
143 129
180 136
234 269
216 83
115 114
124 76
59 70
226 12
21 69
134 233
182 200
180 37
118 82
249 204
114 246
98 58
112 66
92 192
181 200
71 16
42 204
158 268
159 63
117 103
250 95
221 146
296 10
218 227
66 6
171 169
33 57
259 97
82 145
119 288
235 195
297 273
132 275
284 133
176 100
20 217
228 270
219 106
128 221
136 38
87 96
133 92
174 155
70 35
186 131
48 40
265 113
134 26
68 175
139 74
283 79
225 103
77 197
193 216
74 179
280 101
255 88
141 54
157 104
171 34
92 113
179 145
19 212
180 97
151 215
119 76
101 119
238 89
163 288
227 36
12 155
220 94
106 185
93 204
100 19
299 87
168 44
20 150
105 193
141 85
277 66
27 114
79 86
222 291
69 258
165 187
112 286
140 283
202 172
5 251
19 272
232 167
64 290
127 67
212 168
133 199
55 295
240 6
283 231
211 43
128 129
208 36
281 150
173 268
81 273
150 228
100 117
157 166
61 5
258 189
186 219
247 114
156 166
74 113
204 62
74 26
202 88
289 73
266 268
105 83
114 21
2 298
173 172
238 72
132 134
165 152
236 289
125 48
156 267
195 250
189 291
125 152
249 202
234 267
267 43
209 259
51 232
170 50
179 255
47 293
291 9
12 98
37 158
183 152
277 43
130 65
135 243
152 219
172 10
181 137
145 231
48 60
198 4
244 59
76 163
274 42
43 206
239 85
242 70
155 232
16 123
132 52
171 233
95 124
285 19
187 209
13 136
205 139
143 249
158 118
37 248
69 281
187 260
289 62
44 299
116 228
282 50
258 192
219 245
111 5
86 209
57 188
59 60
11 12
284 175
299 131
207 297
247 282
71 150
262 79
261 88
165 74
139 175
7 104
36 216
243 176
191 65
181 40
264 113
71 142
113 233
177 43
287 255
221 171
274 139
140 195
196 189
127 250
191 288
119 173
110 298
106 279
172 133
190 24
65 47
195 84
49 25
119 232
164 191
201 62
130 38
260 155
298 293
299 283
67 112
97 86
176 36
54 128
77 73
183 286
228 207
222 82
277 98
28 84
59 214
297 279
180 247
295 236
157 189
112 260
67 300
171 128
123 160
257 146
99 25
69 279
238 280
264 257
178 74
185 43
67 198
207 119
89 231
156 273
270 201
31 245
257 43
230 116
39 56
107 225
116 145
107 229
