300 321
21 215
89 182
87 256
203 15
147 176
66 149
7 190
153 217
22 5
88 224
281 208
150 219
147 14
117 32
249 227
48 187
243 53
188 179
233 125
128 222
175 27
242 136
62 274
87 264
152 181
234 181
12 131
122 126
116 111
4 123
137 133
230 142
227 176
198 167
161 253
43 137
97 31
187 242
295 141
192 195
21 214
227 217
41 185
140 137
55 257
168 261
27 183
66 249
248 234
42 144
64 186
137 20
158 215
291 29
254 177
175 262
96 238
231 174
121 32
221 180
261 151
203 264
207 284
64 5
29 289
277 96
185 111
300 299
272 131
77 236
147 217
4 33
70 160
72 219
267 15
80 164
249 173
160 135
282 175
80 88
167 221
205 66
200 140
190 91
189 247
17 115
159 109
16 73
193 285
24 208
16 23
249 148
123 236
68 187
247 177
223 284
244 156
4 259
294 274
251 247
77 212
4 210
77 82
17 125
71 75
50 30
162 274
16 56
3 106
1 102
246 268
296 148
111 152
74 65
285 108
293 131
34 288
140 6
77 131
45 89
127 168
266 280
83 162
90 176
158 85
13 278
11 127
215 65
212 8
5 103
123 162
122 291
46 145
291 62
212 240
148 226
113 171
93 242
286 94
45 133
259 197
35 150
75 266
224 289
231 252
287 197
71 216
213 232
192 111
64 242
17 33
284 95
278 201
270 68
255 147
92 146
242 16
19 291
201 170
68 78
297 285
223 203
78 103
166 281
132 176
44 259
64 47
11 184
192 268
121 70
99 268
256 143
159 68
134 71
189 33
42 203
33 18
109 42
279 201
213 18
203 138
146 283
129 177
292 117
69 251
134 249
273 44
50 156
55 68
39 104
103 141
214 137
163 75
53 161
153 64
75 264
131 172
146 116
80 195
227 146
57 118
10 168
293 162
207 229
96 284
286 289
128 290
176 134
275 68
40 56
155 60
95 81
170 239
116 78
294 189
165 104
298 177
135 268
59 43
210 3
69 20
267 294
123 114
145 244
138 249
193 219
78 255
221 127
195 5
124 183
86 104
236 214
270 213
124 159
220 53
192 293
271 289
159 100
96 155
284 294
31 47
204 151
20 123
206 33
203 80
75 205
4 295
87 204
296 241
230 275
14 119
259 292
263 218
93 6
91 208
261 200
30 265
189 91
260 88
57 299
180 159
213 74
39 127
144 141
110 163
280 233
85 94
218 263
289 200
185 73
228 211
255 247
25 99
202 23
169 147
57 126
55 5
192 45
129 141
75 257
237 123
3 107
129 297
15 289
59 162
37 254
158 270
283 82
175 275
66 40
113 293
299 150
61 155
285 169
146 208
104 254
174 92
44 162
55 196
295 206
68 53
271 24
98 221
213 149
87 144
105 189
254 149
227 74
181 198
296 53
261 260
167 187
146 48
4 273
196 71
184 188
235 156
7 122
180 28
129 112
38 21
