82282 1122 809266145
158253131 77206 1
269310315 57404 1
428746686 57404 0
435323033 72221 1
438709882 72221 0
489552426 77206 0
542803045 74629 1
553969377 74629 0
724672177 44972 1
744829150 44972 0
776522387 34806 1
799741205 14322 1
802246866 34806 0
805152930 14322 0
806507648 19628 1
808985355 68578 1
809196943 19628 0
809205906 29201 1
809227408 19134 1
809233143 19295 1
809241999 19295 0
809252010 81947 1
809254591 61286 1
809256052 28547 1
809259318 29201 0
809264319 19134 0
809265913 81947 0
809265977 9118 1
809266074 44236 1
809266084 59108 1
809266084 13821 1
809266095 13821 0
809266107 55029 1
809266111 9118 0
809266130 67606 1
809266132 2499 1
809266135 67606 0
809266135 44236 0
809266135 68578 0
809266135 37316 1
809266135 2499 0
809266135 61286 0
809266135 55967 1
809266135 28547 0
809266135 55029 0
809266135 59108 0
809266135 41017 1
809266135 52397 1
809266135 48571 1
809266135 50606 1
809266135 80026 1
809266135 28852 1
809266135 10572 1
809266135 44510 1
809266135 2179 1
809266135 47574 1
809266135 73282 1
809266135 6752 1
809266135 61034 1
809266135 49675 1
809266135 27114 1
809266135 23651 1
809266135 67344 1
809266135 50102 1
809266135 37988 1
809266135 32211 1
809266135 3242 1
809266135 35542 1
809266135 6128 1
809266135 58214 1
809266135 37888 1
809266135 43477 1
809266135 26659 1
809266135 57975 1
809266135 46828 1
809266135 8372 1
809266135 7090 1
809266135 58505 1
809266135 74190 1
809266135 9947 1
809266135 7785 1
809266135 77919 1
809266135 43355 1
809266135 14132 1
809266135 30959 1
809266135 23837 1
809266135 30562 1
809266135 70261 1
809266135 21683 1
809266135 45545 1
809266135 49962 1
809266135 47439 1
809266135 25483 1
809266135 19941 1
809266135 76575 1
809266135 24668 1
809266135 38577 1
809266135 21240 1
809266135 75992 1
809266135 20379 1
809266135 10078 1
809266135 77084 1
809266135 73547 1
809266135 12371 1
809266135 3835 1
809266135 377 1
809266135 67660 1
809266135 48457 1
809266135 12562 1
809266135 62777 1
809266135 26858 1
809266135 49010 1
809266135 29775 1
809266135 33648 1
809266135 8231 1
809266135 57509 1
809266135 76369 1
809266135 52243 1
809266135 22626 1
809266135 40924 1
809266135 73647 1
809266135 12264 1
809266136 3223 1
809266136 40924 0
809266136 70261 0
809266136 37888 0
809266136 35542 0
809266136 45545 0
809266136 43477 0
809266136 38577 0
809266136 67660 0
809266136 30562 0
809266136 71182 1
809266136 6128 0
809266136 55948 1
809266136 75243 1
809266136 3835 0
809266136 2179 0
809266136 48457 0
809266136 377 0
809266136 73485 1
809266136 45388 1
809266136 50648 1
809266136 14132 0
809266136 37567 1
809266136 48571 0
809266136 43142 1
809266136 79079 1
809266136 49010 0
809266136 76369 0
809266136 7785 0
809266136 37988 0
809266136 24547 1
809266136 23651 0
809266136 69995 1
809266136 31009 1
809266136 49675 0
809266136 46521 1
809266136 25483 0
809266136 61885 1
809266136 52397 0
809266136 4170 1
809266136 54556 1
809266136 45888 1
809266136 36498 1
809266136 33648 0
809266136 44510 0
809266136 77084 0
809266136 56834 1
809266136 37160 1
809266136 50634 1
809266136 7471 1
809266136 46684 1
809266136 12562 0
809266136 50606 0
809266136 8372 0
809266136 58214 0
809266136 5303 1
809266136 73647 0
809266136 43093 1
809266136 10572 0
809266136 22626 0
809266136 47439 0
809266136 20379 0
809266136 19081 1
809266136 42340 1
809266136 50664 1
809266136 1858 1
809266136 27114 0
809266136 42418 1
809266136 75992 0
809266136 52243 0
809266136 27234 1
809266136 8962 1
809266136 49962 0
809266136 70318 1
809266136 64861 1
809266136 61722 1
809266136 43355 0
809266136 7090 0
809266136 61034 0
809266136 26858 0
809266136 12371 0
809266136 26659 0
809266136 18973 1
809266136 62777 0
809266136 30959 0
809266136 8231 0
809266136 12264 0
809266136 10078 0
809266136 31673 1
809266136 21240 0
809266136 29775 0
809266136 44097 1
809266136 46828 0
809266136 6752 0
809266136 19941 0
809266136 3242 0
809266136 10225 1
809266136 74190 0
809266136 34634 1
809266136 15071 1
809266137 61432 1
809266137 18408 1
809266137 76575 0
809266137 64500 1
809266137 64613 1
809266137 37316 0
809266137 25528 1
809266137 16321 1
809266137 70668 1
809266137 8962 0
809266137 6126 1
809266137 52261 1
809266137 73485 0
809266137 51748 1
809266137 43819 1
809266137 71476 1
809266137 7933 1
809266137 61722 0
809266137 33435 1
809266137 3223 0
809266137 63336 1
809266137 41095 1
809266137 3824 1
809266137 46609 1
809266137 42418 0
809266137 27839 1
809266137 1858 0
809266137 10225 0
809266137 75025 1
809266137 15071 0
809266137 24547 0
809266137 57509 0
809266137 46446 1
809266137 28852 0
809266137 51545 1
809266137 38363 1
809266137 31009 0
809266137 75243 0
809266137 72719 1
809266137 66961 1
809266137 31673 0
809266137 77735 1
809266137 50664 0
809266137 69995 0
809266137 39601 1
809266137 66006 1
809266137 46684 0
809266137 35065 1
809266137 50634 0
809266137 9947 0
809266137 60097 1
809266137 61885 0
809266137 2850 1
809266137 75614 1
809266137 71182 0
809266137 45388 0
809266137 46284 1
809266137 24668 0
809266137 77919 0
809266137 48495 1
809266137 31229 1
809266137 41017 0
809266137 37160 0
809266137 18973 0
809266137 57975 0
809266137 7471 0
809266137 46521 0
809266137 22788 1
809266137 79079 0
809266137 73282 0
809266137 4170 0
809266137 42340 0
809266137 79622 1
809266137 34755 1
809266137 9856 1
809266137 18535 1
809266137 30491 1
809266137 73233 1
809266137 32211 0
809266137 8080 1
809266137 36498 0
809266137 50102 0
809266137 50648 0
809266137 70318 0
809266137 12102 1
809266137 44097 0
809266137 38081 1
809266137 54556 0
809266137 47574 0
809266137 26378 1
809266137 39509 1
809266137 55948 0
809266137 23837 0
809266137 60947 1
809266137 45888 0
809266137 25499 1
809266137 44563 1
809266137 21683 0
809266137 43093 0
809266137 67441 1
809266138 79344 1
809266138 78535 1
809266138 46609 0
809266138 72719 0
809266138 44563 0
809266138 55967 0
809266138 38363 0
809266138 1774 1
809266138 59436 1
809266138 40919 1
809266138 51545 0
809266138 22788 0
809266138 34634 0
809266138 24496 1
809266138 70230 1
809266138 25528 0
809266138 58636 1
809266138 69758 1
809266138 80026 0
809266138 27234 0
809266138 15255 1
809266138 37567 0
809266138 4358 1
809266138 34358 1
809266138 16321 0
809266138 48074 1
809266138 70841 1
809266138 18535 0
809266138 53023 1
809266138 41095 0
809266138 70681 1
809266138 66955 1
809266138 75025 0
809266138 46018 1
809266138 43142 0
809266138 39934 1
809266138 40929 1
809266138 66961 0
809266138 17365 1
809266138 48495 0
809266138 25499 0
809266138 24291 1
809266138 27899 1
809266138 39509 0
809266138 67441 0
809266138 65838 1
809266138 50890 1
809266138 75614 0
809266138 82048 1
809266138 12102 0
809266138 14917 1
809266138 72787 1
809266138 63336 0
809266138 35065 0
809266138 27839 0
809266138 52261 0
809266138 64500 0
809266138 49186 1
809266138 30491 0
809266138 67344 0
809266138 8080 0
809266138 61432 0
809266138 33435 0
809266138 13932 1
809266138 31229 0
809266138 60097 0
809266138 60768 1
809266138 58505 0
809266138 9856 0
809266138 34755 0
809266138 18221 1
809266138 78835 1
809266138 73547 0
809266138 77735 0
809266138 15872 1
809266138 60947 0
809266138 79622 0
809266138 19334 1
809266138 73233 0
809266138 43819 0
809266138 19863 1
809266138 39318 1
809266138 19081 0
809266138 46284 0
809266138 51748 0
809266138 70668 0
809266138 26378 0
809266138 6126 0
809266138 56834 0
809266138 3824 0
809266138 13965 1
809266138 1925 1
809266138 2850 0
809266138 74462 1
809266138 71476 0
809266138 18408 0
809266138 53142 1
809266138 16996 1
809266138 24211 1
809266138 39601 0
809266139 57189 1
809266139 62385 1
809266139 79344 0
809266139 62327 1
809266139 35476 1
809266139 14171 1
809266139 5303 0
809266139 65838 0
809266139 35686 1
809266139 49186 0
809266139 78055 1
809266139 13932 0
809266139 21341 1
809266139 53023 0
809266139 68924 1
809266139 32719 1
809266139 70841 0
809266139 24291 0
809266139 14917 0
809266139 15255 0
809266139 74462 0
809266139 60768 0
809266139 81688 1
809266139 49993 1
809266139 17365 0
809266139 7933 0
809266139 41524 1
809266139 38081 0
809266139 69486 1
809266139 64861 0
809266139 58636 0
809266139 71640 1
809266139 60949 1
809266139 1674 1
809266139 34358 0
809266139 40929 0
809266139 48074 0
809266139 64613 0
809266139 40072 1
809266139 1925 0
809266139 74378 1
809266139 66006 0
809266139 23580 1
809266139 46446 0
809266139 15872 0
809266139 54378 1
809266139 59436 0
809266139 82048 0
809266139 1774 0
809266139 18221 0
809266139 60467 1
809266139 49809 1
809266139 24496 0
809266139 51859 1
809266139 19863 0
809266139 53986 1
809266139 69009 1
809266139 50599 1
809266139 53177 1
809266139 20103 1
809266139 55999 1
809266139 14079 1
809266139 19334 0
809266139 38132 1
809266139 16996 0
809266139 41975 1
809266139 72787 0
809266139 4358 0
809266139 69758 0
809266139 10586 1
809266139 26016 1
809266139 13965 0
809266139 37201 1
809266139 72348 1
809266139 27899 0
809266139 63338 1
809266139 70230 0
809266139 66955 0
809266139 70681 0
809266139 78535 0
809266139 50890 0
809266139 53244 1
809266139 46018 0
809266139 53142 0
809266139 39318 0
809266139 1425 1
809266139 39934 0
809266139 74557 1
809266139 15487 1
809266139 24211 0
809266139 81133 1
809266139 78835 0
809266139 74106 1
809266139 40919 0
809266139 15200 1
809266139 60295 1
809266139 31542 1
809266139 27252 1
809266139 4456 1
809266139 2635 1
809266139 29289 1
809266139 8433 1
809266139 1116 1
809266140 14376 1
809266140 82106 1
809266140 60949 0
809266140 15487 0
809266140 79066 1
809266140 10586 0
809266140 53986 0
809266140 71640 0
809266140 1220 1
809266140 1425 0
809266140 50599 0
809266140 30167 1
809266140 45881 1
809266140 31542 0
809266140 16360 1
809266140 15200 0
809266140 81133 0
809266140 79908 1
809266140 63338 0
809266140 52563 1
809266140 8433 0
809266140 26479 1
809266140 69009 0
809266140 74557 0
809266140 18513 1
809266140 10070 1
809266140 6176 1
809266140 2635 0
809266140 37201 0
809266140 75139 1
809266140 54013 1
809266140 26016 0
809266140 16823 1
809266140 70930 1
809266140 68924 0
809266140 55999 0
809266140 52411 1
809266140 70059 1
809266140 29953 1
809266140 1347 1
809266140 40072 0
809266140 3999 1
809266140 60295 0
809266140 35476 0
809266140 11203 1
809266140 32210 1
809266140 49993 0
809266140 49809 0
809266140 15938 1
809266140 57189 0
809266140 34415 1
809266140 40691 1
809266140 23769 1
809266140 69486 0
809266140 1116 0
809266140 48006 1
809266140 34457 1
809266140 72348 0
809266140 17763 1
809266140 60467 0
809266140 64531 1
809266140 10871 1
809266140 74378 0
809266140 78890 1
809266140 76386 1
809266140 75609 1
809266140 53244 0
809266140 9155 1
809266140 59318 1
809266140 41524 0
809266140 27252 0
809266140 78055 0
809266140 74106 0
809266140 77358 1
809266140 54378 0
809266140 55486 1
809266140 57237 1
809266140 62327 0
809266140 38132 0
809266140 62385 0
809266140 57260 1
809266140 54083 1
809266140 53258 1
809266140 5099 1
809266140 80256 1
809266140 80210 1
809266140 71576 1
809266140 41975 0
809266140 41355 1
809266140 20103 0
809266140 75727 1
809266140 14079 0
809266140 82078 1
809266140 49060 1
809266140 61610 1
809266140 1674 0
809266140 81688 0
809266140 45674 1
809266140 51859 0
809266141 35472 1
809266141 64960 1
809266141 50156 1
809266141 29953 0
809266141 52411 0
809266141 53988 1
809266141 42491 1
809266141 21409 1
809266141 35686 0
809266141 14171 0
809266141 41355 0
809266141 30299 1
809266141 33367 1
809266141 81934 1
809266141 21341 0
809266141 67186 1
809266141 4983 1
809266141 80256 0
809266141 182 1
809266141 70930 0
809266141 5099 0
809266141 24700 1
809266141 52563 0
809266141 57237 0
809266141 82078 0
809266141 59322 1
809266141 42934 1
809266141 3410 1
809266141 23769 0
809266141 16823 0
809266141 9155 0
809266141 11203 0
809266141 77358 0
809266141 14516 1
809266141 3999 0
809266141 1279 1
809266141 40691 0
809266141 75609 0
809266141 49060 0
809266141 82106 0
809266141 41887 1
809266141 59318 0
809266141 79074 1
809266141 1220 0
809266141 1004 1
809266141 29058 1
809266141 41189 1
809266141 37164 1
809266141 75139 0
809266141 75727 0
809266141 16360 0
809266141 79066 0
809266141 46459 1
809266141 71576 0
809266141 61610 0
809266141 14376 0
809266141 64531 0
809266141 60542 1
809266141 34415 0
809266141 26479 0
809266141 32210 0
809266141 31450 1
809266141 16097 1
809266141 53258 0
809266141 47064 1
809266141 54013 0
809266141 29413 1
809266141 15938 0
809266141 30167 0
809266141 74620 1
809266141 32719 0
809266141 67579 1
809266141 45881 0
809266141 31052 1
809266141 54083 0
809266141 6176 0
809266141 76386 0
809266141 67937 1
809266141 52505 1
809266141 24623 1
809266141 5117 1
809266141 34457 0
809266141 18513 0
809266141 50569 1
809266141 62743 1
809266141 61508 1
809266141 55486 0
809266141 3587 1
809266141 37261 1
809266141 61469 1
809266141 79908 0
809266141 57260 0
809266141 52214 1
809266141 70059 0
809266141 63170 1
809266141 4456 0
809266141 64813 1
809266141 17763 0
809266142 32901 1
809266142 79347 1
809266142 52214 0
809266142 1279 0
809266142 37164 0
809266142 26010 1
809266142 40026 1
809266142 50156 0
809266142 29289 0
809266142 54281 1
809266142 70266 1
809266142 40983 1
809266142 24700 0
809266142 3161 1
809266142 67186 0
809266142 24765 1
809266142 63170 0
809266142 54954 1
809266142 33367 0
809266142 60542 0
809266142 41325 1
809266142 65151 1
809266142 64813 0
809266142 46848 1
809266142 62743 0
809266142 1004 0
809266142 42934 0
809266142 24623 0
809266142 57012 1
809266142 61508 0
809266142 3410 0
809266142 31052 0
809266142 29058 0
809266142 67579 0
809266142 48416 1
809266142 53177 0
809266142 59322 0
809266142 67937 0
809266142 5558 1
809266142 81934 0
809266142 19842 1
809266142 10889 1
809266142 70438 1
809266142 44344 1
809266142 14348 1
809266142 99 1
809266142 23592 1
809266142 74116 1
809266142 56797 1
809266142 55440 1
809266142 16348 1
809266142 36144 1
809266142 64027 1
809266142 34705 1
809266142 11323 1
809266142 24093 1
809266142 47064 0
809266142 62584 1
809266142 17795 1
809266142 44423 1
809266142 14516 0
809266142 60312 1
809266142 5595 1
809266142 20366 1
809266142 6964 1
809266142 75327 1
809266142 42491 0
809266142 182 0
809266142 35472 0
809266142 41189 0
809266142 4983 0
809266142 56400 1
809266142 45275 1
809266142 12750 1
809266142 50569 0
809266142 24742 1
809266142 46459 0
809266142 10847 1
809266142 34811 1
809266142 11008 1
809266142 49962 1
809266142 3587 0
809266142 61690 1
809266142 57349 1
809266142 63541 1
809266142 23580 0
809266142 45674 0
809266142 10397 1
809266142 61469 0
809266142 57015 1
809266142 64960 0
809266142 57348 1
809266142 51211 1
809266142 37261 0
809266142 79074 0
809266142 78751 1
809266142 29042 1
809266142 10070 0
809266142 63748 1
809266142 16097 0
809266142 31969 1
809266143 53988 0
809266143 37454 1
809266143 72609 1
809266143 15611 1
809266143 4347 1
809266143 12954 1
809266143 48006 0
809266143 48925 1
809266143 1347 0
809266143 6964 0
809266143 13396 1
809266143 10871 0
809266143 31450 0
809266143 62584 0
809266143 44344 0
809266143 3161 0
809266143 45318 1
809266143 32901 0
809266143 29413 0
809266143 10397 0
809266143 80452 1
809266143 75327 0
809266143 42149 1
809266143 57012 0
809266143 31872 1
809266143 62781 1
809266143 12750 0
809266143 57349 0
809266143 39315 1
809266143 40026 0
809266143 20366 0
809266143 24765 0
809266143 31815 1
809266143 71193 1
809266143 77458 1
809266143 70266 0
809266143 23277 1
809266143 19842 0
809266143 48416 0
809266143 17795 0
809266143 44423 0
809266143 47644 1
809266143 63467 1
809266143 32677 1
809266143 13092 1
809266143 18351 1
809266143 59386 1
809266143 34811 0
809266143 46848 0
809266143 70438 0
809266143 78751 0
809266143 21409 0
809266143 30665 1
809266143 20281 1
809266143 99 0
809266143 71005 1
809266143 5117 0
809266143 45275 0
809266143 69042 1
809266143 5558 0
809266143 50725 1
809266143 30299 0
809266143 10847 0
809266143 41887 0
809266143 18437 1
809266143 24093 0
809266143 23592 0
809266143 74116 0
809266143 9128 1
809266143 8424 1
809266143 31969 0
809266143 39918 1
809266143 55424 1
809266143 74331 1
809266143 80210 0
809266143 64113 1
809266143 29042 0
809266143 8482 1
809266143 66156 1
809266143 65032 1
809266143 3652 1
809266143 54281 0
809266143 79347 0
809266143 11323 0
809266143 23991 1
809266143 5595 0
809266143 40983 0
809266143 74994 1
809266143 24742 0
809266143 22918 1
809266143 56797 0
809266143 54954 0
809266143 51211 0
809266143 11008 0
809266143 52505 0
809266143 26010 0
809266143 63748 0
809266143 57015 0
809266143 78890 0
809266144 1150 1
809266144 68249 1
809266144 17916 1
809266144 48925 0
809266144 10889 0
809266144 12954 0
809266144 8482 0
809266144 52529 1
809266144 9128 0
809266144 36144 0
809266144 72609 0
809266144 3652 0
809266144 50725 0
809266144 81950 1
809266144 56400 0
809266144 57348 0
809266144 70238 1
809266144 60312 0
809266144 45318 0
809266144 21050 1
809266144 67390 1
809266144 47462 1
809266144 16348 0
809266144 71494 1
809266144 69042 0
809266144 61893 1
809266144 15611 0
809266144 13092 0
809266144 63080 1
809266144 63661 1
809266144 13422 1
809266144 51284 1
809266144 64027 0
809266144 22752 1
809266144 18083 1
809266144 47644 0
809266144 80452 0
809266144 13396 0
809266144 39918 0
809266144 4347 0
809266144 71193 0
809266144 4245 1
809266144 41325 0
809266144 8424 0
809266144 43008 1
809266144 30665 0
809266144 31520 1
809266144 42149 0
809266144 30308 1
809266144 7014 1
809266144 4470 1
809266144 31815 0
809266144 60392 1
809266144 34705 0
809266144 23991 0
809266144 74331 0
809266144 20281 0
809266144 65151 0
809266144 61690 0
809266144 31222 1
809266144 39315 0
809266144 3792 1
809266144 18351 0
809266144 77458 0
809266144 55424 0
809266144 64113 0
809266144 63387 1
809266144 18437 0
809266144 60036 1
809266144 71492 1
809266144 22918 0
809266144 41209 1
809266144 14348 0
809266144 62111 1
809266144 3900 1
809266144 66156 0
809266144 16443 1
809266144 38086 1
809266144 65032 0
809266144 68582 1
809266144 63541 0
809266144 62288 1
809266144 45817 1
809266144 59386 0
809266144 46902 1
809266144 55440 0
809266144 26226 1
809266144 23033 1
809266144 74620 0
809266144 26287 1
809266144 67810 1
809266144 50932 1
809266144 72309 1
809266144 37454 0
809266144 49962 0
809266144 204 1
809266144 57933 1
809266144 74994 0
809266144 20124 1
809266144 31872 0
809266145 26287 0
809266145 62781 0
809266145 66110 1
809266145 75310 1
809266145 15397 1
809266145 38722 1
809266145 63080 0
809266145 4470 0
809266145 68539 1
809266145 23033 0
809266145 60587 1
809266145 16443 0
809266145 59059 1
809266145 70641 1
809266145 33945 1
809266145 71657 1
809266145 81950 0
809266145 75730 1
809266145 39652 1
809266145 31222 0
809266145 45817 0
809266145 52850 1
809266145 204 0
809266145 68582 0
809266145 44963 1
809266145 68249 0
809266145 79506 1
809266145 32160 1
809266145 24347 1
809266145 63467 0
809266145 68485 1
809266145 1150 0
809266145 12967 1
809266145 32275 1
809266145 66796 1
809266145 33106 1
809266145 69144 1
809266145 4245 0
809266145 18083 0
809266145 50932 0
809266145 60036 0
809266145 66758 1
809266145 13422 0
809266145 46902 0
809266145 80251 1
809266145 62111 0
809266145 25164 1
809266145 29891 1
809266145 78353 1
809266145 75085 1
809266145 33343 1
809266145 52529 0
809266145 70238 0
809266145 23948 1
809266145 42007 1
809266145 53707 1
809266145 41209 0
809266145 38086 0
809266145 60392 0
809266145 25736 1
809266145 14573 1
809266145 80742 1
809266145 1437 1
809266145 8269 1
809266145 7014 0
809266145 43008 0
809266145 67810 0
809266145 80117 1
809266145 68426 1
809266145 31520 0
809266145 64960 1
809266145 72309 0
809266145 35430 1
809266145 3900 0
809266145 51284 0
809266145 14331 1
809266145 47462 0
809266145 15632 1
809266145 61701 1
809266145 64397 1
809266145 30308 0
809266145 14629 1
809266145 17916 0
809266145 67146 1
809266145 56339 1
809266145 21050 0
809266145 71494 0
809266145 67555 1
809266145 67390 0
809266145 69876 1
809266145 20124 0
809266145 69160 1
809266145 63387 0
809266145 66560 1
809266145 71000 1
809266145 58849 1
809266145 10947 1
809266145 26947 1
809266145 17321 1
809266145 39218 1
