70166 3326 214910481
111119976 38523 1
137333651 38850 1
177720848 63351 1
197816347 38523 0
201966873 63351 0
208204147 38850 0
208303465 51496 1
210581924 51496 0
214272327 29621 1
214369317 29621 0
214525938 42624 1
214705022 44124 1
214906942 44124 0
214908482 3101 1
214909150 74 1
214909809 3101 0
214909828 42624 0
214909909 74 0
214909966 54765 1
214910043 25500 1
214910426 13129 1
214910442 43180 1
214910448 13129 0
214910448 35819 1
214910448 25500 0
214910448 9285 1
214910448 43180 0
214910448 50739 1
214910448 50574 1
214910449 50574 0
214910449 35819 0
214910449 28511 1
214910449 50739 0
214910449 2042 1
214910449 39429 1
214910449 9285 0
214910449 53811 1
214910449 54765 0
214910449 11544 1
214910449 1703 1
214910449 33320 1
214910449 29717 1
214910449 59263 1
214910449 58351 1
214910449 27676 1
214910449 19802 1
214910449 15296 1
214910449 37841 1
214910449 1926 1
214910449 39846 1
214910449 22761 1
214910449 56681 1
214910449 41207 1
214910449 10093 1
214910449 48396 1
214910449 43025 1
214910449 40559 1
214910449 57038 1
214910449 39795 1
214910449 2442 1
214910449 39528 1
214910449 14509 1
214910449 36940 1
214910449 5994 1
214910449 31166 1
214910449 60310 1
214910449 58960 1
214910449 47937 1
214910449 11418 1
214910449 37225 1
214910449 13987 1
214910449 17912 1
214910449 30303 1
214910449 5245 1
214910449 8028 1
214910449 17506 1
214910449 50271 1
214910449 5376 1
214910449 41893 1
214910449 26231 1
214910449 2699 1
214910449 4828 1
214910449 25036 1
214910449 21957 1
214910449 65679 1
214910449 23161 1
214910449 36651 1
214910449 19422 1
214910449 37746 1
214910449 34365 1
214910449 7301 1
214910449 60496 1
214910449 18444 1
214910449 57831 1
214910449 3019 1
214910449 21972 1
214910449 807 1
214910449 23401 1
214910449 67847 1
214910449 69642 1
214910449 55691 1
214910449 40854 1
214910449 29182 1
214910449 4601 1
214910449 245 1
214910449 24592 1
214910449 21307 1
214910449 13054 1
214910449 56697 1
214910449 64990 1
214910449 13645 1
214910449 7342 1
214910449 12804 1
214910449 41885 1
214910449 12768 1
214910449 39080 1
214910449 67870 1
214910449 8944 1
214910449 70119 1
214910449 60177 1
214910449 6222 1
214910449 12385 1
214910449 6975 1
214910449 21737 1
214910449 47647 1
214910449 20778 1
214910450 41395 1
214910450 47187 1
214910450 10093 0
214910450 2442 0
214910450 23161 0
214910450 45964 1
214910450 48396 0
214910450 42107 1
214910450 30303 0
214910450 55802 1
214910450 24777 1
214910450 39429 0
214910450 56681 0
214910450 59263 0
214910450 21977 1
214910450 43929 1
214910450 17912 0
214910450 58351 0
214910450 808 1
214910450 35155 1
214910450 12385 0
214910450 6975 0
214910450 61139 1
214910450 3432 1
214910450 1775 1
214910450 68830 1
214910450 47937 0
214910450 36106 1
214910450 28511 0
214910450 2699 0
214910450 8219 1
214910450 23978 1
214910450 21972 0
214910450 6861 1
214910450 11544 0
214910450 48375 1
214910450 53811 0
214910450 16102 1
214910450 29766 1
214910450 1926 0
214910450 14588 1
214910450 70119 0
214910450 21834 1
214910450 40559 0
214910450 37225 0
214910450 34365 0
214910450 36940 0
214910450 13987 0
214910450 28507 1
214910450 50271 0
214910450 21307 0
214910450 33436 1
214910450 54374 1
214910450 25200 1
214910450 21021 1
214910450 31150 1
214910450 37746 0
214910450 1516 1
214910450 48031 1
214910450 24751 1
214910450 41207 0
214910450 5994 0
214910450 47743 1
214910450 36174 1
214910450 7493 1
214910450 13386 1
214910450 36651 0
214910450 21737 0
214910450 23922 1
214910450 12749 1
214910450 3019 0
214910450 29717 0
214910450 15296 0
214910450 14220 1
214910450 49607 1
214910450 10990 1
214910450 4828 0
214910450 47919 1
214910450 1703 0
214910450 58531 1
214910450 40854 0
214910450 60310 0
214910450 12804 0
214910450 61971 1
214910450 29182 0
214910450 63175 1
214910450 33320 0
214910450 60177 0
214910450 65679 0
214910450 24592 0
214910450 27676 0
214910450 49622 1
214910450 55691 0
214910450 31166 0
214910450 13238 1
214910450 2042 0
214910450 57128 1
214910450 42270 1
214910450 19802 0
214910450 23401 0
214910450 47647 0
214910451 17776 1
214910451 44612 1
214910451 7301 0
214910451 32344 1
214910451 48817 1
214910451 35322 1
214910451 5013 1
214910451 26564 1
214910451 10738 1
214910451 32419 1
214910451 3432 0
214910451 53917 1
214910451 58960 0
214910451 9545 1
214910451 60108 1
214910451 35454 1
214910451 54600 1
214910451 12768 0
214910451 27188 1
214910451 10990 0
214910451 14220 0
214910451 42107 0
214910451 47743 0
214910451 65401 1
214910451 27604 1
214910451 67299 1
214910451 3468 1
214910451 19422 0
214910451 21834 0
214910451 51357 1
214910451 20018 1
214910451 21021 0
214910451 49607 0
214910451 68831 1
214910451 43548 1
214910451 4601 0
214910451 62489 1
214910451 24777 0
214910451 60496 0
214910451 55683 1
214910451 13645 0
214910451 56697 0
214910451 14588 0
214910451 64990 0
214910451 17491 1
214910451 23922 0
214910451 69642 0
214910451 13054 0
214910451 6409 1
214910451 15459 1
214910451 57093 1
214910451 49622 0
214910451 41666 1
214910451 7342 0
214910451 1912 1
214910451 58531 0
214910451 32183 1
214910451 17275 1
214910451 34294 1
214910451 41983 1
214910451 23978 0
214910451 55802 0
214910451 808 0
214910451 17609 1
214910451 16699 1
214910451 7493 0
214910451 32973 1
214910451 5376 0
214910451 8219 0
214910451 17466 1
214910451 24751 0
214910451 39795 0
214910451 189 1
214910451 26294 1
214910451 42270 0
214910451 67847 0
214910451 18444 0
214910451 8028 0
214910451 28507 0
214910451 15590 1
214910451 39528 0
214910451 38037 1
214910451 46921 1
214910451 807 0
214910451 1775 0
214910451 41395 0
214910451 45964 0
214910451 53788 1
214910451 25502 1
214910451 245 0
214910451 25200 0
214910451 13386 0
214910451 35754 1
214910451 16102 0
214910451 63388 1
214910451 25535 1
214910451 67484 1
214910451 964 1
214910451 34810 1
214910451 36106 0
214910452 64726 1
214910452 38037 0
214910452 32344 0
214910452 48031 0
214910452 44205 1
214910452 35754 0
214910452 68831 0
214910452 20976 1
214910452 3293 1
214910452 26788 1
214910452 11913 1
214910452 26675 1
214910452 26294 0
214910452 5013 0
214910452 67870 0
214910452 46921 0
214910452 16699 0
214910452 18015 1
214910452 41666 0
214910452 54101 1
214910452 45156 1
214910452 10738 0
214910452 35155 0
214910452 67740 1
214910452 14442 1
214910452 16779 1
214910452 43548 0
214910452 24964 1
214910452 6088 1
214910452 53917 0
214910452 55279 1
214910452 21977 0
214910452 6222 0
214910452 36796 1
214910452 2433 1
214910452 22761 0
214910452 15459 0
214910452 54374 0
214910452 46333 1
214910452 32183 0
214910452 17466 0
214910452 26231 0
214910452 29951 1
214910452 42904 1
214910452 39644 1
214910452 32973 0
214910452 14651 1
214910452 20778 0
214910452 53686 1
214910452 33857 1
214910452 16394 1
214910452 17609 0
214910452 53900 1
214910452 55683 0
214910452 17491 0
214910452 69446 1
214910452 18164 1
214910452 22081 1
214910452 59658 1
214910452 1406 1
214910452 19557 1
214910452 34094 1
214910452 34810 0
214910452 58504 1
214910452 41983 0
214910452 32364 1
214910452 41434 1
214910452 27604 0
214910452 42532 1
214910452 39080 0
214910452 65401 0
214910452 1516 0
214910452 34543 1
214910452 29766 0
214910452 21957 0
214910452 27188 0
214910452 2930 1
214910452 41568 1
214910452 8866 1
214910452 36174 0
214910452 11418 0
214910452 34294 0
214910452 48375 0
214910452 37467 1
214910452 61139 0
214910452 4192 1
214910452 12749 0
214910452 63175 0
214910452 13940 1
214910452 30590 1
214910452 50538 1
214910452 17776 0
214910452 56626 1
214910452 8982 1
214910452 6861 0
214910452 64301 1
214910452 9219 1
214910452 67290 1
214910452 17506 0
214910453 33857 0
214910453 35454 0
214910453 43025 0
214910453 5155 1
214910453 20276 1
214910453 46333 0
214910453 9219 0
214910453 33172 1
214910453 12830 1
214910453 59658 0
214910453 64301 0
214910453 44081 1
214910453 25908 1
214910453 67740 0
214910453 43929 0
214910453 8864 1
214910453 39846 0
214910453 56626 0
214910453 44205 0
214910453 38729 1
214910453 29951 0
214910453 32419 0
214910453 34094 0
214910453 26675 0
214910453 47919 0
214910453 47187 0
214910453 34543 0
214910453 13238 0
214910453 63540 1
214910453 65412 1
214910453 69264 1
214910453 17851 1
214910453 8944 0
214910453 43256 1
214910453 67771 1
214910453 31491 1
214910453 6088 0
214910453 11762 1
214910453 2188 1
214910453 42904 0
214910453 5245 0
214910453 40496 1
214910453 18015 0
214910453 41568 0
214910453 57496 1
214910453 44612 0
214910453 58504 0
214910453 948 1
214910453 58676 1
214910453 17117 1
214910453 53488 1
214910453 55920 1
214910453 54600 0
214910453 41885 0
214910453 40375 1
214910453 10174 1
214910453 51784 1
214910453 1912 0
214910453 26564 0
214910453 6409 0
214910453 3449 1
214910453 63145 1
214910453 63582 1
214910453 39644 0
214910453 22081 0
214910453 60108 0
214910453 4192 0
214910453 58971 1
214910453 41712 1
214910453 20018 0
214910453 30590 0
214910453 37632 1
214910453 51357 0
214910453 69446 0
214910453 31150 0
214910453 65588 1
214910453 57038 0
214910453 25937 1
214910453 53686 0
214910453 26788 0
214910453 54101 0
214910453 10499 1
214910453 41999 1
214910453 50538 0
214910453 41434 0
214910453 31357 1
214910453 68622 1
214910453 53788 0
214910453 67290 0
214910453 14442 0
214910453 25219 1
214910453 9545 0
214910453 13940 0
214910453 57093 0
214910453 65029 1
214910453 67299 0
214910453 25036 0
214910453 46792 1
214910453 64726 0
214910453 964 0
214910453 37841 0
214910454 51784 0
214910454 33478 1
214910454 10174 0
214910454 38729 0
214910454 42730 1
214910454 65412 0
214910454 41724 1
214910454 63563 1
214910454 33436 0
214910454 63388 0
214910454 16027 1
214910454 25219 0
214910454 44553 1
214910454 6762 1
214910454 46792 0
214910454 8866 0
214910454 40375 0
214910454 63145 0
214910454 30162 1
214910454 63582 0
214910454 20755 1
214910454 31888 1
214910454 35322 0
214910454 8864 0
214910454 17275 0
214910454 67484 0
214910454 18910 1
214910454 61971 0
214910454 38901 1
214910454 7149 1
214910454 51707 1
214910454 33172 0
214910454 30191 1
214910454 53488 0
214910454 27206 1
214910454 16735 1
214910454 43256 0
214910454 63540 0
214910454 25535 0
214910454 54953 1
214910454 57496 0
214910454 25502 0
214910454 20976 0
214910454 35689 1
214910454 16978 1
214910454 2188 0
214910454 27997 1
214910454 25937 0
214910454 3449 0
214910454 22916 1
214910454 20335 1
214910454 45971 1
214910454 51634 1
214910454 32364 0
214910454 11913 0
214910454 8982 0
214910454 42230 1
214910454 41790 1
214910454 19557 0
214910454 53072 1
214910454 4163 1
214910454 22432 1
214910454 40833 1
214910454 49951 1
214910454 10499 0
214910454 36002 1
214910454 40496 0
214910454 65588 0
214910454 13249 1
214910454 34655 1
214910454 20276 0
214910454 55920 0
214910454 58971 0
214910454 352 1
214910454 30784 1
214910454 65029 0
214910454 43500 1
214910454 44004 1
214910454 2433 0
214910454 11612 1
214910454 5057 1
214910454 55194 1
214910454 60506 1
214910454 37500 1
214910454 3293 0
214910454 5384 1
214910454 10440 1
214910454 5155 0
214910454 13882 1
214910454 37467 0
214910454 10976 1
214910454 53474 1
214910454 20974 1
214910454 68678 1
214910454 54910 1
214910454 58676 0
214910454 62489 0
214910454 31491 0
214910454 67771 0
214910454 24964 0
214910455 33014 1
214910455 46481 1
214910455 17851 0
214910455 50125 1
214910455 69630 1
214910455 5871 1
214910455 3468 0
214910455 41790 0
214910455 57152 1
214910455 18346 1
214910455 11612 0
214910455 30272 1
214910455 16978 0
214910455 27997 0
214910455 51860 1
214910455 11705 1
214910455 1711 1
214910455 49032 1
214910455 35974 1
214910455 92 1
214910455 20695 1
214910455 6191 1
214910455 63563 0
214910455 7149 0
214910455 12022 1
214910455 58960 1
214910455 69647 1
214910455 37500 0
214910455 28378 1
214910455 16666 1
214910455 31181 1
214910455 28180 1
214910455 14509 0
214910455 20903 1
214910455 536 1
214910455 51707 0
214910455 38094 1
214910455 53474 0
214910455 24003 1
214910455 57831 0
214910455 6557 1
214910455 42532 0
214910455 28433 1
214910455 20335 0
214910455 29214 1
214910455 55194 0
214910455 10899 1
214910455 68678 0
214910455 16917 1
214910455 16735 0
214910455 25573 1
214910455 1406 0
214910455 25908 0
214910455 41885 1
214910455 57128 0
214910455 16779 0
214910455 37877 1
214910455 45971 0
214910455 64153 1
214910455 36002 0
214910455 25760 1
214910455 7376 1
214910455 50463 1
214910455 18164 0
214910455 45342 1
214910455 53900 0
214910455 10976 0
214910455 6522 1
214910455 18910 0
214910455 4163 0
214910455 63156 1
214910455 54910 0
214910455 68622 0
214910455 25827 1
214910455 44325 1
214910455 5690 1
214910455 42730 0
214910455 948 0
214910455 45156 0
214910455 20755 0
214910455 49951 0
214910455 68830 0
214910455 13882 0
214910455 66291 1
214910455 53699 1
214910455 58781 1
214910455 44304 1
214910455 5057 0
214910455 38901 0
214910455 41893 0
214910455 33735 1
214910455 56070 1
214910455 3026 1
214910455 34413 1
214910455 36796 0
214910455 17654 1
214910455 35689 0
214910455 11762 0
214910455 69658 1
214910455 17462 1
214910455 49887 1
214910455 54953 0
214910455 17117 0
214910456 69264 0
214910456 5384 0
214910456 20018 1
214910456 55658 1
214910456 43500 0
214910456 17462 0
214910456 42111 1
214910456 23680 1
214910456 69658 0
214910456 5005 1
214910456 36532 1
214910456 56487 1
214910456 1833 1
214910456 69664 1
214910456 16917 0
214910456 49887 0
214910456 44304 0
214910456 3026 0
214910456 34655 0
214910456 48864 1
214910456 31181 0
214910456 3043 1
214910456 38273 1
214910456 39844 1
214910456 48188 1
214910456 2736 1
214910456 49032 0
214910456 31357 0
214910456 46590 1
214910456 16674 1
214910456 27206 0
214910456 60506 0
214910456 33558 1
214910456 15590 0
214910456 35160 1
214910456 32943 1
214910456 55279 0
214910456 56052 1
214910456 48817 0
214910456 29557 1
214910456 66291 0
214910456 69647 0
214910456 11622 1
214910456 44004 0
214910456 3156 1
214910456 41851 1
214910456 30272 0
214910456 65892 1
214910456 44325 0
214910456 31888 0
214910456 17654 0
214910456 53666 1
214910456 33478 0
214910456 2930 0
214910456 51538 1
214910456 352 0
214910456 45342 0
214910456 6522 0
214910456 50997 1
214910456 13488 1
214910456 46481 0
214910456 25653 1
214910456 22432 0
214910456 25890 1
214910456 50463 0
214910456 62011 1
214910456 30162 0
214910456 14651 0
214910456 253 1
214910456 61169 1
214910456 21007 1
214910456 64156 1
214910456 16502 1
214910456 30458 1
214910456 16027 0
214910456 53699 0
214910456 6762 0
214910456 40478 1
214910456 20974 0
214910456 25760 0
214910456 536 0
214910456 44081 0
214910456 40510 1
214910456 41299 1
214910456 44553 0
214910456 53072 0
214910456 42344 1
214910456 5690 0
214910456 34207 1
214910456 189 0
214910456 11705 0
214910456 41494 1
214910456 41999 0
214910456 37211 1
214910456 6557 0
214910456 5871 0
214910457 53620 1
214910457 23229 1
214910457 56585 1
214910457 58135 1
214910457 18640 1
214910457 55658 0
214910457 58960 0
214910457 30191 0
214910457 51189 1
214910457 11622 0
214910457 40510 0
214910457 13722 1
214910457 53723 1
214910457 12187 1
214910457 45687 1
214910457 1123 1
214910457 2736 0
214910457 33268 1
214910457 42111 0
214910457 41494 0
214910457 1671 1
214910457 22040 1
214910457 23191 1
214910457 20988 1
214910457 16394 0
214910457 38273 0
214910457 16349 1
214910457 55966 1
214910457 51860 0
214910457 56052 0
214910457 62011 0
214910457 58532 1
214910457 33735 0
214910457 31834 1
214910457 27243 1
214910457 4412 1
214910457 61169 0
214910457 1080 1
214910457 38094 0
214910457 6866 1
214910457 53666 0
214910457 69728 1
214910457 40478 0
214910457 70164 1
214910457 6191 0
214910457 37877 0
214910457 6265 1
214910457 13488 0
214910457 30783 1
214910457 62753 1
214910457 41885 0
214910457 28180 0
214910457 54660 1
214910457 54903 1
214910457 16666 0
214910457 61956 1
214910457 48864 0
214910457 29557 0
214910457 45451 1
214910457 30458 0
214910457 32943 0
214910457 28433 0
214910457 25827 0
214910457 45429 1
214910457 41851 0
214910457 42195 1
214910457 22078 1
214910457 19650 1
214910457 68902 1
214910457 37211 0
214910457 26710 1
214910457 14639 1
214910457 24003 0
214910457 41559 1
214910457 35974 0
214910457 16502 0
214910457 9749 1
214910457 20000 1
214910457 3043 0
214910457 22916 0
214910457 65892 0
214910457 18526 1
214910457 40104 1
214910457 28120 1
214910457 12830 0
214910457 46590 0
214910457 69664 0
214910457 36532 0
214910457 53008 1
214910457 17114 1
214910457 41712 0
214910457 51634 0
214910457 62262 1
214910457 50125 0
214910457 25573 0
214910457 68926 1
214910457 62051 1
214910457 56487 0
214910457 48188 0
214910457 13249 0
214910458 25890 0
214910458 28347 1
214910458 58135 0
214910458 24871 1
214910458 43633 1
214910458 41724 0
214910458 62753 0
214910458 280 1
214910458 566 1
214910458 26710 0
214910458 30388 1
214910458 23680 0
214910458 27243 0
214910458 16674 0
214910458 36497 1
214910458 31620 1
214910458 45429 0
214910458 68926 0
214910458 61025 1
214910458 56070 0
214910458 54066 1
214910458 30783 0
214910458 20018 0
214910458 14304 1
214910458 12187 0
214910458 64156 0
214910458 69728 0
214910458 69544 1
214910458 1833 0
214910458 3156 0
214910458 41851 1
214910458 19072 1
214910458 25161 1
214910458 43568 1
214910458 53620 0
214910458 173 1
214910458 40833 0
214910458 53723 0
214910458 49732 1
214910458 3981 1
214910458 50798 1
214910458 1080 0
214910458 34207 0
214910458 50997 0
214910458 18640 0
214910458 23229 0
214910458 20988 0
214910458 1123 0
214910458 34978 1
214910458 30784 0
214910458 52330 1
214910458 42230 0
214910458 37293 1
214910458 41559 0
214910458 33014 0
214910458 39844 0
214910458 68642 1
214910458 5779 1
214910458 17114 0
214910458 12242 1
214910458 14639 0
214910458 28378 0
214910458 20903 0
214910458 24328 1
214910458 39295 1
214910458 58532 0
214910458 28120 0
214910458 18526 0
214910458 38571 1
214910458 37552 1
214910458 19371 1
214910458 92 0
214910458 58781 0
214910458 35160 0
214910458 64150 1
214910458 19650 0
214910458 4412 0
214910458 67852 1
214910458 18346 0
214910458 33185 1
214910458 68832 1
214910458 5005 0
214910458 57516 1
214910458 68252 1
214910458 32430 1
214910458 34413 0
214910458 45687 0
214910458 6265 0
214910458 40536 1
214910458 7067 1
214910458 22442 1
214910458 57425 1
214910458 47210 1
214910458 63156 0
214910458 28513 1
214910458 10440 0
214910458 15399 1
214910458 44269 1
214910458 5586 1
214910458 63552 1
214910458 25653 0
214910459 17368 1
214910459 50798 0
214910459 17721 1
214910459 40104 0
214910459 9749 0
214910459 12022 0
214910459 24328 0
214910459 38420 1
214910459 38475 1
214910459 28606 1
214910459 13367 1
214910459 62051 0
214910459 56448 1
214910459 53899 1
214910459 11838 1
214910459 58349 1
214910459 68642 0
214910459 26798 1
214910459 60105 1
214910459 52603 1
214910459 22078 0
214910459 13722 0
214910459 33737 1
214910459 6866 0
214910459 67946 1
214910459 28347 0
214910459 65730 1
214910459 14723 1
214910459 61956 0
214910459 65120 1
214910459 5586 0
214910459 23496 1
214910459 16349 0
214910459 29669 1
214910459 32000 1
214910459 27345 1
214910459 37552 0
214910459 23191 0
214910459 62262 0
214910459 36497 0
214910459 32608 1
214910459 33355 1
214910459 68252 0
214910459 3981 0
214910459 61025 0
214910459 46627 1
214910459 42195 0
214910459 68832 0
214910459 14304 0
214910459 52248 1
214910459 25279 1
214910459 31834 0
214910459 38522 1
214910459 57152 0
214910459 30133 1
214910459 173 0
214910459 67315 1
214910459 54066 0
214910459 37293 0
214910459 37032 1
214910459 57183 1
214910459 16162 1
214910459 34978 0
214910459 54903 0
214910459 4884 1
214910459 28309 1
214910459 10899 0
214910459 64150 0
214910459 253 0
214910459 64164 1
214910459 33185 0
214910459 69218 1
214910459 28513 0
214910459 9111 1
214910459 15399 0
214910459 31498 1
214910459 42869 1
214910459 56585 0
214910459 43633 0
214910459 40681 1
214910459 19371 0
214910459 31660 1
214910459 29584 1
214910459 41566 1
214910459 12174 1
214910459 67852 0
214910459 38176 1
214910459 67876 1
214910459 2326 1
214910459 18564 1
214910459 33955 1
214910459 68902 0
214910459 25514 1
214910459 68682 1
214910459 35533 1
214910459 39295 0
214910459 32104 1
214910459 43568 0
214910459 54660 0
214910459 23498 1
214910459 33268 0
214910459 53008 0
214910459 22899 1
214910459 1711 0
214910459 38571 0
214910459 32430 0
214910459 25663 1
214910459 15384 1
214910459 26415 1
214910459 20695 0
214910459 7067 0
214910459 15729 1
214910459 314 1
214910459 49010 1
214910460 5779 0
214910460 65730 0
214910460 31660 0
214910460 5316 1
214910460 49010 0
214910460 42869 0
214910460 67876 0
214910460 46521 1
214910460 30133 0
214910460 33355 0
214910460 35533 0
214910460 47406 1
214910460 55237 1
214910460 34105 1
214910460 48337 1
214910460 8155 1
214910460 12849 1
214910460 2669 1
214910460 67842 1
214910460 68682 0
214910460 66124 1
214910460 32608 0
214910460 27345 0
214910460 26415 0
214910460 15729 0
214910460 67857 1
214910460 296 1
214910460 41851 0
214910460 11838 0
214910460 13570 1
214910460 4139 1
214910460 69630 0
214910460 16960 1
214910460 36394 1
214910460 314 0
214910460 15384 0
214910460 41420 1
214910460 41510 1
214910460 19072 0
214910460 4884 0
214910460 9227 1
214910460 66395 1
214910460 26798 0
214910460 63191 1
214910460 34770 1
214910460 52248 0
214910460 57030 1
214910460 22899 0
214910460 40536 0
214910460 24871 0
214910460 67946 0
214910460 67315 0
214910460 64839 1
214910460 566 0
214910460 33569 1
214910460 34563 1
214910460 23496 0
214910460 19336 1
214910460 22205 1
214910460 30216 1
214910460 58052 1
214910460 56448 0
214910460 66745 1
214910460 57183 0
214910460 44269 0
214910460 64153 0
214910460 819 1
214910460 25279 0
214910460 19189 1
214910460 49732 0
214910460 56418 1
214910460 8905 1
214910460 37032 0
214910460 7048 1
214910460 53899 0
214910460 51538 0
214910460 57425 0
214910460 47255 1
214910460 57516 0
214910460 38176 0
214910460 2066 1
214910460 51660 1
214910460 2984 1
214910460 2326 0
214910460 28537 1
214910461 41798 1
214910461 47853 1
214910461 17368 0
214910461 48337 0
214910461 296 0
214910461 52603 0
214910461 51660 0
214910461 20000 0
214910461 17721 0
214910461 23142 1
214910461 112 1
214910461 55484 1
214910461 61080 1
214910461 12570 1
214910461 41420 0
214910461 8905 0
214910461 68787 1
214910461 32000 0
214910461 50161 1
214910461 49738 1
214910461 52330 0
214910461 60371 1
214910461 2066 0
214910461 13493 1
214910461 30635 1
214910461 18326 1
214910461 28537 0
214910461 58349 0
214910461 33558 0
214910461 19336 0
214910461 67857 0
214910461 25514 0
214910461 33569 0
214910461 66668 1
214910461 8725 1
214910461 50684 1
214910461 63191 0
214910461 30216 0
214910461 27997 1
214910461 67305 1
214910461 47210 0
214910461 69810 1
214910461 59835 1
214910461 6824 1
214910461 32104 0
214910461 64412 1
214910461 38522 0
214910461 13773 1
214910461 40960 1
214910461 49674 1
214910461 41299 0
214910461 18869 1
214910461 12174 0
214910461 35199 1
214910461 64839 0
214910461 64164 0
214910461 4821 1
214910461 33955 0
214910461 62593 1
214910461 34770 0
214910461 66124 0
214910461 58015 1
214910461 69544 0
214910461 41510 0
214910461 22040 0
214910461 55237 0
214910461 12242 0
214910461 7048 0
214910461 57030 0
214910461 30147 1
214910461 42985 1
214910461 1471 1
214910461 29959 1
214910461 66407 1
214910461 70164 0
214910461 10219 1
214910461 32922 1
214910461 22205 0
214910461 26828 1
214910461 51189 0
214910461 34140 1
214910461 29584 0
214910461 8155 0
214910461 47255 0
214910461 819 0
214910461 40681 0
214910461 69218 0
214910461 37632 0
214910461 28606 0
214910461 58267 1
214910461 47406 0
214910461 63529 1
214910461 68112 1
214910461 44926 1
214910461 47264 1
214910461 38420 0
214910461 13508 1
214910461 5316 0
214910461 7376 0
214910461 20251 1
214910462 10551 1
214910462 28193 1
214910462 54816 1
214910462 62376 1
214910462 47853 0
214910462 68787 0
214910462 44671 1
214910462 41798 0
214910462 26338 1
214910462 1471 0
214910462 45859 1
214910462 3800 1
214910462 58267 0
214910462 60105 0
214910462 10864 1
214910462 6824 0
214910462 66745 0
214910462 61080 0
214910462 15084 1
214910462 64598 1
214910462 50161 0
214910462 59835 0
214910462 31498 0
214910462 30147 0
214910462 60398 1
214910462 66831 1
214910462 62593 0
214910462 42344 0
214910462 58272 1
214910462 67842 0
214910462 49738 0
214910462 9227 0
214910462 28309 0
214910462 36394 0
214910462 8444 1
214910462 32374 1
214910462 12570 0
214910462 33783 1
214910462 4821 0
214910462 66668 0
214910462 13508 0
214910462 5028 1
214910462 16162 0
214910462 55484 0
214910462 49623 1
214910462 47011 1
214910462 50326 1
214910462 21097 1
214910462 18326 0
214910462 29669 0
214910462 27997 0
214910462 4157 1
214910462 46721 1
214910462 46521 0
214910462 26173 1
214910462 33737 0
214910462 46605 1
214910462 58509 1
214910462 43618 1
214910462 6521 1
214910462 34563 0
214910462 2010 1
214910462 4139 0
214910462 4412 1
214910462 41566 0
214910462 2014 1
214910462 112 0
214910462 57024 1
214910462 30635 0
214910462 45451 0
214910462 56418 0
214910462 23498 0
214910462 66395 0
214910462 54758 1
214910462 63529 0
214910462 38475 0
214910462 7051 1
214910462 34140 0
214910462 66026 1
214910462 60371 0
214910462 35199 0
214910462 2669 0
214910462 26551 1
214910462 25161 0
214910462 50296 1
214910462 65120 0
214910462 68112 0
214910462 10874 1
214910462 49674 0
214910462 30092 1
214910462 32922 0
214910462 1136 1
214910462 34105 0
214910462 47309 1
214910462 2984 0
214910462 62865 1
214910462 4347 1
214910462 46627 0
214910462 280 0
214910462 20251 0
214910463 26338 0
214910463 44926 0
214910463 14011 1
214910463 19055 1
214910463 66026 0
214910463 52231 1
214910463 12494 1
214910463 62376 0
214910463 58052 0
214910463 31620 0
214910463 2535 1
214910463 26173 0
214910463 25663 0
214910463 60398 0
214910463 69810 0
214910463 5200 1
214910463 32374 0
214910463 47011 0
214910463 8444 0
214910463 33783 0
214910463 64412 0
214910463 50326 0
214910463 7051 0
214910463 45859 0
214910463 30092 0
214910463 54972 1
214910463 9111 0
214910463 62265 1
214910463 45624 1
214910463 7004 1
214910463 60468 1
214910463 4157 0
214910463 22984 1
214910463 26686 1
214910463 58509 0
214910463 54811 1
214910463 23554 1
214910463 1136 0
214910463 66831 0
214910463 26827 1
214910463 15797 1
214910463 15564 1
214910463 43180 1
214910463 8170 1
214910463 65793 1
214910463 10874 0
214910463 16960 0
214910463 65219 1
214910463 34415 1
214910463 69687 1
214910463 14179 1
214910463 13773 0
214910463 5981 1
214910463 69921 1
214910463 20003 1
214910463 30630 1
214910463 8790 1
214910463 21097 0
214910463 63552 0
214910463 39872 1
214910463 37270 1
214910463 65158 1
214910463 55966 0
214910463 29959 0
214910463 49623 0
214910463 50296 0
214910463 2014 0
214910463 38847 1
214910463 40418 1
214910463 10864 0
214910463 5028 0
214910463 12849 0
214910463 46721 0
214910463 15084 0
214910463 62865 0
214910463 32223 1
214910463 25286 1
214910463 26551 0
214910463 52504 1
214910463 29214 0
214910463 50533 1
214910463 33580 1
214910463 28243 1
214910463 17776 1
214910463 10551 0
214910463 50684 0
214910463 28193 0
214910463 52916 1
214910463 69159 1
214910463 54758 0
214910463 2010 0
214910463 36830 1
214910463 4347 0
214910463 21982 1
214910463 8725 0
214910463 40381 1
214910463 64598 0
214910463 57024 0
214910463 30150 1
214910463 59959 1
214910463 13367 0
214910463 64217 1
214910463 49176 1
214910463 41145 1
214910463 33278 1
214910464 51155 1
214910464 48178 1
214910464 54972 0
214910464 24970 1
214910464 68327 1
214910464 14723 0
214910464 44671 0
214910464 52916 0
214910464 26733 1
214910464 29957 1
214910464 15949 1
214910464 8790 0
214910464 51129 1
214910464 21982 0
214910464 50533 0
214910464 68144 1
214910464 21454 1
214910464 11682 1
214910464 67305 0
214910464 17776 0
214910464 69687 0
214910464 49977 1
214910464 36543 1
214910464 4412 0
214910464 9033 1
214910464 64537 1
214910464 29342 1
214910464 19189 0
214910464 42734 1
214910464 26827 0
214910464 33580 0
214910464 28439 1
214910464 66407 0
214910464 28243 0
214910464 54256 1
214910464 23554 0
214910464 65219 0
214910464 56277 1
214910464 7004 0
214910464 46538 1
214910464 28237 1
214910464 54811 0
214910464 52231 0
214910464 41304 1
214910464 15284 1
214910464 48640 1
214910464 67865 1
214910464 30630 0
214910464 32599 1
214910464 53176 1
214910464 68875 1
214910464 26686 0
214910464 21395 1
214910464 6621 1
214910464 22442 0
214910464 52464 1
214910464 46065 1
214910464 12494 0
214910464 30388 0
214910464 38847 0
214910464 1145 1
214910464 64615 1
214910464 3800 0
214910464 33498 1
214910464 18869 0
214910464 19400 1
214910464 69839 1
214910464 60468 0
214910464 3017 1
214910464 43180 0
214910464 40479 1
214910464 36830 0
214910464 57500 1
214910464 42985 0
214910464 44716 1
214910464 8111 1
214910464 12430 1
214910464 44084 1
214910464 36679 1
214910464 40960 0
214910464 25034 1
214910464 29374 1
214910464 25286 0
214910464 47309 0
214910464 15024 1
214910464 25347 1
214910464 43618 0
214910464 5981 0
214910464 42517 1
214910464 16099 1
214910464 2213 1
214910464 41409 1
214910464 18564 0
214910464 14011 0
214910464 1671 0
214910465 15991 1
214910465 41145 0
214910465 26317 1
214910465 6621 0
214910465 16183 1
214910465 32599 0
214910465 35570 1
214910465 13423 1
214910465 53307 1
214910465 16382 1
214910465 46065 0
214910465 55860 1
214910465 53016 1
214910465 6612 1
214910465 19055 0
214910465 51318 1
214910465 65158 0
214910465 43932 1
214910465 22984 0
214910465 58258 1
214910465 33278 0
214910465 62265 0
214910465 22975 1
214910465 1095 1
214910465 6521 0
214910465 67865 0
214910465 40418 0
214910465 3854 1
214910465 13201 1
214910465 64217 0
214910465 1534 1
214910465 45624 0
214910465 5934 1
214910465 16607 1
214910465 57500 0
214910465 49977 0
214910465 27556 1
214910465 53935 1
214910465 52464 0
214910465 6927 1
214910465 25034 0
214910465 5200 0
214910465 57086 1
214910465 27141 1
214910465 29342 0
214910465 40479 0
214910465 58971 1
214910465 33498 0
214910465 50179 1
214910465 16099 0
214910465 46538 0
214910465 69839 0
214910465 34415 0
214910465 23847 1
214910465 39001 1
214910465 41305 1
214910465 37736 1
214910465 56277 0
214910465 40510 1
214910465 49176 0
214910465 36679 0
214910465 1109 1
214910465 25347 0
214910465 9443 1
214910465 2213 0
214910465 21395 0
214910465 36543 0
214910465 20003 0
214910465 41409 0
214910465 35156 1
214910465 61965 1
214910465 12711 1
214910465 22815 1
214910465 66290 1
214910465 60373 1
214910465 9144 1
214910465 42734 0
214910465 42517 0
214910465 10219 0
214910465 35150 1
214910465 33660 1
214910465 3017 0
214910465 53668 1
214910465 42374 1
214910465 13570 0
214910465 8794 1
214910465 26828 0
214910465 4251 1
214910465 68875 0
214910465 50723 1
214910465 21454 0
214910465 1145 0
214910465 32239 1
214910465 4000 1
214910465 48178 0
214910465 35907 1
214910465 15024 0
214910465 54135 1
214910465 64537 0
214910465 21007 0
214910466 1534 0
214910466 42374 0
214910466 16607 0
214910466 57086 0
214910466 61875 1
214910466 5826 1
214910466 39872 0
214910466 25011 1
214910466 18929 1
214910466 54135 0
214910466 15883 1
214910466 69921 0
214910466 58272 0
214910466 22815 0
214910466 33660 0
214910466 68172 1
214910466 37736 0
214910466 59678 1
214910466 68327 0
214910466 20301 1
214910466 57869 1
214910466 60373 0
214910466 60673 1
214910466 59789 1
214910466 9181 1
214910466 64615 0
214910466 5934 0
214910466 68852 1
214910466 11682 0
214910466 1464 1
214910466 34621 1
214910466 52537 1
214910466 50614 1
214910466 28647 1
214910466 1109 0
214910466 26317 0
214910466 47264 0
214910466 40510 0
214910466 34859 1
214910466 8170 0
214910466 53016 0
214910466 6927 0
214910466 29957 0
214910466 15564 0
214910466 55860 0
214910466 50723 0
214910466 13201 0
214910466 46605 0
214910466 66290 0
214910466 9033 0
214910466 67135 1
214910466 22704 1
214910466 60943 1
214910466 37302 1
214910466 24970 0
214910466 46362 1
214910466 32223 0
214910466 6612 0
214910466 16382 0
214910466 15284 0
214910466 15949 0
214910466 22975 0
214910466 50176 1
214910466 44084 0
214910466 58015 0
214910466 36922 1
214910466 58306 1
214910466 32239 0
214910466 33564 1
214910466 15185 1
214910466 54256 0
214910466 56458 1
214910466 69829 1
214910466 2535 0
214910466 48661 1
214910466 68641 1
214910466 38141 1
214910466 43932 0
214910466 41304 0
214910466 44866 1
214910466 69596 1
214910466 57363 1
214910466 59959 0
214910466 65793 0
214910466 27556 0
214910466 39001 0
214910466 6192 1
214910466 41305 0
214910466 64703 1
214910466 19400 0
214910466 9144 0
214910466 41914 1
214910466 35156 0
214910466 23847 0
214910466 3348 1
214910466 50179 0
214910466 9443 0
214910466 28439 0
214910466 22811 1
214910466 33621 1
214910466 53935 0
214910467 54816 0
214910467 783 1
214910467 39241 1
214910467 18291 1
214910467 37270 0
214910467 67773 1
214910467 51155 0
214910467 14179 0
214910467 53307 0
214910467 25557 1
214910467 125 1
214910467 12028 1
214910467 28451 1
214910467 22691 1
214910467 39650 1
214910467 30150 0
214910467 33743 1
214910467 48661 0
214910467 53668 0
214910467 11816 1
214910467 14825 1
214910467 27417 1
214910467 8615 1
214910467 23142 0
214910467 9406 1
214910467 50711 1
214910467 68641 0
214910467 69596 0
214910467 33621 0
214910467 6594 1
214910467 51358 1
214910467 56878 1
214910467 6192 0
214910467 35694 1
214910467 53145 1
214910467 68172 0
214910467 29335 1
214910467 69352 1
214910467 59789 0
214910467 31778 1
214910467 2357 1
214910467 22127 1
214910467 35191 1
214910467 45172 1
214910467 38008 1
214910467 52203 1
214910467 51318 0
214910467 48518 1
214910467 46362 0
214910467 66184 1
214910467 6523 1
214910467 51129 0
214910467 35403 1
214910467 41914 0
214910467 18929 0
214910467 22704 0
214910467 52669 1
214910467 5826 0
214910467 26945 1
214910467 1464 0
214910467 42991 1
214910467 12711 0
214910467 40691 1
214910467 5477 1
214910467 2884 1
214910467 52504 0
214910467 55011 1
214910467 58971 0
214910467 65221 1
214910467 69159 0
214910467 44866 0
214910467 15797 0
214910467 50757 1
214910467 16280 1
214910467 17199 1
214910467 8794 0
214910467 67169 1
214910467 60943 0
214910467 31883 1
214910467 28647 0
214910467 67908 1
214910467 60673 0
214910467 64703 0
214910467 6716 1
214910467 68261 1
214910467 69829 0
214910467 40381 0
214910467 16232 1
214910467 28188 1
214910467 67135 0
214910467 50176 0
214910467 37052 1
214910467 34621 0
214910467 42966 1
214910467 22811 0
214910467 15185 0
214910467 24454 1
214910467 13423 0
214910467 16183 0
214910467 4434 1
214910467 7391 1
214910468 4434 0
214910468 32570 1
214910468 48518 0
214910468 25011 0
214910468 69986 1
214910468 35694 0
214910468 52573 1
214910468 14625 1
214910468 49316 1
214910468 52473 1
214910468 57363 0
214910468 28237 0
214910468 22701 1
214910468 20301 0
214910468 36922 0
214910468 39060 1
214910468 16232 0
214910468 25619 1
214910468 25557 0
214910468 35150 0
214910468 68261 0
214910468 9181 0
214910468 53176 0
214910468 783 0
214910468 28188 0
214910468 48038 1
214910468 23432 1
214910468 68144 0
214910468 13509 1
214910468 63591 1
214910468 33774 1
214910468 64488 1
214910468 13143 1
214910468 28639 1
214910468 14825 0
214910468 26926 1
214910468 18291 0
214910468 61875 0
214910468 67916 1
214910468 68622 1
214910468 39241 0
214910468 6594 0
214910468 35292 1
214910468 26733 0
214910468 13376 1
214910468 38378 1
214910468 33984 1
214910468 61430 1
214910468 28451 0
214910468 22040 1
214910468 34859 0
214910468 50757 0
214910468 53145 0
214910468 42991 0
214910468 39650 0
214910468 25326 1
214910468 4158 1
214910468 15883 0
214910468 63575 1
214910468 56612 1
214910468 46933 1
214910468 59658 1
214910468 56458 0
214910468 5227 1
214910468 17199 0
214910468 8111 0
214910468 4251 0
214910468 13266 1
214910468 17936 1
214910468 24178 1
214910468 35191 0
214910468 1114 1
214910468 65221 0
214910468 58258 0
214910468 68430 1
214910468 33926 1
214910468 15991 0
214910468 52203 0
214910468 59507 1
214910468 20140 1
214910468 48640 0
214910468 2884 0
214910468 64589 1
214910468 61223 1
214910468 3348 0
214910468 8615 0
214910468 11816 0
214910468 7497 1
214910468 66184 0
214910468 16280 0
214910468 61965 0
214910468 68677 1
214910468 27417 0
214910468 24600 1
214910468 15815 1
214910468 58782 1
214910468 1095 0
214910468 68852 0
214910469 51437 1
214910469 61223 0
214910469 5168 1
214910469 35680 1
214910469 69352 0
214910469 7757 1
214910469 27208 1
214910469 27141 0
214910469 27417 1
214910469 58306 0
214910469 9406 0
214910469 18044 1
214910469 4000 0
214910469 67916 0
214910469 57869 0
214910469 31778 0
214910469 33096 1
214910469 39185 1
214910469 48038 0
214910469 24600 0
214910469 53758 1
214910469 7497 0
214910469 6716 0
214910469 41413 1
214910469 55011 0
214910469 22691 0
214910469 12270 1
214910469 51021 1
214910469 12082 1
214910469 51358 0
214910469 68622 0
214910469 14625 0
214910469 13266 0
214910469 12028 0
214910469 22040 0
214910469 24178 0
214910469 43040 1
214910469 35292 0
214910469 33926 0
214910469 26926 0
214910469 63575 0
214910469 4158 0
214910469 26987 1
214910469 4621 1
214910469 52573 0
214910469 52290 1
214910469 4884 1
214910469 334 1
214910469 37052 0
214910469 50126 1
214910469 29544 1
214910469 10539 1
214910469 12696 1
214910469 39060 0
214910469 50002 1
214910469 46933 0
214910469 52473 0
214910469 23432 0
214910469 16036 1
214910469 27842 1
214910469 33564 0
214910469 64589 0
214910469 63986 1
214910469 67169 0
214910469 59489 1
214910469 36431 1
214910469 9208 1
214910469 5477 0
214910469 33743 0
214910469 24454 0
214910469 68544 1
214910469 36726 1
214910469 3444 1
214910469 57133 1
214910469 55647 1
214910469 63591 0
214910469 2357 0
214910469 29374 0
214910469 22127 0
214910469 9264 1
214910469 59678 0
214910469 33468 1
214910469 1580 1
214910469 3854 0
214910469 12430 0
214910469 33904 1
214910469 36541 1
214910469 2896 1
214910469 48882 1
214910469 33984 0
214910469 55625 1
214910469 50152 1
214910469 38378 0
214910469 45908 1
214910469 69675 1
214910469 34438 1
214910469 64340 1
214910469 26190 1
214910469 56612 0
214910469 11760 1
214910470 43174 1
214910470 27842 0
214910470 12177 1
214910470 53528 1
214910470 125 0
214910470 58257 1
214910470 26945 0
214910470 1580 0
214910470 12082 0
214910470 57800 1
214910470 33774 0
214910470 13143 0
214910470 9164 1
214910470 334 0
214910470 45172 0
214910470 21904 1
214910470 59507 0
214910470 35570 0
214910470 11335 1
214910470 55152 1
214910470 31883 0
214910470 13523 1
214910470 5311 1
214910470 22244 1
214910470 48882 0
214910470 38288 1
214910470 61430 0
214910470 32287 1
214910470 12122 1
214910470 32570 0
214910470 67908 0
214910470 50152 0
214910470 11034 1
214910470 36149 1
214910470 56878 0
214910470 24527 1
214910470 42113 1
214910470 26414 1
214910470 57133 0
214910470 65312 1
214910470 55625 0
214910470 5168 0
214910470 3345 1
214910470 25619 0
214910470 22701 0
214910470 37302 0
214910470 2896 0
214910470 56443 1
214910470 37677 1
214910470 29378 1
214910470 24126 1
214910470 35907 0
214910470 54075 1
214910470 39185 0
214910470 53758 0
214910470 41413 0
214910470 34761 1
214910470 69675 0
214910470 27417 0
214910470 68677 0
214910470 12270 0
214910470 20343 1
214910470 7251 1
214910470 67773 0
214910470 11489 1
214910470 40691 0
214910470 35680 0
214910470 25326 0
214910470 45908 0
214910470 14886 1
214910470 28639 0
214910470 7874 1
214910470 69023 1
214910470 3370 1
214910470 7882 1
214910470 30152 1
214910470 50711 0
214910470 64340 0
214910470 49316 0
214910470 38008 0
214910470 5227 0
214910470 15157 1
214910470 27224 1
214910470 7757 0
214910470 44119 1
214910470 13182 1
214910470 51437 0
214910470 33904 0
214910470 21611 1
214910470 1874 1
214910470 27208 0
214910470 34438 0
214910470 12696 0
214910470 10539 0
214910470 17742 1
214910470 52675 1
214910470 39393 1
214910470 14103 1
214910470 68430 0
214910470 42966 0
214910471 50795 1
214910471 12122 0
214910471 35403 0
214910471 47267 1
214910471 14886 0
214910471 36541 0
214910471 69023 0
214910471 54075 0
214910471 38141 0
214910471 58257 0
214910471 14712 1
214910471 13924 1
214910471 37376 1
214910471 43212 1
214910471 32287 0
214910471 55647 0
214910471 21904 0
214910471 34761 0
214910471 12177 0
214910471 34597 1
214910471 69986 0
214910471 56030 1
214910471 4621 0
214910471 22174 1
214910471 7391 0
214910471 3370 0
214910471 11489 0
214910471 22623 1
214910471 68223 1
214910471 26414 0
214910471 17936 0
214910471 52290 0
214910471 1874 0
214910471 22810 1
214910471 30094 1
214910471 29269 1
214910471 22739 1
214910471 50409 1
214910471 6523 0
214910471 64488 0
214910471 29378 0
214910471 50002 0
214910471 1114 0
214910471 17742 0
214910471 7882 0
214910471 29544 0
214910471 20343 0
214910471 49587 1
214910471 56760 1
214910471 68476 1
214910471 53528 0
214910471 65381 1
214910471 4884 0
214910471 29972 1
214910471 39393 0
214910471 50126 0
214910471 55152 0
214910471 47278 1
214910471 36431 0
214910471 1727 1
214910471 50614 0
214910471 41345 1
214910471 26987 0
214910471 52675 0
214910471 43040 0
214910471 22244 0
214910471 8723 1
214910471 54815 1
214910471 68850 1
214910471 56431 1
214910471 44119 0
214910471 69957 1
214910471 63939 1
214910471 18044 0
214910471 9264 0
214910471 60255 1
214910471 54770 1
214910471 28037 1
214910471 42481 1
214910471 24527 0
214910471 51021 0
214910471 42393 1
214910471 42113 0
214910471 23078 1
214910471 7251 0
214910471 11034 0
214910471 63797 1
214910471 50887 1
214910471 3345 0
214910471 24033 1
214910471 27224 0
214910471 37677 0
214910471 12681 1
214910471 36726 0
214910471 27338 1
214910471 2614 1
214910471 47712 1
214910471 54225 1
214910471 55116 1
214910471 26190 0
214910471 59658 0
214910471 11760 0
214910471 69193 1
214910471 27775 1
214910472 42883 1
214910472 65016 1
214910472 31091 1
214910472 57800 0
214910472 46352 1
214910472 22174 0
214910472 36149 0
214910472 14222 1
214910472 63577 1
214910472 52669 0
214910472 49874 1
214910472 68223 0
214910472 2474 1
214910472 24126 0
214910472 3444 0
214910472 30094 0
214910472 54770 0
214910472 31041 1
214910472 27888 1
214910472 14103 0
214910472 52537 0
214910472 67579 1
214910472 35393 1
214910472 19876 1
214910472 63797 0
214910472 68850 0
214910472 41574 1
214910472 63224 1
214910472 14274 1
214910472 32355 1
214910472 40536 1
214910472 9279 1
214910472 24033 0
214910472 16363 1
214910472 33468 0
214910472 37632 1
214910472 22810 0
214910472 20244 1
214910472 50409 0
214910472 8723 0
214910472 14329 1
214910472 13911 1
214910472 17552 1
214910472 13182 0
214910472 31430 1
214910472 36240 1
214910472 49587 0
214910472 41345 0
214910472 176 1
214910472 69862 1
214910472 49267 1
214910472 70131 1
214910472 37909 1
214910472 29972 0
214910472 56951 1
214910472 56431 0
214910472 7874 0
214910472 30152 0
214910472 50393 1
214910472 43174 0
214910472 14712 0
214910472 31465 1
214910472 13376 0
214910472 42930 1
214910472 34507 1
214910472 59489 0
214910472 47712 0
214910472 40244 1
214910472 21219 1
214910472 43785 1
214910472 44062 1
214910472 9208 0
214910472 65649 1
214910472 23483 1
214910472 66235 1
214910472 59918 1
214910472 20140 0
214910472 19523 1
214910472 54285 1
214910472 63986 0
214910472 13865 1
214910472 47267 0
214910472 23078 0
214910472 1940 1
214910472 38288 0
214910472 49791 1
214910472 16265 1
214910472 65957 1
214910472 11080 1
214910472 54815 0
214910472 50795 0
214910472 50417 1
214910472 8816 1
214910472 13509 0
214910472 57869 1
214910472 2908 1
214910473 27888 0
214910473 57694 1
214910473 13865 0
214910473 22739 0
214910473 35628 1
214910473 34597 0
214910473 13493 0
214910473 25029 1
214910473 2570 1
214910473 63490 1
214910473 54225 0
214910473 35393 0
214910473 23624 1
214910473 15196 1
214910473 41574 0
214910473 1727 0
214910473 14933 1
214910473 69862 0
214910473 58506 1
214910473 15815 0
214910473 3686 1
214910473 46352 0
214910473 32355 0
214910473 56951 0
214910473 56443 0
214910473 45016 1
214910473 60255 0
214910473 42393 0
214910473 9832 1
214910473 36524 1
214910473 69878 1
214910473 14222 0
214910473 59666 1
214910473 25990 1
214910473 247 1
214910473 9851 1
214910473 14274 0
214910473 21219 0
214910473 31465 0
214910473 36564 1
214910473 1538 1
214910473 49395 1
214910473 43785 0
214910473 47278 0
214910473 17552 0
214910473 1991 1
214910473 27842 1
214910473 34507 0
214910473 13924 0
214910473 63939 0
214910473 49267 0
214910473 63577 0
214910473 57140 1
214910473 2908 0
214910473 27338 0
214910473 70131 0
214910473 23019 1
214910473 69957 0
214910473 17483 1
214910473 64054 1
214910473 49791 0
214910473 40765 1
214910473 53856 1
214910473 23483 0
214910473 11335 0
214910473 20738 1
214910473 50393 0
214910473 16363 0
214910473 65649 0
214910473 68476 0
214910473 33096 0
214910473 10115 1
214910473 43212 0
214910473 37376 0
214910473 35631 1
214910473 37909 0
214910473 35100 1
214910473 29335 0
214910473 9279 0
214910473 57869 0
214910473 50005 1
214910473 61710 1
214910473 44716 0
214910473 16455 1
214910473 13523 0
214910473 46395 1
214910473 176 0
214910473 59061 1
214910473 495 1
214910473 47146 1
214910473 56760 0
214910473 62863 1
214910473 32268 1
214910473 31041 0
214910473 2614 0
214910473 18895 1
214910473 21611 0
214910473 46008 1
214910473 12681 0
214910473 28967 1
214910473 26851 1
214910473 6300 1
214910474 27775 0
214910474 13911 0
214910474 32268 0
214910474 37901 1
214910474 4055 1
214910474 69193 0
214910474 64927 1
214910474 25029 0
214910474 22623 0
214910474 53056 1
214910474 48754 1
214910474 19523 0
214910474 50891 1
214910474 3686 0
214910474 40536 0
214910474 247 0
214910474 37564 1
214910474 63224 0
214910474 31429 1
214910474 69878 0
214910474 49395 0
214910474 1940 0
214910474 45368 1
214910474 2158 1
214910474 28967 0
214910474 69057 1
214910474 58506 0
214910474 20244 0
214910474 53723 1
214910474 20738 0
214910474 65052 1
214910474 62286 1
214910474 29165 1
214910474 498 1
214910474 25990 0
214910474 8003 1
214910474 50557 1
214910474 64054 0
214910474 66213 1
214910474 47146 0
214910474 55116 0
214910474 61710 0
214910474 46008 0
214910474 67646 1
214910474 4876 1
214910474 53414 1
214910474 35100 0
214910474 68675 1
214910474 12492 1
214910474 69930 1
214910474 57694 0
214910474 9374 1
214910474 67484 1
214910474 4106 1
214910474 36417 1
214910474 14776 1
214910474 6536 1
214910474 31091 0
214910474 15196 0
214910474 16455 0
214910474 2222 1
214910474 67687 1
214910474 27842 0
214910474 14933 0
214910474 17253 1
214910474 29269 0
214910474 36240 0
214910474 11108 1
214910474 40244 0
214910474 53856 0
214910474 6300 0
214910474 42481 0
214910474 65340 1
214910474 65016 0
214910474 8816 0
214910474 65957 0
214910474 6702 1
214910474 56030 0
214910474 15157 0
214910474 15638 1
214910474 28365 1
214910474 16265 0
214910474 46395 0
214910474 68544 0
214910474 23019 0
214910474 24964 1
214910474 35631 0
214910474 14862 1
214910474 23624 0
214910474 44062 0
214910474 16036 0
214910474 10115 0
214910474 54285 0
214910474 45016 0
214910474 68220 1
214910474 56516 1
214910474 495 0
214910474 1308 1
214910475 65340 0
214910475 31430 0
214910475 2158 0
214910475 17483 0
214910475 2051 1
214910475 69930 0
214910475 47058 1
214910475 58266 1
214910475 53414 0
214910475 12492 0
214910475 14776 0
214910475 13888 1
214910475 54156 1
214910475 31429 0
214910475 62286 0
214910475 34720 1
214910475 67646 0
214910475 46645 1
214910475 18052 1
214910475 62863 0
214910475 36801 1
214910475 48341 1
214910475 34772 1
214910475 1308 0
214910475 65381 0
214910475 9374 0
214910475 26323 1
214910475 47498 1
214910475 36524 0
214910475 46297 1
214910475 5311 0
214910475 65756 1
214910475 62230 1
214910475 2222 0
214910475 50557 0
214910475 2474 0
214910475 36417 0
214910475 6702 0
214910475 37564 0
214910475 53723 0
214910475 2058 1
214910475 2570 0
214910475 57140 0
214910475 65707 1
214910475 15638 0
214910475 46203 1
214910475 18895 0
214910475 11108 0
214910475 66235 0
214910475 42883 0
214910475 1569 1
214910475 59061 0
214910475 44952 1
214910475 7839 1
214910475 67579 0
214910475 35279 1
214910475 4106 0
214910475 4055 0
214910475 28291 1
214910475 26851 0
214910475 63526 1
214910475 68220 0
214910475 58782 0
214910475 8469 1
214910475 28365 0
214910475 58823 1
214910475 14329 0
214910475 23368 1
214910475 6373 1
214910475 67687 0
214910475 21944 1
214910475 59374 1
214910475 58317 1
214910475 50417 0
214910475 6536 0
214910475 67961 1
214910475 31646 1
214910475 66362 1
214910475 56296 1
214910475 9164 0
214910475 9832 0
214910475 64927 0
214910475 16514 1
214910475 36564 0
214910475 15175 1
214910475 67484 0
214910475 49874 0
214910475 69057 0
214910475 59666 0
214910475 11080 0
214910475 63490 0
214910475 17253 0
214910475 19876 0
214910475 37632 0
214910475 56946 1
214910475 4462 1
214910475 18611 1
214910475 29165 0
214910475 40765 0
214910475 24971 1
214910475 4035 1
214910475 28037 0
214910475 2991 1
214910475 53056 0
214910475 25026 1
214910476 65756 0
214910476 18048 1
214910476 57144 1
214910476 4876 0
214910476 18611 0
214910476 28291 0
214910476 33913 1
214910476 31646 0
214910476 12154 1
214910476 2051 0
214910476 133 1
214910476 66735 1
214910476 34157 1
214910476 8469 0
214910476 50284 1
214910476 22647 1
214910476 47058 0
214910476 45368 0
214910476 12149 1
214910476 53868 1
214910476 54156 0
214910476 6373 0
214910476 26220 1
214910476 1991 0
214910476 26457 1
214910476 56516 0
214910476 67158 1
214910476 35628 0
214910476 53951 1
214910476 58823 0
214910476 13888 0
214910476 43700 1
214910476 30834 1
214910476 36667 1
214910476 60110 1
214910476 11147 1
214910476 36801 0
214910476 26323 0
214910476 68675 0
214910476 50005 0
214910476 7044 1
214910476 4425 1
214910476 45270 1
214910476 9851 0
214910476 50891 0
214910476 8151 1
214910476 4035 0
214910476 26332 1
214910476 56296 0
214910476 63526 0
214910476 23368 0
214910476 59918 0
214910476 23048 1
214910476 11534 1
214910476 46645 0
214910476 24971 0
214910476 2058 0
214910476 56946 0
214910476 25026 0
214910476 23457 1
214910476 66073 1
214910476 4462 0
214910476 66362 0
214910476 33539 1
214910476 18052 0
214910476 7839 0
214910476 65707 0
214910476 44952 0
214910476 38449 1
214910476 5592 1
214910476 39153 1
214910476 16514 0
214910476 40014 1
214910476 15284 1
214910476 1569 0
214910476 58266 0
214910476 64165 1
214910476 62382 1
214910476 47498 0
214910476 36063 1
214910476 52388 1
214910476 38159 1
214910476 51335 1
214910476 46297 0
214910476 52901 1
214910476 35279 0
214910476 146 1
214910476 65052 0
214910476 773 1
214910476 24964 0
214910476 37901 0
214910476 2137 1
214910476 27874 1
214910476 498 0
214910476 7440 1
214910476 56421 1
214910477 47830 1
214910477 21519 1
214910477 35185 1
214910477 32343 1
214910477 34157 0
214910477 66073 0
214910477 42930 0
214910477 69122 1
214910477 18048 0
214910477 50303 1
214910477 18237 1
214910477 64908 1
214910477 38890 1
214910477 30834 0
214910477 65000 1
214910477 11534 0
214910477 37436 1
214910477 12402 1
214910477 58317 0
214910477 37882 1
214910477 25856 1
214910477 40014 0
214910477 8151 0
214910477 5592 0
214910477 11147 0
214910477 42061 1
214910477 26709 1
214910477 52901 0
214910477 36145 1
214910477 23489 1
214910477 51335 0
214910477 8657 1
214910477 38449 0
214910477 33913 0
214910477 48754 0
214910477 133 0
214910477 53951 0
214910477 67278 1
214910477 64443 1
214910477 54262 1
214910477 64165 0
214910477 44239 1
214910477 32364 1
214910477 59374 0
214910477 46428 1
214910477 34772 0
214910477 43700 0
214910477 34720 0
214910477 67737 1
214910477 22647 0
214910477 1538 0
214910477 52381 1
214910477 58320 1
214910477 60824 1
214910477 51030 1
214910477 67158 0
214910477 58994 1
214910477 45088 1
214910477 12823 1
214910477 26220 0
214910477 4005 1
214910477 16920 1
214910477 50284 0
214910477 59814 1
214910477 26332 0
214910477 63890 1
214910477 26078 1
214910477 21944 0
214910477 62230 0
214910477 23457 0
214910477 66735 0
214910477 64256 1
214910477 36063 0
214910477 2268 1
214910477 50887 0
214910477 52388 0
214910477 38592 1
214910477 8003 0
214910477 57144 0
214910477 55165 1
214910477 53868 0
214910477 49907 1
214910477 15175 0
214910477 42875 1
214910477 15797 1
214910477 39153 0
214910477 35843 1
214910477 68812 1
214910477 960 1
214910477 4425 0
214910477 19744 1
214910477 20067 1
214910477 37584 1
214910477 27874 0
214910477 12149 0
214910477 2991 0
214910477 60110 0
214910477 14862 0
214910477 49408 1
214910477 7044 0
214910477 66213 0
214910477 33539 0
214910477 16387 1
214910478 32343 0
214910478 12154 0
214910478 60824 0
214910478 64003 1
214910478 17734 1
214910478 13316 1
214910478 42436 1
214910478 54545 1
214910478 12823 0
214910478 58320 0
214910478 49032 1
214910478 19192 1
214910478 15797 0
214910478 23048 0
214910478 64908 0
214910478 22911 1
214910478 7440 0
214910478 42637 1
214910478 33302 1
214910478 51030 0
214910478 67737 0
214910478 31078 1
214910478 31674 1
214910478 2268 0
214910478 64256 0
214910478 53310 1
214910478 15863 1
214910478 18237 0
214910478 20067 0
214910478 65000 0
214910478 44239 0
214910478 10952 1
214910478 35843 0
214910478 63890 0
214910478 39338 1
214910478 42875 0
214910478 65598 1
214910478 8657 0
214910478 61011 1
214910478 11455 1
214910478 16387 0
214910478 69930 1
214910478 36667 0
214910478 61183 1
214910478 45088 0
214910478 25927 1
214910478 59986 1
214910478 55885 1
214910478 17535 1
214910478 49692 1
214910478 16580 1
214910478 68812 0
214910478 960 0
214910478 22897 1
214910478 52408 1
214910478 23126 1
214910478 54315 1
214910478 46428 0
214910478 58994 0
214910478 31626 1
214910478 59814 0
214910478 50902 1
214910478 35185 0
214910478 55165 0
214910478 22723 1
214910478 53678 1
214910478 54262 0
214910478 55665 1
214910478 63493 1
214910478 37232 1
214910478 44834 1
214910478 2397 1
214910478 7977 1
214910478 9908 1
214910478 47801 1
214910478 32364 0
214910478 62382 0
214910478 69853 1
214910478 64042 1
214910478 60454 1
214910478 37882 0
214910478 8042 1
214910478 56421 0
214910478 42061 0
214910478 26457 0
214910478 16920 0
214910478 49907 0
214910478 16103 1
214910478 2137 0
214910478 26709 0
214910478 52381 0
214910478 20186 1
214910478 199 1
214910478 65036 1
214910478 38890 0
214910478 33474 1
214910478 58467 1
214910479 2397 0
214910479 38715 1
214910479 21901 1
214910479 15284 0
214910479 37436 0
214910479 44834 0
214910479 37321 1
214910479 31544 1
214910479 41432 1
214910479 17535 0
214910479 22911 0
214910479 12692 1
214910479 53747 1
214910479 27534 1
214910479 49032 0
214910479 146 0
214910479 25856 0
214910479 25231 1
214910479 27806 1
214910479 61183 0
214910479 16580 0
214910479 65036 0
214910479 52408 0
214910479 42436 0
214910479 65598 0
214910479 14806 1
214910479 69853 0
214910479 19744 0
214910479 36284 1
214910479 8042 0
214910479 23126 0
214910479 20139 1
214910479 4005 0
214910479 47732 1
214910479 27816 1
214910479 10952 0
214910479 66109 1
214910479 47801 0
214910479 31078 0
214910479 12808 1
214910479 45270 0
214910479 56758 1
214910479 33302 0
214910479 46246 1
214910479 16103 0
214910479 14765 1
214910479 45482 1
214910479 63493 0
214910479 37232 0
214910479 773 0
214910479 42250 1
214910479 53310 0
214910479 22173 1
214910479 65312 0
214910479 33871 1
214910479 9628 1
214910479 69930 0
214910479 20186 0
214910479 50902 0
214910479 24240 1
214910479 12402 0
214910479 42637 0
214910479 15774 1
214910479 22723 0
214910479 68643 1
214910479 69122 0
214910479 52726 1
214910479 49692 0
214910479 28266 1
214910479 59922 1
214910479 47634 1
214910479 40253 1
214910479 60454 0
214910479 58534 1
214910479 61334 1
214910479 54315 0
214910479 57218 1
214910479 55931 1
214910479 47830 0
214910479 25927 0
214910479 61011 0
214910479 62028 1
214910479 67278 0
214910479 36185 1
214910479 64003 0
214910479 32649 1
214910479 27087 1
214910479 49408 0
214910479 38592 0
214910479 26078 0
214910479 39338 0
214910479 54545 0
214910479 15863 0
214910479 36145 0
214910479 37584 0
214910479 64042 0
214910479 26304 1
214910479 49522 1
214910479 20002 1
214910480 42250 0
214910480 53756 1
214910480 52991 1
214910480 5461 1
214910480 49522 0
214910480 12692 0
214910480 48762 1
214910480 8836 1
214910480 62028 0
214910480 14765 0
214910480 24042 1
214910480 61347 1
214910480 46203 0
214910480 48489 1
214910480 55885 0
214910480 54478 1
214910480 60409 1
214910480 55931 0
214910480 8445 1
214910480 31674 0
214910480 19573 1
214910480 29212 1
214910480 45393 1
214910480 12292 1
214910480 15774 0
214910480 68083 1
214910480 2653 1
214910480 56398 1
214910480 19192 0
214910480 48341 0
214910480 64731 1
214910480 13316 0
214910480 21519 0
214910480 5424 1
214910480 47509 1
214910480 9644 1
214910480 65538 1
214910480 42873 1
214910480 24182 1
214910480 21595 1
214910480 28266 0
214910480 7977 0
214910480 28948 1
214910480 42845 1
214910480 19636 1
214910480 47953 1
214910480 14215 1
214910480 37321 0
214910480 20090 1
214910480 47141 1
214910480 61334 0
214910480 9917 1
214910480 9628 0
214910480 12808 0
214910480 49941 1
214910480 24541 1
214910480 56758 0
214910480 20139 0
214910480 37759 1
214910480 199 0
214910480 66191 1
214910480 38822 1
214910480 66109 0
214910480 68471 1
214910480 47245 1
214910480 8877 1
214910480 27534 0
214910480 33474 0
214910480 52655 1
214910480 17042 1
214910480 28084 1
214910480 22763 1
214910480 34090 1
214910480 37679 1
214910480 64696 1
214910480 55078 1
214910480 53747 0
214910480 58534 0
214910480 64443 0
214910480 41334 1
214910480 57218 0
214910480 59986 0
214910480 43958 1
214910480 68643 0
214910480 22897 0
214910480 57223 1
214910480 20002 0
214910480 33871 0
214910480 31626 0
214910480 63249 1
214910480 58467 0
214910480 50303 0
214910480 3023 1
214910480 43499 1
214910480 27087 0
214910480 27806 0
214910480 46246 0
214910480 22173 0
214910480 27816 0
214910480 44373 1
214910480 9200 1
214910481 2653 0
214910481 24182 0
214910481 6979 1
214910481 28281 1
214910481 65638 1
214910481 21595 0
214910481 69037 1
214910481 3774 1
214910481 64720 1
214910481 45482 0
214910481 61347 0
214910481 32649 0
214910481 9644 0
214910481 23875 1
214910481 34799 1
214910481 37759 0
214910481 66818 1
214910481 341 1
214910481 69632 1
214910481 64731 0
214910481 67961 0
214910481 62314 1
214910481 5147 1
214910481 37679 0
214910481 52991 0
214910481 49941 0
214910481 18670 1
214910481 68941 1
214910481 66191 0
214910481 48762 0
214910481 59922 0
214910481 38159 0
214910481 24240 0
214910481 17846 1
214910481 661 1
214910481 14291 1
214910481 42644 1
214910481 21901 0
214910481 12077 1
214910481 55665 0
214910481 57436 1
214910481 56916 1
214910481 1647 1
214910481 17959 1
214910481 23980 1
214910481 53756 0
214910481 12330 1
214910481 31227 1
214910481 19573 0
214910481 35380 1
214910481 17980 1
214910481 58872 1
214910481 39015 1
214910481 19095 1
214910481 9908 0
214910481 43499 0
214910481 13258 1
214910481 48345 1
214910481 60409 0
214910481 9917 0
214910481 29212 0
214910481 4649 1
214910481 60693 1
214910481 54271 1
214910481 40253 0
214910481 20090 0
214910481 52919 1
214910481 39456 1
214910481 19636 0
214910481 53678 0
214910481 9200 0
214910481 26304 0
214910481 31544 0
214910481 29804 1
214910481 38715 0
214910481 44988 1
214910481 58046 1
214910481 41432 0
214910481 54862 1
214910481 24042 0
214910481 34090 0
214910481 52726 0
214910481 44373 0
214910481 59957 1
214910481 28084 0
214910481 23489 0
214910481 23402 1
214910481 24541 0
214910481 5424 0
214910481 9803 1
214910481 34486 1
214910481 65538 0
214910481 38847 1
214910481 30855 1
214910481 60466 1
214910481 56398 0
214910481 46084 1
214910481 24418 1
214910481 25452 1
