21563 5123 922460071
854773807 7530 1
869915902 10037 1
893088259 7530 0
921146856 18597 1
922036125 14215 1
922227067 14215 0
922342051 18597 0
922459415 12706 1
922459608 14153 1
922459905 8529 1
922459924 8529 0
922459961 9522 1
922459965 18006 1
922460019 11566 1
922460020 21180 1
922460020 11566 0
922460020 14153 0
922460020 9070 1
922460020 20238 1
922460020 10887 1
922460020 18006 0
922460020 10037 0
922460020 10989 1
922460020 14375 1
922460020 18828 1
922460020 17931 1
922460020 9522 0
922460020 12217 1
922460021 5059 1
922460021 16086 1
922460021 15299 1
922460021 18828 0
922460021 12217 0
922460021 9670 1
922460021 9070 0
922460021 19492 1
922460021 7261 1
922460021 2131 1
922460021 10989 0
922460021 20238 0
922460021 13151 1
922460021 5001 1
922460021 12972 1
922460021 4306 1
922460021 63 1
922460021 20118 1
922460021 10887 0
922460021 15660 1
922460021 21255 1
922460021 14375 0
922460021 21180 0
922460021 6800 1
922460021 12706 0
922460021 17802 1
922460021 17719 1
922460021 17931 0
922460021 7171 1
922460021 14760 1
922460021 15751 1
922460021 5544 1
922460021 3029 1
922460021 8239 1
922460021 15349 1
922460021 6430 1
922460021 16221 1
922460021 4428 1
922460021 20588 1
922460021 689 1
922460021 17951 1
922460021 7936 1
922460021 4290 1
922460021 10330 1
922460021 3525 1
922460021 1545 1
922460021 4940 1
922460021 1102 1
922460021 9706 1
922460021 2969 1
922460021 2482 1
922460021 19117 1
922460021 18211 1
922460021 12484 1
922460021 17189 1
922460021 2844 1
922460021 4224 1
922460021 21273 1
922460021 15905 1
922460021 383 1
922460021 5336 1
922460021 6640 1
922460021 14416 1
922460021 7339 1
922460021 14961 1
922460021 7150 1
922460021 802 1
922460021 1760 1
922460021 18733 1
922460021 16554 1
922460021 14111 1
922460021 20892 1
922460021 9870 1
922460021 19878 1
922460021 10327 1
922460021 6838 1
922460021 10988 1
922460021 2814 1
922460021 19435 1
922460021 20993 1
922460021 5150 1
922460021 5902 1
922460021 6187 1
922460021 2703 1
922460021 15229 1
922460021 2788 1
922460021 18311 1
922460021 12754 1
922460021 13741 1
922460021 1580 1
922460021 249 1
922460021 9534 1
922460021 2423 1
922460021 13542 1
922460021 394 1
922460022 14760 0
922460022 13542 0
922460022 4940 0
922460022 19878 0
922460022 14655 1
922460022 14336 1
922460022 16086 0
922460022 7013 1
922460022 9946 1
922460022 394 0
922460022 1552 1
922460022 18028 1
922460022 8239 0
922460022 5711 1
922460022 15751 0
922460022 2204 1
922460022 7171 0
922460022 5001 0
922460022 16491 1
922460022 6048 1
922460022 4654 1
922460022 13295 1
922460022 14961 0
922460022 6430 0
922460022 15660 0
922460022 1102 0
922460022 7296 1
922460022 2131 0
922460022 7936 0
922460022 14732 1
922460022 5610 1
922460022 2482 0
922460022 3631 1
922460022 17189 0
922460022 10792 1
922460022 16107 1
922460022 2001 1
922460022 1760 0
922460022 4194 1
922460022 5544 0
922460022 2788 0
922460022 7261 0
922460022 4237 1
922460022 16810 1
922460022 13617 1
922460022 4290 0
922460022 12057 1
922460022 4003 1
922460022 5150 0
922460022 3461 1
922460022 19492 0
922460022 18311 0
922460022 6520 1
922460022 16421 1
922460022 3983 1
922460022 18733 0
922460022 2071 1
922460022 4096 1
922460022 7339 0
922460022 1580 0
922460022 9971 1
922460022 6838 0
922460022 5161 1
922460022 20034 1
922460022 21255 0
922460022 14111 0
922460022 6640 0
922460022 20978 1
922460022 8783 1
922460022 3525 0
922460022 6681 1
922460022 20118 0
922460022 15507 1
922460022 19117 0
922460022 4035 1
922460022 7732 1
922460022 17719 0
922460022 9361 1
922460022 7562 1
922460022 2141 1
922460022 4306 0
922460022 17655 1
922460022 802 0
922460022 4771 1
922460022 17951 0
922460022 18211 0
922460022 17132 1
922460022 64 1
922460022 4377 1
922460022 1545 0
922460022 10988 0
922460022 20993 0
922460022 9806 1
922460022 5059 0
922460022 1473 1
922460022 869 1
922460022 18739 1
922460022 15524 1
922460022 15905 0
922460022 13741 0
922460022 9670 0
922460022 7150 0
922460022 21273 0
922460023 1473 0
922460023 2007 1
922460023 21139 1
922460023 11637 1
922460023 3274 1
922460023 18481 1
922460023 4586 1
922460023 6800 0
922460023 2530 1
922460023 15507 0
922460023 7842 1
922460023 14336 0
922460023 20903 1
922460023 17348 1
922460023 14655 0
922460023 5711 0
922460023 13719 1
922460023 13762 1
922460023 1240 1
922460023 14416 0
922460023 4237 0
922460023 19492 1
922460023 12754 0
922460023 6187 0
922460023 8581 1
922460023 13295 0
922460023 1213 1
922460023 6681 0
922460023 18082 1
922460023 18739 0
922460023 9870 0
922460023 800 1
922460023 15984 1
922460023 12972 0
922460023 2141 0
922460023 16491 0
922460023 7537 1
922460023 16107 0
922460023 15229 0
922460023 9675 1
922460023 3511 1
922460023 15524 0
922460023 15774 1
922460023 17131 1
922460023 3983 0
922460023 6520 0
922460023 19269 1
922460023 20892 0
922460023 2071 0
922460023 20034 0
922460023 9946 0
922460023 14319 1
922460023 869 0
922460023 16294 1
922460023 13617 0
922460023 16810 0
922460023 17512 1
922460023 6049 1
922460023 2204 0
922460023 17655 0
922460023 9208 1
922460023 689 0
922460023 4096 0
922460023 17469 1
922460023 12173 1
922460023 9971 0
922460023 9500 1
922460023 8205 1
922460023 12484 0
922460023 17644 1
922460023 4428 0
922460023 11716 1
922460023 668 1
922460023 14259 1
922460023 17555 1
922460023 4544 1
922460023 8783 0
922460023 10792 0
922460023 9534 0
922460023 3461 0
922460023 13131 1
922460023 1552 0
922460023 18776 1
922460023 15952 1
922460023 9806 0
922460023 20747 1
922460023 5704 1
922460023 5101 1
922460023 4931 1
922460023 19435 0
922460023 12276 1
922460023 2844 0
922460023 15299 0
922460023 383 0
922460023 4035 0
922460023 17132 0
922460023 7296 0
922460024 668 0
922460024 9706 0
922460024 6049 0
922460024 14084 1
922460024 5161 0
922460024 5101 0
922460024 4771 0
922460024 10108 1
922460024 8581 0
922460024 8455 1
922460024 19990 1
922460024 5336 0
922460024 16294 0
922460024 9500 0
922460024 9195 1
922460024 19492 0
922460024 11966 1
922460024 17512 0
922460024 6048 0
922460024 14094 1
922460024 3274 0
922460024 10412 1
922460024 17555 0
922460024 249 0
922460024 11637 0
922460024 13623 1
922460024 17588 1
922460024 13719 0
922460024 15349 0
922460024 17131 0
922460024 11726 1
922460024 18082 0
922460024 12989 1
922460024 20588 0
922460024 6838 1
922460024 15774 0
922460024 8288 1
922460024 17348 0
922460024 21139 0
922460024 6808 1
922460024 20070 1
922460024 14605 1
922460024 2217 1
922460024 7941 1
922460024 15529 1
922460024 10656 1
922460024 12861 1
922460024 4827 1
922460024 7282 1
922460024 10885 1
922460024 20522 1
922460024 7298 1
922460024 7868 1
922460024 7537 0
922460024 4654 0
922460024 12709 1
922460024 6740 1
922460024 17802 0
922460024 16221 0
922460024 893 1
922460024 4650 1
922460024 9675 0
922460024 2646 1
922460024 2530 0
922460024 6079 1
922460024 2703 0
922460024 64 0
922460024 14774 1
922460024 16596 1
922460024 5335 1
922460024 4377 0
922460024 7562 0
922460024 2001 0
922460024 7820 1
922460024 389 1
922460024 19981 1
922460024 2423 0
922460024 1810 1
922460024 10327 0
922460024 13762 0
922460024 4907 1
922460024 20069 1
922460024 18776 0
922460024 18175 1
922460024 16421 0
922460024 16752 1
922460024 18085 1
922460024 1240 0
922460024 3029 0
922460024 17644 0
922460024 17652 1
922460024 1213 0
922460024 14319 0
922460024 11275 1
922460024 800 0
922460024 10957 1
922460024 14732 0
922460024 9372 1
922460024 8256 1
922460024 19271 1
922460025 14094 0
922460025 14084 0
922460025 19155 1
922460025 13623 0
922460025 19990 0
922460025 10412 0
922460025 17477 1
922460025 642 1
922460025 7013 0
922460025 13456 1
922460025 18362 1
922460025 9806 1
922460025 4544 0
922460025 2007 0
922460025 3699 1
922460025 15284 1
922460025 13126 1
922460025 10009 1
922460025 16596 0
922460025 11020 1
922460025 4907 0
922460025 7732 0
922460025 9208 0
922460025 16554 0
922460025 5427 1
922460025 4961 1
922460025 11716 0
922460025 2080 1
922460025 9949 1
922460025 63 0
922460025 3631 0
922460025 3084 1
922460025 2152 1
922460025 2217 0
922460025 13010 1
922460025 9372 0
922460025 7941 0
922460025 14259 0
922460025 1989 1
922460025 19674 1
922460025 8455 0
922460025 2969 0
922460025 7130 1
922460025 8205 0
922460025 18028 0
922460025 14212 1
922460025 5335 0
922460025 11658 1
922460025 20355 1
922460025 14774 0
922460025 19367 1
922460025 14208 1
922460025 138 1
922460025 16752 0
922460025 10330 0
922460025 13151 0
922460025 11966 0
922460025 18690 1
922460025 9377 1
922460025 9437 1
922460025 5610 0
922460025 7820 0
922460025 14413 1
922460025 9320 1
922460025 4003 0
922460025 10957 0
922460025 9361 0
922460025 4525 1
922460025 10885 0
922460025 5084 1
922460025 4135 1
922460025 7122 1
922460025 20903 0
922460025 7842 0
922460025 8288 0
922460025 17652 0
922460025 18085 0
922460025 17377 1
922460025 5294 1
922460025 94 1
922460025 4586 0
922460025 16990 1
922460025 20069 0
922460025 13069 1
922460025 18106 1
922460025 6653 1
922460025 8959 1
922460025 7298 0
922460025 20859 1
922460025 5761 1
922460025 1810 0
922460025 11990 1
922460025 11314 1
922460025 4194 0
922460025 6923 1
922460025 1868 1
922460025 9162 1
922460025 8998 1
922460025 10725 1
922460025 12854 1
922460026 7130 0
922460026 9437 0
922460026 12989 0
922460026 12854 0
922460026 20747 0
922460026 11856 1
922460026 6808 0
922460026 8959 0
922460026 10725 0
922460026 6838 0
922460026 9949 0
922460026 6893 1
922460026 10520 1
922460026 13069 0
922460026 17251 1
922460026 8177 1
922460026 9806 0
922460026 6653 0
922460026 13126 0
922460026 20355 0
922460026 9320 0
922460026 5335 1
922460026 94 0
922460026 2951 1
922460026 16990 0
922460026 9377 0
922460026 6388 1
922460026 9162 0
922460026 5902 0
922460026 4650 0
922460026 19981 0
922460026 13456 0
922460026 15388 1
922460026 1868 0
922460026 4931 0
922460026 2096 1
922460026 373 1
922460026 2646 0
922460026 10009 0
922460026 8256 0
922460026 6079 0
922460026 18175 0
922460026 11314 0
922460026 13602 1
922460026 11676 1
922460026 3293 1
922460026 12276 0
922460026 14282 1
922460026 6710 1
922460026 12709 0
922460026 8998 0
922460026 17060 1
922460026 6637 1
922460026 14914 1
922460026 15984 0
922460026 17477 0
922460026 18886 1
922460026 6016 1
922460026 5229 1
922460026 1370 1
922460026 15846 1
922460026 5108 1
922460026 18611 1
922460026 12057 0
922460026 7122 0
922460026 5950 1
922460026 18106 0
922460026 2152 0
922460026 14423 1
922460026 11020 0
922460026 21336 1
922460026 20978 0
922460026 21356 1
922460026 10838 1
922460026 5336 1
922460026 17469 0
922460026 11990 0
922460026 3622 1
922460026 10879 1
922460026 4262 1
922460026 44 1
922460026 14413 0
922460026 452 1
922460026 14002 1
922460026 5236 1
922460026 7911 1
922460026 11726 0
922460026 10451 1
922460026 12173 0
922460026 15341 1
922460026 4827 0
922460026 7868 0
922460026 13131 0
922460026 5084 0
922460026 2080 0
922460026 15529 0
922460026 12156 1
922460026 4525 0
922460026 3084 0
922460026 2422 1
922460027 15657 1
922460027 18774 1
922460027 17374 1
922460027 14288 1
922460027 18886 0
922460027 18690 0
922460027 5236 0
922460027 19269 0
922460027 3511 0
922460027 21261 1
922460027 11612 1
922460027 6708 1
922460027 6893 0
922460027 18084 1
922460027 5688 1
922460027 18514 1
922460027 20859 0
922460027 6062 1
922460027 11275 0
922460027 6382 1
922460027 389 0
922460027 20522 0
922460027 15341 0
922460027 2832 1
922460027 17588 0
922460027 11676 0
922460027 4305 1
922460027 6560 1
922460027 5336 0
922460027 1952 1
922460027 2951 0
922460027 6710 0
922460027 17377 0
922460027 14708 1
922460027 10656 0
922460027 18215 1
922460027 14282 0
922460027 14002 0
922460027 15952 0
922460027 1537 1
922460027 18611 0
922460027 17251 0
922460027 44 0
922460027 5804 1
922460027 16733 1
922460027 14208 0
922460027 5952 1
922460027 373 0
922460027 5294 0
922460027 6016 0
922460027 1985 1
922460027 2422 0
922460027 15846 0
922460027 19429 1
922460027 4265 1
922460027 16000 1
922460027 13994 1
922460027 606 1
922460027 13010 0
922460027 5765 1
922460027 4961 0
922460027 7282 0
922460027 18478 1
922460027 18159 1
922460027 14423 0
922460027 8237 1
922460027 17022 1
922460027 3878 1
922460027 5500 1
922460027 7911 0
922460027 18635 1
922460027 5950 0
922460027 289 1
922460027 20154 1
922460027 3699 0
922460027 17699 1
922460027 3749 1
922460027 20649 1
922460027 14914 0
922460027 10838 0
922460027 15388 0
922460027 6637 0
922460027 8763 1
922460027 13602 0
922460027 5108 0
922460027 18158 1
922460027 17060 0
922460027 16266 1
922460027 3622 0
922460027 3293 0
922460027 20070 0
922460027 4123 1
922460027 4262 0
922460027 19581 1
922460027 8177 0
922460027 10520 0
922460027 4411 1
922460027 9195 0
922460027 11463 1
922460027 11856 0
922460027 6989 1
922460027 1370 0
922460027 18756 1
922460028 4265 0
922460028 20674 1
922460028 12112 1
922460028 5427 0
922460028 12861 0
922460028 13994 0
922460028 6923 0
922460028 4224 0
922460028 7121 1
922460028 13092 1
922460028 606 0
922460028 11364 1
922460028 6981 1
922460028 16733 0
922460028 1989 0
922460028 1952 0
922460028 11096 1
922460028 17209 1
922460028 452 0
922460028 11658 0
922460028 18158 0
922460028 19884 1
922460028 11463 0
922460028 18159 0
922460028 6989 0
922460028 3749 0
922460028 893 0
922460028 8237 0
922460028 6388 0
922460028 289 0
922460028 3878 0
922460028 6062 0
922460028 12339 1
922460028 14288 0
922460028 6045 1
922460028 12107 1
922460028 1095 1
922460028 19674 0
922460028 138 0
922460028 307 1
922460028 642 0
922460028 19164 1
922460028 2814 0
922460028 13726 1
922460028 4411 0
922460028 19607 1
922460028 1985 0
922460028 16912 1
922460028 6483 1
922460028 19581 0
922460028 14197 1
922460028 21261 0
922460028 18215 0
922460028 18481 0
922460028 2853 1
922460028 15202 1
922460028 14831 1
922460028 9416 1
922460028 5484 1
922460028 14708 0
922460028 20529 1
922460028 20505 1
922460028 20766 1
922460028 5785 1
922460028 18084 0
922460028 13956 1
922460028 7457 1
922460028 17791 1
922460028 19155 0
922460028 17374 0
922460028 5335 0
922460028 6708 0
922460028 16388 1
922460028 5761 0
922460028 5229 0
922460028 368 1
922460028 6382 0
922460028 16707 1
922460028 12156 0
922460028 17 1
922460028 21336 0
922460028 3931 1
922460028 12673 1
922460028 16266 0
922460028 15469 1
922460028 17022 0
922460028 4279 1
922460028 10197 1
922460028 21357 1
922460028 10879 0
922460028 19429 0
922460028 15657 0
922460028 17699 0
922460028 18241 1
922460028 14120 1
922460028 14279 1
922460028 20154 0
922460029 13455 1
922460029 18635 0
922460029 14985 1
922460029 10329 1
922460029 12339 0
922460029 9416 0
922460029 307 0
922460029 16388 0
922460029 21190 1
922460029 14279 0
922460029 16651 1
922460029 2854 1
922460029 5111 1
922460029 7497 1
922460029 19453 1
922460029 14605 0
922460029 20529 0
922460029 3944 1
922460029 14204 1
922460029 14654 1
922460029 6981 0
922460029 6560 0
922460029 5500 0
922460029 10118 1
922460029 2003 1
922460029 10197 0
922460029 6727 1
922460029 18514 0
922460029 6045 0
922460029 14977 1
922460029 8241 1
922460029 1452 1
922460029 20674 0
922460029 7457 0
922460029 5641 1
922460029 15272 1
922460029 5704 0
922460029 12107 0
922460029 3730 1
922460029 13206 1
922460029 5893 1
922460029 5484 0
922460029 20136 1
922460029 8835 1
922460029 2096 0
922460029 6934 1
922460029 16000 0
922460029 2832 0
922460029 19650 1
922460029 6706 1
922460029 8467 1
922460029 2046 1
922460029 4279 0
922460029 3931 0
922460029 16565 1
922460029 12673 0
922460029 5688 0
922460029 19820 1
922460029 13925 1
922460029 11405 1
922460029 8501 1
922460029 7121 0
922460029 15807 1
922460029 4748 1
922460029 5952 0
922460029 5154 1
922460029 6471 1
922460029 12788 1
922460029 10108 0
922460029 1189 1
922460029 4023 1
922460029 15202 0
922460029 20766 0
922460029 13726 0
922460029 17585 1
922460029 14480 1
922460029 19271 0
922460029 13092 0
922460029 21356 0
922460029 16735 1
922460029 18747 1
922460029 1537 0
922460029 15319 1
922460029 17791 0
922460029 5185 1
922460029 15284 0
922460029 13503 1
922460029 5804 0
922460029 10422 1
922460029 9788 1
922460029 11364 0
922460029 16028 1
922460029 14120 0
922460029 20505 0
922460029 10336 1
922460029 8763 0
922460029 21357 0
922460029 6740 0
922460029 16912 0
922460029 15148 1
922460030 4748 0
922460030 14587 1
922460030 12144 1
922460030 20609 1
922460030 6384 1
922460030 784 1
922460030 5185 0
922460030 14654 0
922460030 10895 1
922460030 7505 1
922460030 14480 0
922460030 21278 1
922460030 6483 0
922460030 10361 1
922460030 10451 0
922460030 17209 0
922460030 9023 1
922460030 429 1
922460030 1452 0
922460030 11979 1
922460030 12370 1
922460030 9990 1
922460030 5745 1
922460030 17885 1
922460030 6229 1
922460030 7116 1
922460030 5154 0
922460030 12659 1
922460030 17128 1
922460030 18774 0
922460030 2438 1
922460030 16565 0
922460030 2854 0
922460030 1587 1
922460030 2046 0
922460030 21351 1
922460030 17585 0
922460030 15697 1
922460030 6706 0
922460030 16028 0
922460030 4135 0
922460030 7037 1
922460030 6471 0
922460030 14197 0
922460030 19465 1
922460030 7959 1
922460030 1095 0
922460030 2003 0
922460030 15148 0
922460030 19901 1
922460030 11873 1
922460030 11612 0
922460030 12788 0
922460030 19453 0
922460030 891 1
922460030 5375 1
922460030 20138 1
922460030 9282 1
922460030 12112 0
922460030 9833 1
922460030 13985 1
922460030 1780 1
922460030 9784 1
922460030 19607 0
922460030 11703 1
922460030 7497 0
922460030 10118 0
922460030 21190 0
922460030 15028 1
922460030 6023 1
922460030 8501 0
922460030 19164 0
922460030 20649 0
922460030 10329 0
922460030 13206 0
922460030 13193 1
922460030 13455 0
922460030 6223 1
922460030 17076 1
922460030 8450 1
922460030 5781 1
922460030 5389 1
922460030 8467 0
922460030 19820 0
922460030 21302 1
922460030 18747 0
922460030 8835 0
922460030 10031 1
922460030 21025 1
922460030 156 1
922460030 1189 0
922460030 14985 0
922460030 5785 0
922460030 15469 0
922460030 20610 1
922460030 21266 1
922460030 16477 1
922460030 15319 0
922460030 17420 1
922460030 18060 1
922460030 16930 1
922460031 6038 1
922460031 14831 0
922460031 16024 1
922460031 2967 1
922460031 17420 0
922460031 21170 1
922460031 14494 1
922460031 3333 1
922460031 21302 0
922460031 6229 0
922460031 20610 0
922460031 1702 1
922460031 21351 0
922460031 5473 1
922460031 19367 0
922460031 2438 0
922460031 15697 0
922460031 17661 1
922460031 9416 1
922460031 12144 0
922460031 769 1
922460031 19983 1
922460031 1869 1
922460031 7505 0
922460031 11979 0
922460031 15676 1
922460031 12759 1
922460031 17128 0
922460031 10422 0
922460031 13985 0
922460031 6404 1
922460031 18060 0
922460031 16823 1
922460031 132 1
922460031 18241 0
922460031 368 0
922460031 18537 1
922460031 9985 1
922460031 15300 1
922460031 13574 1
922460031 9990 0
922460031 156 0
922460031 20138 0
922460031 12532 1
922460031 17777 1
922460031 5239 1
922460031 9784 0
922460031 891 0
922460031 11873 0
922460031 429 0
922460031 21278 0
922460031 1319 1
922460031 17885 0
922460031 15807 0
922460031 1266 1
922460031 14977 0
922460031 14830 1
922460031 11405 0
922460031 8628 1
922460031 14587 0
922460031 5745 0
922460031 1780 0
922460031 3629 1
922460031 19884 0
922460031 9788 0
922460031 7582 1
922460031 14204 0
922460031 21025 0
922460031 5450 1
922460031 20953 1
922460031 17416 1
922460031 16651 0
922460031 4543 1
922460031 10361 0
922460031 14276 1
922460031 10215 1
922460031 20136 0
922460031 5685 1
922460031 3710 1
922460031 516 1
922460031 10031 0
922460031 19465 0
922460031 612 1
922460031 3717 1
922460031 12778 1
922460031 8450 0
922460031 5765 0
922460031 11659 1
922460031 15028 0
922460031 11703 0
922460031 9023 0
922460031 14062 1
922460031 13193 0
922460031 17076 0
922460031 10967 1
922460031 10895 0
922460031 6650 1
922460031 16341 1
922460031 18478 0
922460032 5389 0
922460032 21170 0
922460032 7263 1
922460032 14276 0
922460032 6727 0
922460032 5473 0
922460032 15174 1
922460032 33 1
922460032 9833 0
922460032 7582 0
922460032 10809 1
922460032 16024 0
922460032 3944 0
922460032 1266 0
922460032 6162 1
922460032 662 1
922460032 769 0
922460032 15072 1
922460032 1323 1
922460032 13503 0
922460032 16930 0
922460032 3629 0
922460032 6384 0
922460032 9282 0
922460032 10898 1
922460032 18687 1
922460032 18659 1
922460032 10439 1
922460032 1869 0
922460032 5606 1
922460032 17184 1
922460032 17777 0
922460032 20953 0
922460032 15272 0
922460032 8862 1
922460032 1319 0
922460032 11008 1
922460032 5893 0
922460032 10606 1
922460032 2853 0
922460032 3783 1
922460032 20694 1
922460032 17833 1
922460032 18362 0
922460032 5375 0
922460032 17 0
922460032 10496 1
922460032 3333 0
922460032 1688 1
922460032 2506 1
922460032 9789 1
922460032 17661 0
922460032 20079 1
922460032 3710 0
922460032 20974 1
922460032 11866 1
922460032 3713 1
922460032 8692 1
922460032 5240 1
922460032 3760 1
922460032 4543 0
922460032 17284 1
922460032 16823 0
922460032 17806 1
922460032 15668 1
922460032 735 1
922460032 1768 1
922460032 5450 0
922460032 400 1
922460032 13988 1
922460032 18756 0
922460032 12270 1
922460032 17416 0
922460032 3555 1
922460032 10215 0
922460032 10775 1
922460032 13956 0
922460032 21379 1
922460032 1487 1
922460032 7037 0
922460032 13521 1
922460032 10336 0
922460032 16707 0
922460032 19960 1
922460032 14326 1
922460032 132 0
922460032 16318 1
922460032 14212 0
922460032 11552 1
922460032 5685 0
922460032 4305 0
922460032 13155 1
922460032 10342 1
922460032 516 0
922460032 14062 0
922460032 13120 1
922460032 784 0
922460032 340 1
922460032 12889 1
922460032 9416 0
922460033 7749 1
922460033 8692 0
922460033 2506 0
922460033 7959 0
922460033 20345 1
922460033 7626 1
922460033 550 1
922460033 6038 0
922460033 4023 0
922460033 15072 0
922460033 15300 0
922460033 6934 0
922460033 10342 0
922460033 3555 0
922460033 9179 1
922460033 7027 1
922460033 14326 0
922460033 5193 1
922460033 1768 0
922460033 5239 0
922460033 11362 1
922460033 8628 0
922460033 15836 1
922460033 5111 0
922460033 11552 0
922460033 1702 0
922460033 14415 1
922460033 5781 0
922460033 20694 0
922460033 735 0
922460033 16970 1
922460033 12270 0
922460033 257 1
922460033 18659 0
922460033 12778 0
922460033 16187 1
922460033 21036 1
922460033 17338 1
922460033 2649 1
922460033 18537 0
922460033 3247 1
922460033 5641 0
922460033 12148 1
922460033 13574 0
922460033 8241 0
922460033 12370 0
922460033 17184 0
922460033 13181 1
922460033 13155 0
922460033 5240 0
922460033 20565 1
922460033 16389 1
922460033 5606 0
922460033 3730 0
922460033 19650 0
922460033 4343 1
922460033 20079 0
922460033 10496 0
922460033 19300 1
922460033 16318 0
922460033 3783 0
922460033 1487 0
922460033 477 1
922460033 3774 1
922460033 17072 1
922460033 9204 1
922460033 20609 0
922460033 10943 1
922460033 662 0
922460033 14494 0
922460033 4494 1
922460033 12532 0
922460033 2070 1
922460033 10967 0
922460033 21266 0
922460033 16733 1
922460033 9789 0
922460033 1270 1
922460033 3760 0
922460033 33 0
922460033 19960 0
922460033 17707 1
922460033 3717 0
922460033 10439 0
922460033 14030 1
922460033 17806 0
922460033 10898 0
922460033 13988 0
922460033 2967 0
922460033 21297 1
922460033 3095 1
922460033 1688 0
922460033 12767 1
922460033 1323 0
922460033 11579 1
922460033 558 1
922460033 10248 1
922460033 10775 0
922460033 12759 0
922460033 12889 0
922460034 17833 0
922460034 13521 0
922460034 19214 1
922460034 4717 1
922460034 7263 0
922460034 14415 0
922460034 10248 0
922460034 20974 0
922460034 9236 1
922460034 17284 0
922460034 400 0
922460034 18284 1
922460034 6023 0
922460034 6223 0
922460034 16389 0
922460034 9756 1
922460034 8042 1
922460034 7606 1
922460034 9985 0
922460034 20565 0
922460034 2130 1
922460034 7116 0
922460034 19092 1
922460034 13053 1
922460034 5193 0
922460034 2070 0
922460034 2997 1
922460034 6162 0
922460034 1587 0
922460034 10342 1
922460034 11866 0
922460034 12767 0
922460034 18687 0
922460034 15676 0
922460034 7027 0
922460034 1270 0
922460034 612 0
922460034 15490 1
922460034 13120 0
922460034 13925 0
922460034 16970 0
922460034 8862 0
922460034 15590 1
922460034 11532 1
922460034 547 1
922460034 15733 1
922460034 3811 1
922460034 16733 0
922460034 7626 0
922460034 8825 1
922460034 257 0
922460034 3065 1
922460034 20674 1
922460034 16341 0
922460034 3095 0
922460034 863 1
922460034 340 0
922460034 11659 0
922460034 2437 1
922460034 14047 1
922460034 2603 1
922460034 19714 1
922460034 3599 1
922460034 7749 0
922460034 7983 1
922460034 17707 0
922460034 16477 0
922460034 13365 1
922460034 4343 0
922460034 17072 0
922460034 13555 1
922460034 6302 1
922460034 12704 1
922460034 3435 1
922460034 2704 1
922460034 14830 0
922460034 12659 0
922460034 21036 0
922460034 17338 0
922460034 14384 1
922460034 16735 0
922460034 11008 0
922460034 11579 0
922460034 14561 1
922460034 3247 0
922460034 10164 1
922460034 8685 1
922460034 21171 1
922460034 10394 1
922460034 19901 0
922460034 11182 1
922460034 6404 0
922460034 11379 1
922460034 3863 1
922460034 4037 1
922460034 11897 1
922460034 16849 1
922460034 11096 0
922460034 3713 0
922460034 15836 0
922460035 19705 1
922460035 2603 0
922460035 6346 1
922460035 19981 1
922460035 8042 0
922460035 11447 1
922460035 3335 1
922460035 19983 0
922460035 15174 0
922460035 9236 0
922460035 21379 0
922460035 4494 0
922460035 14047 0
922460035 8283 1
922460035 14030 0
922460035 13948 1
922460035 6050 1
922460035 11966 1
922460035 13365 0
922460035 11897 0
922460035 18284 0
922460035 13677 1
922460035 2437 0
922460035 19489 1
922460035 6818 1
922460035 2649 0
922460035 10342 0
922460035 2945 1
922460035 8685 0
922460035 19300 0
922460035 21114 1
922460035 15269 1
922460035 9196 1
922460035 6291 1
922460035 3774 0
922460035 7606 0
922460035 12704 0
922460035 18231 1
922460035 20528 1
922460035 11182 0
922460035 20111 1
922460035 1807 1
922460035 7661 1
922460035 18546 1
922460035 18936 1
922460035 16006 1
922460035 16187 0
922460035 14384 0
922460035 13181 0
922460035 1245 1
922460035 6135 1
922460035 12148 0
922460035 6711 1
922460035 1346 1
922460035 3811 0
922460035 4037 0
922460035 18588 1
922460035 15468 1
922460035 4641 1
922460035 6302 0
922460035 15490 0
922460035 10943 0
922460035 19666 1
922460035 3435 0
922460035 15733 0
922460035 20211 1
922460035 3863 0
922460035 19251 1
922460035 8941 1
922460035 19214 0
922460035 68 1
922460035 11843 1
922460035 10383 1
922460035 4717 0
922460035 5065 1
922460035 709 1
922460035 20365 1
922460035 2130 0
922460035 4123 0
922460035 10606 0
922460035 16534 1
922460035 1838 1
922460035 650 1
922460035 16980 1
922460035 19092 0
922460035 13361 1
922460035 547 0
922460035 2362 1
922460035 5423 1
922460035 10176 1
922460035 18427 1
922460035 21080 1
922460035 10394 0
922460035 11532 0
922460035 20674 0
922460035 13909 1
922460035 17628 1
922460035 3065 0
922460035 11379 0
922460035 2456 1
922460035 20345 0
922460035 477 0
922460036 10383 0
922460036 7323 1
922460036 10164 0
922460036 20111 0
922460036 1346 0
922460036 6050 0
922460036 9756 0
922460036 10674 1
922460036 16020 1
922460036 17300 1
922460036 1838 0
922460036 10809 0
922460036 12934 1
922460036 13555 0
922460036 2997 0
922460036 4943 1
922460036 650 0
922460036 9179 0
922460036 15269 0
922460036 2800 1
922460036 8825 0
922460036 17533 1
922460036 15697 1
922460036 7963 1
922460036 1363 1
922460036 2412 1
922460036 9621 1
922460036 17118 1
922460036 9489 1
922460036 1245 0
922460036 6818 0
922460036 9581 1
922460036 10240 1
922460036 14561 0
922460036 6255 1
922460036 301 1
922460036 17698 1
922460036 6135 0
922460036 1988 1
922460036 18546 0
922460036 8402 1
922460036 16534 0
922460036 16912 1
922460036 15781 1
922460036 13310 1
922460036 2380 1
922460036 19705 0
922460036 3991 1
922460036 21171 0
922460036 2704 0
922460036 3117 1
922460036 4998 1
922460036 6650 0
922460036 15590 0
922460036 11934 1
922460036 13361 0
922460036 10588 1
922460036 9204 0
922460036 5423 0
922460036 12416 1
922460036 21558 1
922460036 21297 0
922460036 4736 1
922460036 550 0
922460036 19251 0
922460036 10958 1
922460036 16895 1
922460036 19836 1
922460036 18094 1
922460036 709 0
922460036 9055 1
922460036 2881 1
922460036 11843 0
922460036 8941 0
922460036 11447 0
922460036 3350 1
922460036 13079 1
922460036 19666 0
922460036 20365 0
922460036 8383 1
922460036 20528 0
922460036 10950 1
922460036 6711 0
922460036 6346 0
922460036 11362 0
922460036 863 0
922460036 10881 1
922460036 4040 1
922460036 13909 0
922460036 314 1
922460036 4672 1
922460036 1807 0
922460036 15750 1
922460036 2362 0
922460036 7674 1
922460036 2945 0
922460036 20076 1
922460036 13053 0
922460036 6291 0
922460037 5065 0
922460037 10674 0
922460037 16975 1
922460037 9621 0
922460037 14350 1
922460037 12667 1
922460037 16524 1
922460037 11934 0
922460037 18740 1
922460037 19714 0
922460037 5309 1
922460037 3991 0
922460037 13056 1
922460037 16912 0
922460037 2194 1
922460037 14752 1
922460037 7674 0
922460037 8178 1
922460037 16020 0
922460037 18588 0
922460037 301 0
922460037 12416 0
922460037 4624 1
922460037 9581 0
922460037 6985 1
922460037 2266 1
922460037 7363 1
922460037 539 1
922460037 5696 1
922460037 8012 1
922460037 20211 0
922460037 2825 1
922460037 3749 1
922460037 10646 1
922460037 18544 1
922460037 2881 0
922460037 12262 1
922460037 4232 1
922460037 18308 1
922460037 9518 1
922460037 17118 0
922460037 19060 1
922460037 10588 0
922460037 314 0
922460037 5867 1
922460037 4943 0
922460037 3860 1
922460037 15075 1
922460037 10121 1
922460037 2753 1
922460037 17256 1
922460037 3335 0
922460037 21080 0
922460037 19836 0
922460037 19981 0
922460037 185 1
922460037 2800 0
922460037 11078 1
922460037 12889 1
922460037 21429 1
922460037 13088 1
922460037 12047 1
922460037 2380 0
922460037 10881 0
922460037 13708 1
922460037 15156 1
922460037 18190 1
922460037 19489 0
922460037 10312 1
922460037 17628 0
922460037 8321 1
922460037 4040 0
922460037 11822 1
922460037 10176 0
922460037 13997 1
922460037 4998 0
922460037 10240 0
922460037 12253 1
922460037 13948 0
922460037 6255 0
922460037 17533 0
922460037 9489 0
922460037 8529 1
922460037 2235 1
922460037 1799 1
922460037 7661 0
922460037 3117 0
922460037 17414 1
922460037 5574 1
922460037 1875 1
922460037 18231 0
922460037 8650 1
922460037 13866 1
922460037 18128 1
922460037 6152 1
922460037 4301 1
922460037 4641 0
922460037 11566 1
922460037 9055 0
922460037 16050 1
922460038 3749 0
922460038 19631 1
922460038 5867 0
922460038 5241 1
922460038 3350 0
922460038 18951 1
922460038 11822 0
922460038 19452 1
922460038 558 0
922460038 8278 1
922460038 17256 0
922460038 1727 1
922460038 15468 0
922460038 19060 0
922460038 16748 1
922460038 3860 0
922460038 13115 1
922460038 13866 0
922460038 16587 1
922460038 1363 0
922460038 12262 0
922460038 10207 1
922460038 19565 1
922460038 10646 0
922460038 20504 1
922460038 1561 1
922460038 12934 0
922460038 18094 0
922460038 13310 0
922460038 2500 1
922460038 8650 0
922460038 13088 0
922460038 2194 0
922460038 2825 0
922460038 18971 1
922460038 16006 0
922460038 5574 0
922460038 16050 0
922460038 16093 1
922460038 21041 1
922460038 16895 0
922460038 7037 1
922460038 13997 0
922460038 4250 1
922460038 14573 1
922460038 1068 1
922460038 12253 0
922460038 4301 0
922460038 13079 0
922460038 7641 1
922460038 17535 1
922460038 7323 0
922460038 16849 0
922460038 9168 1
922460038 17414 0
922460038 5309 0
922460038 15781 0
922460038 4695 1
922460038 2412 0
922460038 6152 0
922460038 21300 1
922460038 5843 1
922460038 11070 1
922460038 8915 1
922460038 16011 1
922460038 7363 0
922460038 7983 0
922460038 68 0
922460038 8012 0
922460038 17300 0
922460038 464 1
922460038 4624 0
922460038 9518 0
922460038 3706 1
922460038 1340 1
922460038 7457 1
922460038 18190 0
922460038 14350 0
922460038 15697 0
922460038 11382 1
922460038 14830 1
922460038 3947 1
922460038 13031 1
922460038 21020 1
922460038 21429 0
922460038 8519 1
922460038 21558 0
922460038 9013 1
922460038 8383 0
922460038 13765 1
922460038 12505 1
922460038 11823 1
922460038 14752 0
922460038 10958 0
922460038 4736 0
922460038 15668 0
922460038 17287 1
922460038 8321 0
922460038 9091 1
922460038 21335 1
922460038 2456 0
922460039 20669 1
922460039 16093 0
922460039 7641 0
922460039 1838 1
922460039 5973 1
922460039 11966 0
922460039 12329 1
922460039 3947 0
922460039 3599 0
922460039 5360 1
922460039 7627 1
922460039 21475 1
922460039 4765 1
922460039 8915 0
922460039 10950 0
922460039 21300 0
922460039 18544 0
922460039 18427 0
922460039 4727 1
922460039 12047 0
922460039 9451 1
922460039 15156 0
922460039 6368 1
922460039 11309 1
922460039 16587 0
922460039 1340 0
922460039 14329 1
922460039 20076 0
922460039 20800 1
922460039 20504 0
922460039 9067 1
922460039 518 1
922460039 16524 0
922460039 12916 1
922460039 5709 1
922460039 6137 1
922460039 11495 1
922460039 5696 0
922460039 19137 1
922460039 21394 1
922460039 7963 0
922460039 14573 0
922460039 15075 0
922460039 13256 1
922460039 10742 1
922460039 6291 1
922460039 4865 1
922460039 7373 1
922460039 10417 1
922460039 3706 0
922460039 13110 1
922460039 19631 0
922460039 464 0
922460039 13056 0
922460039 17287 0
922460039 1799 0
922460039 17860 1
922460039 21041 0
922460039 13514 1
922460039 18971 0
922460039 8178 0
922460039 9196 0
922460039 4250 0
922460039 17698 0
922460039 6063 1
922460039 17101 1
922460039 898 1
922460039 20976 1
922460039 13031 0
922460039 1988 0
922460039 17603 1
922460039 18951 0
922460039 8066 1
922460039 9091 0
922460039 12647 1
922460039 8529 0
922460039 9284 1
922460039 18740 0
922460039 7827 1
922460039 15961 1
922460039 9013 0
922460039 11566 0
922460039 21114 0
922460039 9760 1
922460039 14830 0
922460039 13551 1
922460039 11382 0
922460039 2581 1
922460039 548 1
922460039 17775 1
922460039 9429 1
922460039 6985 0
922460039 1727 0
922460039 15750 0
922460039 8278 0
922460039 16433 1
922460039 20221 1
922460039 3657 1
922460040 13708 0
922460040 12329 0
922460040 7457 0
922460040 185 0
922460040 6291 0
922460040 9760 0
922460040 21363 1
922460040 12667 0
922460040 6574 1
922460040 15535 1
922460040 2338 1
922460040 17535 0
922460040 7706 1
922460040 2087 1
922460040 18778 1
922460040 6086 1
922460040 20702 1
922460040 4884 1
922460040 6368 0
922460040 119 1
922460040 401 1
922460040 21151 1
922460040 21117 1
922460040 19565 0
922460040 21020 0
922460040 2196 1
922460040 4232 0
922460040 3655 1
922460040 11432 1
922460040 539 0
922460040 21162 1
922460040 1838 0
922460040 15739 1
922460040 10742 0
922460040 20659 1
922460040 12916 0
922460040 17860 0
922460040 18216 1
922460040 4048 1
922460040 4695 0
922460040 4672 0
922460040 6383 1
922460040 13551 0
922460040 5709 0
922460040 9644 1
922460040 2500 0
922460040 5843 0
922460040 16432 1
922460040 5973 0
922460040 16409 1
922460040 432 1
922460040 14329 0
922460040 5434 1
922460040 19276 1
922460040 5714 1
922460040 11309 0
922460040 21410 1
922460040 12889 0
922460040 13340 1
922460040 8066 0
922460040 12505 0
922460040 12697 1
922460040 15883 1
922460040 16433 0
922460040 10983 1
922460040 8402 0
922460040 19562 1
922460040 2753 0
922460040 3458 1
922460040 20669 0
922460040 5950 1
922460040 8519 0
922460040 18427 1
922460040 4765 0
922460040 14416 1
922460040 518 0
922460040 13695 1
922460040 548 0
922460040 2266 0
922460040 4727 0
922460040 5490 1
922460040 19284 1
922460040 7037 0
922460040 9060 1
922460040 9547 1
922460040 16980 0
922460040 11457 1
922460040 13256 0
922460040 11342 1
922460040 20976 0
922460040 1561 0
922460040 13765 0
922460040 10312 0
922460040 9451 0
922460040 12194 1
922460040 10204 1
922460040 10766 1
922460040 9168 0
922460040 17705 1
922460040 16556 1
922460041 21335 0
922460041 17786 1
922460041 21090 1
922460041 10204 0
922460041 4371 1
922460041 19276 0
922460041 119 0
922460041 3970 1
922460041 19888 1
922460041 14416 0
922460041 21475 0
922460041 18778 0
922460041 15961 0
922460041 10071 1
922460041 15883 0
922460041 432 0
922460041 10983 0
922460041 4015 1
922460041 905 1
922460041 12649 1
922460041 10417 0
922460041 3655 0
922460041 16975 0
922460041 6541 1
922460041 8222 1
922460041 17730 1
922460041 19284 0
922460041 21422 1
922460041 12647 0
922460041 15535 0
922460041 18903 1
922460041 16748 0
922460041 4865 0
922460041 4480 1
922460041 6587 1
922460041 19148 1
922460041 7373 0
922460041 13672 1
922460041 8283 0
922460041 5434 0
922460041 5714 0
922460041 20659 0
922460041 16243 1
922460041 12939 1
922460041 11070 0
922460041 15446 1
922460041 8576 1
922460041 15929 1
922460041 11342 0
922460041 9067 0
922460041 11495 0
922460041 17603 0
922460041 19055 1
922460041 5327 1
922460041 5241 0
922460041 6063 0
922460041 2196 0
922460041 21363 0
922460041 6137 0
922460041 8987 1
922460041 16556 0
922460041 19452 0
922460041 5161 1
922460041 5344 1
922460041 1875 0
922460041 2338 0
922460041 861 1
922460041 6574 0
922460041 19654 1
922460041 14384 1
922460041 2640 1
922460041 7627 0
922460041 1667 1
922460041 11078 0
922460041 3562 1
922460041 13340 0
922460041 10207 0
922460041 12829 1
922460041 21394 0
922460041 10766 0
922460041 20702 0
922460041 17705 0
922460041 694 1
922460041 8059 1
922460041 8066 1
922460041 14930 1
922460041 17027 1
922460041 4048 0
922460041 11823 0
922460041 12354 1
922460041 11501 1
922460041 17775 0
922460041 3657 0
922460041 13110 0
922460041 12194 0
922460041 9060 0
922460041 20800 0
922460041 2087 0
922460041 19137 0
922460041 11456 1
922460041 9429 0
922460042 17108 1
922460042 5161 0
922460042 19936 1
922460042 11457 0
922460042 18903 0
922460042 5264 1
922460042 17897 1
922460042 21151 0
922460042 17338 1
922460042 11501 0
922460042 2235 0
922460042 16180 1
922460042 7827 0
922460042 12076 1
922460042 12697 0
922460042 16243 0
922460042 9644 0
922460042 18936 0
922460042 5853 1
922460042 10121 0
922460042 898 0
922460042 3260 1
922460042 4173 1
922460042 13695 0
922460042 8241 1
922460042 4182 1
922460042 10850 1
922460042 3935 1
922460042 546 1
922460042 12625 1
922460042 16207 1
922460042 19148 0
922460042 14930 0
922460042 12792 1
922460042 11432 0
922460042 15446 0
922460042 8222 0
922460042 17167 1
922460042 20221 0
922460042 15883 1
922460042 8012 1
922460042 9547 0
922460042 19562 0
922460042 17027 0
922460042 18643 1
922460042 17786 0
922460042 11319 1
922460042 8059 0
922460042 4826 1
922460042 9864 1
922460042 17848 1
922460042 3562 0
922460042 14526 1
922460042 12354 0
922460042 13244 1
922460042 5360 0
922460042 16011 0
922460042 20272 1
922460042 19300 1
922460042 12829 0
922460042 18821 1
922460042 7695 1
922460042 619 1
922460042 4135 1
922460042 905 0
922460042 19888 0
922460042 17101 0
922460042 6383 0
922460042 18161 1
922460042 12005 1
922460042 18128 0
922460042 21090 0
922460042 4884 0
922460042 13672 0
922460042 1068 0
922460042 8066 0
922460042 8576 0
922460042 1667 0
922460042 21428 1
922460042 18427 0
922460042 9925 1
922460042 5327 0
922460042 19055 0
922460042 401 0
922460042 19654 0
922460042 4131 1
922460042 16875 1
922460042 20261 1
922460042 10849 1
922460042 21117 0
922460042 5490 0
922460042 4015 0
922460042 19006 1
922460042 20501 1
922460042 7161 1
922460042 13066 1
922460042 3970 0
922460042 10549 1
922460042 2149 1
922460043 17848 0
922460043 5950 0
922460043 10722 1
922460043 18216 0
922460043 7968 1
922460043 9864 0
922460043 20501 0
922460043 19765 1
922460043 6541 0
922460043 4480 0
922460043 1412 1
922460043 16180 0
922460043 12344 1
922460043 3260 0
922460043 10682 1
922460043 18927 1
922460043 3306 1
922460043 12939 0
922460043 17677 1
922460043 16409 0
922460043 9175 1
922460043 19998 1
922460043 2949 1
922460043 9003 1
922460043 17108 0
922460043 21410 0
922460043 10850 0
922460043 14384 0
922460043 15839 1
922460043 11456 0
922460043 2640 0
922460043 14449 1
922460043 4371 0
922460043 14739 1
922460043 8631 1
922460043 6064 1
922460043 15929 0
922460043 12792 0
922460043 13126 1
922460043 20180 1
922460043 4947 1
922460043 8987 0
922460043 18161 0
922460043 18850 1
922460043 16363 1
922460043 13115 0
922460043 7161 0
922460043 18890 1
922460043 2581 0
922460043 3142 1
922460043 4173 0
922460043 21494 1
922460043 18640 1
922460043 13514 0
922460043 5421 1
922460043 2149 0
922460043 19936 0
922460043 4826 0
922460043 2084 1
922460043 18308 0
922460043 20261 0
922460043 9284 0
922460043 619 0
922460043 6805 1
922460043 10603 1
922460043 4135 0
922460043 4482 1
922460043 18592 1
922460043 20061 1
922460043 15795 1
922460043 12076 0
922460043 861 0
922460043 19006 0
922460043 6086 0
922460043 8012 0
922460043 3240 1
922460043 11639 1
922460043 16432 0
922460043 4827 1
922460043 19300 0
922460043 2988 1
922460043 5344 0
922460043 13244 0
922460043 10071 0
922460043 13677 0
922460043 4182 0
922460043 5853 0
922460043 5919 1
922460043 14400 1
922460043 9916 1
922460043 12005 0
922460043 19750 1
922460043 16207 0
922460043 16875 0
922460043 15678 1
922460043 21161 1
922460043 2613 1
922460043 8241 0
922460043 20272 0
922460043 21428 0
922460044 20061 0
922460044 1166 1
922460044 4538 1
922460044 18573 1
922460044 9227 1
922460044 7510 1
922460044 18994 1
922460044 17677 0
922460044 7695 0
922460044 14739 0
922460044 1482 1
922460044 13066 0
922460044 2988 0
922460044 2084 0
922460044 18927 0
922460044 13995 1
922460044 1412 0
922460044 694 0
922460044 10682 0
922460044 4827 0
922460044 12085 1
922460044 21161 0
922460044 16363 0
922460044 5421 0
922460044 18798 1
922460044 2949 0
922460044 14400 0
922460044 21393 1
922460044 6786 1
922460044 3935 0
922460044 15839 0
922460044 14526 0
922460044 11192 1
922460044 10722 0
922460044 17730 0
922460044 13684 1
922460044 13126 0
922460044 914 1
922460044 3240 0
922460044 9916 0
922460044 8631 0
922460044 6319 1
922460044 21422 0
922460044 18643 0
922460044 9003 0
922460044 15897 1
922460044 18061 1
922460044 16797 1
922460044 11593 1
922460044 15088 1
922460044 325 1
922460044 3726 1
922460044 10603 0
922460044 3591 1
922460044 7397 1
922460044 14449 0
922460044 5919 0
922460044 18821 0
922460044 546 0
922460044 11898 1
922460044 10547 1
922460044 17897 0
922460044 14257 1
922460044 15883 0
922460044 17571 1
922460044 118 1
922460044 3458 0
922460044 9175 0
922460044 18850 0
922460044 1260 1
922460044 19750 0
922460044 8507 1
922460044 19384 1
922460044 20180 0
922460044 6587 0
922460044 7581 1
922460044 4947 0
922460044 17387 1
922460044 19930 1
922460044 4092 1
922460044 6805 0
922460044 21167 1
922460044 15739 0
922460044 19998 0
922460044 5476 1
922460044 7968 0
922460044 11804 1
922460044 7236 1
922460044 14204 1
922460044 20155 1
922460044 8044 1
922460044 13323 1
922460044 586 1
922460044 18890 0
922460044 15795 0
922460044 17946 1
922460044 17167 0
922460044 3306 0
922460044 6064 0
922460044 2613 0
922460044 10686 1
922460044 1344 1
922460045 19271 1
922460045 118 0
922460045 10992 1
922460045 15790 1
922460045 20155 0
922460045 3780 1
922460045 10549 0
922460045 10686 0
922460045 5476 0
922460045 16261 1
922460045 3910 1
922460045 15412 1
922460045 1260 0
922460045 19384 0
922460045 12008 1
922460045 20231 1
922460045 19795 1
922460045 17254 1
922460045 7863 1
922460045 16801 1
922460045 8297 1
922460045 21479 1
922460045 12943 1
922460045 1663 1
922460045 1482 0
922460045 9086 1
922460045 4538 0
922460045 17219 1
922460045 13684 0
922460045 7706 0
922460045 9227 0
922460045 16690 1
922460045 16639 1
922460045 7581 0
922460045 15262 1
922460045 11192 0
922460045 18606 1
922460045 5730 1
922460045 914 0
922460045 12675 1
922460045 10753 1
922460045 7875 1
922460045 12344 0
922460045 19846 1
922460045 20668 1
922460045 14382 1
922460045 11319 0
922460045 7236 0
922460045 4482 0
922460045 5311 1
922460045 10967 1
922460045 15252 1
922460045 8439 1
922460045 17338 0
922460045 5557 1
922460045 21162 0
922460045 19568 1
922460045 18731 1
922460045 7397 0
922460045 13323 0
922460045 18798 0
922460045 12469 1
922460045 11898 0
922460045 8044 0
922460045 8794 1
922460045 19765 0
922460045 4131 0
922460045 15088 0
922460045 7469 1
922460045 21090 1
922460045 2001 1
922460045 12640 1
922460045 325 0
922460045 6319 0
922460045 12688 1
922460045 17933 1
922460045 21494 0
922460045 3591 0
922460045 13795 1
922460045 20468 1
922460045 10547 0
922460045 12085 0
922460045 12781 1
922460045 13386 1
922460045 10849 0
922460045 13184 1
922460045 7271 1
922460045 9272 1
922460045 18592 0
922460045 1077 1
922460045 8033 1
922460045 18579 1
922460045 2914 1
922460045 18769 1
922460045 17919 1
922460045 14377 1
922460045 4054 1
922460045 17946 0
922460046 1077 0
922460046 18606 0
922460046 15897 0
922460046 11715 1
922460046 12640 0
922460046 8794 0
922460046 19795 0
922460046 5877 1
922460046 11804 0
922460046 5557 0
922460046 9352 1
922460046 18459 1
922460046 5311 0
922460046 12359 1
922460046 15724 1
922460046 1166 0
922460046 10057 1
922460046 21159 1
922460046 3142 0
922460046 8507 0
922460046 12781 0
922460046 8297 0
922460046 5730 0
922460046 15865 1
922460046 13384 1
922460046 7875 0
922460046 17933 0
922460046 21479 0
922460046 3082 1
922460046 17832 1
922460046 20232 1
922460046 13995 0
922460046 21167 0
922460046 18731 0
922460046 16765 1
922460046 9527 1
922460046 9396 1
922460046 5069 1
922460046 18573 0
922460046 9925 0
922460046 781 1
922460046 10444 1
922460046 7863 0
922460046 13754 1
922460046 11781 1
922460046 17148 1
922460046 17571 0
922460046 11610 1
922460046 14377 0
922460046 7763 1
922460046 14227 1
922460046 15318 1
922460046 15678 0
922460046 10967 0
922460046 1695 1
922460046 13887 1
922460046 16639 0
922460046 19271 0
922460046 16148 1
922460046 17586 1
922460046 10437 1
922460046 8033 0
922460046 5177 1
922460046 16875 1
922460046 348 1
922460046 18579 0
922460046 15828 1
922460046 4562 1
922460046 17919 0
922460046 10442 1
922460046 6861 1
922460046 8876 1
922460046 12095 1
922460046 2914 0
922460046 1089 1
922460046 6381 1
922460046 2001 0
922460046 18799 1
922460046 18061 0
922460046 13795 0
922460046 1486 1
922460046 2441 1
922460046 12688 0
922460046 20140 1
922460046 10753 0
922460046 14382 0
922460046 2567 1
922460046 12108 1
922460046 4190 1
922460046 7510 0
922460046 15412 0
922460046 16923 1
922460046 20817 1
922460046 1344 0
922460046 13184 0
922460046 3726 0
922460046 6506 1
922460046 17387 0
922460046 13386 0
922460046 8311 1
922460047 1323 1
922460047 11715 0
922460047 9038 1
922460047 7469 0
922460047 6312 1
922460047 20231 0
922460047 8627 1
922460047 11547 1
922460047 1695 0
922460047 5750 1
922460047 13384 0
922460047 4441 1
922460047 950 1
922460047 21393 0
922460047 19 1
922460047 2567 0
922460047 14204 0
922460047 3082 0
922460047 39 1
922460047 17148 0
922460047 5231 1
922460047 6952 1
922460047 4878 1
922460047 18994 0
922460047 21528 1
922460047 9527 0
922460047 16875 0
922460047 1539 1
922460047 2188 1
922460047 7271 0
922460047 8357 1
922460047 16765 0
922460047 1302 1
922460047 10444 0
922460047 14227 0
922460047 11610 0
922460047 9086 0
922460047 4092 0
922460047 2441 0
922460047 15700 1
922460047 18640 0
922460047 18198 1
922460047 13229 1
922460047 16261 0
922460047 6786 0
922460047 7697 1
922460047 14874 1
922460047 8141 1
922460047 16801 0
922460047 19568 0
922460047 16890 1
922460047 12359 0
922460047 16923 0
922460047 4242 1
922460047 19930 0
922460047 9272 0
922460047 4190 0
922460047 10992 0
922460047 7763 0
922460047 20757 1
922460047 16690 0
922460047 15790 0
922460047 12114 1
922460047 17586 0
922460047 11622 1
922460047 11639 0
922460047 6506 0
922460047 15262 0
922460047 3780 0
922460047 21090 0
922460047 15720 1
922460047 11806 1
922460047 869 1
922460047 5059 1
922460047 6586 1
922460047 16148 0
922460047 20232 0
922460047 1235 1
922460047 6381 0
922460047 15865 0
922460047 20817 0
922460047 9649 1
922460047 5644 1
922460047 10437 0
922460047 5264 0
922460047 12042 1
922460047 17832 0
922460047 20491 1
922460047 1398 1
922460047 10057 0
922460047 20668 0
922460047 15724 0
922460047 21159 0
922460047 12625 0
922460047 9396 0
922460047 5069 0
922460047 14257 0
922460047 1072 1
922460047 6892 1
922460047 18459 0
922460048 15700 0
922460048 4878 0
922460048 12751 1
922460048 39 0
922460048 6892 0
922460048 4242 0
922460048 2188 0
922460048 20367 1
922460048 11547 0
922460048 8627 0
922460048 14161 1
922460048 11899 1
922460048 9352 0
922460048 1539 0
922460048 12943 0
922460048 17254 0
922460048 1398 0
922460048 17219 0
922460048 20140 0
922460048 950 0
922460048 7912 1
922460048 16890 0
922460048 740 1
922460048 16973 1
922460048 19261 1
922460048 8141 0
922460048 106 1
922460048 632 1
922460048 1072 0
922460048 6754 1
922460048 4441 0
922460048 4672 1
922460048 8876 0
922460048 12649 0
922460048 15252 0
922460048 9649 0
922460048 5059 0
922460048 16671 1
922460048 1125 1
922460048 1824 1
922460048 17195 1
922460048 15828 0
922460048 18769 0
922460048 348 0
922460048 12042 0
922460048 17006 1
922460048 13229 0
922460048 13754 0
922460048 8439 0
922460048 12457 1
922460048 3910 0
922460048 3478 1
922460048 5674 1
922460048 422 1
922460048 12502 1
922460048 15684 1
922460048 11781 0
922460048 712 1
922460048 16334 1
922460048 16902 1
922460048 12095 0
922460048 19427 1
922460048 4054 0
922460048 6861 0
922460048 8311 0
922460048 1224 1
922460048 5750 0
922460048 5644 0
922460048 20681 1
922460048 5877 0
922460048 8104 1
922460048 7567 1
922460048 2977 1
922460048 12695 1
922460048 1663 0
922460048 18351 1
922460048 20491 0
922460048 8667 1
922460048 1235 0
922460048 724 1
922460048 6768 1
922460048 1089 0
922460048 15318 0
922460048 5833 1
922460048 7697 0
922460048 19 0
922460048 4562 0
922460048 613 1
922460048 797 1
922460048 19304 1
922460048 21265 1
922460048 13653 1
922460048 16757 1
922460048 21528 0
922460048 7993 1
922460048 12008 0
922460048 14874 0
922460048 15720 0
922460048 20757 0
922460048 12675 0
922460048 13627 1
922460049 9654 1
922460049 20468 0
922460049 8104 0
922460049 19427 0
922460049 1224 0
922460049 12502 0
922460049 9724 1
922460049 740 0
922460049 18799 0
922460049 11899 0
922460049 7142 1
922460049 17882 1
922460049 17562 1
922460049 14107 1
922460049 13339 1
922460049 1824 0
922460049 8787 1
922460049 11118 1
922460049 1125 0
922460049 17006 0
922460049 6768 0
922460049 19846 0
922460049 955 1
922460049 5674 0
922460049 6952 0
922460049 13627 0
922460049 16334 0
922460049 20681 0
922460049 16310 1
922460049 10479 1
922460049 1486 0
922460049 9920 1
922460049 19304 0
922460049 19261 0
922460049 11622 0
922460049 13800 1
922460049 10442 0
922460049 7912 0
922460049 7553 1
922460049 5177 0
922460049 19795 1
922460049 13891 1
922460049 14002 1
922460049 5231 0
922460049 17224 1
922460049 16902 0
922460049 17387 1
922460049 8611 1
922460049 16973 0
922460049 10400 1
922460049 14262 1
922460049 712 0
922460049 17195 0
922460049 586 0
922460049 4723 1
922460049 12114 0
922460049 10001 1
922460049 3001 1
922460049 8236 1
922460049 21118 1
922460049 422 0
922460049 2005 1
922460049 8667 0
922460049 781 0
922460049 8381 1
922460049 10213 1
922460049 7993 0
922460049 12825 1
922460049 1488 1
922460049 632 0
922460049 13656 1
922460049 797 0
922460049 4035 1
922460049 11806 0
922460049 12108 0
922460049 4750 1
922460049 4147 1
922460049 11593 0
922460049 4624 1
922460049 4239 1
922460049 7567 0
922460049 12469 0
922460049 1520 1
922460049 1323 0
922460049 21265 0
922460049 5833 0
922460049 20535 1
922460049 724 0
922460049 11921 1
922460049 16671 0
922460049 15684 0
922460049 2344 1
922460049 4672 0
922460049 13653 0
922460049 106 0
922460049 6586 0
922460049 6312 0
922460049 12457 0
922460049 1302 0
922460049 613 0
922460049 14161 0
922460049 5700 1
922460049 11366 1
922460049 13634 1
922460050 1488 0
922460050 13891 0
922460050 20367 0
922460050 13720 1
922460050 4624 0
922460050 14669 1
922460050 14107 0
922460050 17416 1
922460050 20535 0
922460050 16797 0
922460050 21385 1
922460050 8735 1
922460050 14223 1
922460050 17127 1
922460050 1029 1
922460050 8381 0
922460050 4396 1
922460050 8611 0
922460050 9060 1
922460050 19455 1
922460050 20969 1
922460050 16625 1
922460050 18198 0
922460050 11707 1
922460050 13634 0
922460050 1520 0
922460050 8787 0
922460050 19795 0
922460050 16495 1
922460050 12825 0
922460050 12695 0
922460050 10743 1
922460050 10213 0
922460050 5700 0
922460050 7906 1
922460050 13800 0
922460050 4723 0
922460050 1031 1
922460050 19191 1
922460050 8357 0
922460050 2344 0
922460050 10479 0
922460050 11408 1
922460050 18377 1
922460050 18351 0
922460050 7690 1
922460050 17713 1
922460050 10400 0
922460050 6754 0
922460050 14002 0
922460050 955 0
922460050 16310 0
922460050 13339 0
922460050 15785 1
922460050 7769 1
922460050 14262 0
922460050 11642 1
922460050 17621 1
922460050 11366 0
922460050 4147 0
922460050 10001 0
922460050 17562 0
922460050 1238 1
922460050 13887 0
922460050 4239 0
922460050 18595 1
922460050 12552 1
922460050 9038 0
922460050 4486 1
922460050 9724 0
922460050 9273 1
922460050 10956 1
922460050 7142 0
922460050 17058 1
922460050 17288 1
922460050 17224 0
922460050 2927 1
922460050 2977 0
922460050 3001 0
922460050 6322 1
922460050 21118 0
922460050 20298 1
922460050 4750 0
922460050 4035 0
922460050 11921 0
922460050 869 0
922460050 7462 1
922460050 16757 0
922460050 2005 0
922460050 7553 0
922460050 8236 0
922460050 244 1
922460050 9920 0
922460050 17387 0
922460050 3478 0
922460051 6562 1
922460051 5629 1
922460051 13656 0
922460051 6167 1
922460051 20298 0
922460051 7324 1
922460051 9914 1
922460051 20393 1
922460051 12751 0
922460051 5863 1
922460051 4148 1
922460051 11408 0
922460051 17058 0
922460051 12552 0
922460051 8727 1
922460051 10956 0
922460051 10743 0
922460051 7123 1
922460051 8735 0
922460051 17713 0
922460051 5439 1
922460051 9787 1
922460051 9654 0
922460051 7399 1
922460051 10338 1
922460051 8062 1
922460051 4396 0
922460051 1238 0
922460051 727 1
922460051 9273 0
922460051 8089 1
922460051 15584 1
922460051 2034 1
922460051 20543 1
922460051 12711 1
922460051 11707 0
922460051 14515 1
922460051 12266 1
922460051 5644 1
922460051 14669 0
922460051 1477 1
922460051 15785 0
922460051 9060 0
922460051 18595 0
922460051 7690 0
922460051 7462 0
922460051 11642 0
922460051 13720 0
922460051 14037 1
922460051 16625 0
922460051 4486 0
922460051 244 0
922460051 3887 1
922460051 6880 1
922460051 17882 0
922460051 1031 0
922460051 17288 0
922460051 18377 0
922460051 14806 1
922460051 7798 1
922460051 11118 0
922460051 14223 0
922460051 17416 0
922460051 6411 1
922460051 20969 0
922460051 7769 0
922460051 19455 0
922460051 2927 0
922460051 16797 1
922460051 21385 0
922460051 17127 0
922460051 1253 1
922460051 2020 1
922460051 3578 1
922460051 20269 1
922460051 17621 0
922460051 2741 1
922460051 19466 1
922460051 14958 1
922460051 19191 0
922460051 7906 0
922460051 6322 0
922460051 1029 0
922460051 3858 1
922460051 7495 1
922460051 8409 1
922460051 1027 1
922460051 16495 0
922460051 5883 1
922460051 9659 1
922460051 14320 1
922460051 5717 1
922460051 7498 1
922460051 8017 1
922460051 8773 1
922460051 1438 1
922460051 4788 1
922460051 7882 1
922460051 12112 1
922460051 14415 1
922460052 10758 1
922460052 12711 0
922460052 5629 0
922460052 7123 0
922460052 8089 0
922460052 6880 0
922460052 18044 1
922460052 8017 0
922460052 12266 0
922460052 1438 0
922460052 20753 1
922460052 5718 1
922460052 11230 1
922460052 16797 0
922460052 14806 0
922460052 5863 0
922460052 5883 0
922460052 1436 1
922460052 1027 0
922460052 8988 1
922460052 2034 0
922460052 7882 0
922460052 19530 1
922460052 14187 1
922460052 8062 0
922460052 6562 0
922460052 14415 0
922460052 5717 0
922460052 8727 0
922460052 16301 1
922460052 7243 1
922460052 15665 1
922460052 1080 1
922460052 727 0
922460052 9896 1
922460052 11387 1
922460052 3859 1
922460052 20543 0
922460052 20269 0
922460052 4148 0
922460052 6934 1
922460052 7399 0
922460052 14515 0
922460052 16312 1
922460052 20826 1
922460052 2006 1
922460052 18571 1
922460052 13783 1
922460052 9914 0
922460052 9787 0
922460052 8203 1
922460052 9659 0
922460052 1477 0
922460052 10338 0
922460052 2020 0
922460052 15584 0
922460052 4788 0
922460052 4381 1
922460052 7805 1
922460052 1487 1
922460052 10720 1
922460052 3578 0
922460052 6167 0
922460052 2008 1
922460052 8773 0
922460052 865 1
922460052 5439 0
922460052 7497 1
922460052 9645 1
922460052 7498 0
922460052 5912 1
922460052 4155 1
922460052 3610 1
922460052 14037 0
922460052 3858 0
922460052 7798 0
922460052 19801 1
922460052 76 1
922460052 2741 0
922460052 14958 0
922460052 1253 0
922460052 18467 1
922460052 16047 1
922460052 3497 1
922460052 7495 0
922460052 8780 1
922460052 12907 1
922460052 8105 1
922460052 3887 0
922460052 6618 1
922460052 16819 1
922460052 16199 1
922460052 6411 0
922460052 7324 0
922460052 14320 0
922460052 20393 0
922460052 8409 0
922460052 12112 0
922460052 5644 0
922460052 19466 0
922460053 8780 0
922460053 19530 0
922460053 4381 0
922460053 381 1
922460053 9645 0
922460053 16199 0
922460053 7497 0
922460053 12511 1
922460053 17294 1
922460053 20897 1
922460053 10758 0
922460053 865 0
922460053 3497 0
922460053 6934 0
922460053 20826 0
922460053 15749 1
922460053 7180 1
922460053 4155 0
922460053 14995 1
922460053 16301 0
922460053 19801 0
922460053 3610 0
922460053 16047 0
922460053 1080 0
922460053 14012 1
922460053 15665 0
922460053 3859 0
922460053 15911 1
922460053 16874 1
922460053 4997 1
922460053 7905 1
922460053 15933 1
922460053 1487 0
922460053 11230 0
922460053 11858 1
922460053 20187 1
922460053 18571 0
922460053 9896 0
922460053 17004 1
922460053 2316 1
922460053 18044 0
922460053 7243 0
922460053 21180 1
922460053 690 1
922460053 14200 1
922460053 2008 0
922460053 5426 1
922460053 10720 0
922460053 18748 1
922460053 20753 0
922460053 8988 0
922460053 2611 1
922460053 16819 0
922460053 2109 1
922460053 1797 1
922460053 14704 1
922460053 18467 0
922460053 16742 1
922460053 2766 1
922460053 5912 0
922460053 1436 0
922460053 11387 0
922460053 9206 1
922460053 13783 0
922460053 76 0
922460053 16312 0
922460053 6618 0
922460053 14187 0
922460053 8105 0
922460053 11743 1
922460053 17362 1
922460053 12907 0
922460053 511 1
922460053 1650 1
922460053 8203 0
922460053 10985 1
922460053 7805 0
922460053 5718 0
922460053 10257 1
922460053 2006 0
922460053 14297 1
922460053 2277 1
922460053 9346 1
922460053 8119 1
922460053 6725 1
922460053 11418 1
922460053 12299 1
922460053 8494 1
922460053 14545 1
922460053 10535 1
922460053 4073 1
922460053 6013 1
922460053 20536 1
922460053 3136 1
922460053 10472 1
922460053 17227 1
922460053 15168 1
922460053 2235 1
922460053 6114 1
922460053 10589 1
922460053 15347 1
922460054 19439 1
922460054 4004 1
922460054 21334 1
922460054 5426 0
922460054 3136 0
922460054 16742 0
922460054 17004 0
922460054 8119 0
922460054 10472 0
922460054 14995 0
922460054 3699 1
922460054 13398 1
922460054 10535 0
922460054 4073 0
922460054 2444 1
922460054 16690 1
922460054 14297 0
922460054 15168 0
922460054 7841 1
922460054 20923 1
922460054 2316 0
922460054 10333 1
922460054 20897 0
922460054 2209 1
922460054 16874 0
922460054 5232 1
922460054 4997 0
922460054 17452 1
922460054 2109 0
922460054 2665 1
922460054 10451 1
922460054 1431 1
922460054 2611 0
922460054 7905 0
922460054 10116 1
922460054 17205 1
922460054 5557 1
922460054 8510 1
922460054 690 0
922460054 14009 1
922460054 9437 1
922460054 14545 0
922460054 15911 0
922460054 10589 0
922460054 3364 1
922460054 13782 1
922460054 381 0
922460054 676 1
922460054 14715 1
922460054 13711 1
922460054 1797 0
922460054 12838 1
922460054 9346 0
922460054 11879 1
922460054 14704 0
922460054 1650 0
922460054 15347 0
922460054 2466 1
922460054 7180 0
922460054 5312 1
922460054 3983 1
922460054 14200 0
922460054 6013 0
922460054 2235 0
922460054 6725 0
922460054 12983 1
922460054 15749 0
922460054 18710 1
922460054 2766 0
922460054 10257 0
922460054 511 0
922460054 20536 0
922460054 20841 1
922460054 13144 1
922460054 8494 0
922460054 8860 1
922460054 18012 1
922460054 17858 1
922460054 6114 0
922460054 14012 0
922460054 17227 0
922460054 3792 1
922460054 15300 1
922460054 18748 0
922460054 20096 1
922460054 10985 0
922460054 21154 1
922460054 13057 1
922460054 1562 1
922460054 6931 1
922460054 15933 0
922460054 20187 0
922460054 5521 1
922460054 10507 1
922460054 9206 0
922460054 12299 0
922460054 9809 1
922460054 17294 0
922460054 21014 1
922460055 17205 0
922460055 14416 1
922460055 13711 0
922460055 5312 0
922460055 3792 0
922460055 3983 0
922460055 4963 1
922460055 13076 1
922460055 9944 1
922460055 19187 1
922460055 10451 0
922460055 9809 0
922460055 11879 0
922460055 1581 1
922460055 12983 0
922460055 8510 0
922460055 1562 0
922460055 10116 0
922460055 14748 1
922460055 9498 1
922460055 15300 0
922460055 14009 0
922460055 3364 0
922460055 19883 1
922460055 18710 0
922460055 17858 0
922460055 20079 1
922460055 16927 1
922460055 3757 1
922460055 13398 0
922460055 5521 0
922460055 8767 1
922460055 1652 1
922460055 21154 0
922460055 3327 1
922460055 3699 0
922460055 6931 0
922460055 20096 0
922460055 5557 0
922460055 21014 0
922460055 1431 0
922460055 5842 1
922460055 21366 1
922460055 7841 0
922460055 5232 0
922460055 2444 0
922460055 21397 1
922460055 1150 1
922460055 5219 1
922460055 13782 0
922460055 849 1
922460055 18012 0
922460055 11743 0
922460055 10507 0
922460055 12511 0
922460055 13057 0
922460055 8860 0
922460055 6575 1
922460055 13144 0
922460055 15636 1
922460055 18380 1
922460055 10257 1
922460055 19754 1
922460055 21334 0
922460055 7960 1
922460055 7904 1
922460055 2277 0
922460055 8229 1
922460055 20841 0
922460055 10333 0
922460055 14715 0
922460055 2466 0
922460055 2665 0
922460055 10548 1
922460055 9929 1
922460055 21180 0
922460055 1613 1
922460055 490 1
922460055 17036 1
922460055 11418 0
922460055 4004 0
922460055 20923 0
922460055 2209 0
922460055 13196 1
922460055 20503 1
922460055 8679 1
922460055 15351 1
922460055 19900 1
922460055 18357 1
922460055 12838 0
922460055 9437 0
922460055 11858 0
922460055 318 1
922460055 16690 0
922460055 676 0
922460055 17452 0
922460055 17362 0
922460055 19439 0
922460055 15872 1
922460055 15835 1
922460056 9498 0
922460056 20746 1
922460056 19900 0
922460056 20079 0
922460056 10574 1
922460056 9929 0
922460056 8679 0
922460056 7651 1
922460056 18619 1
922460056 9944 0
922460056 318 0
922460056 1652 0
922460056 4963 0
922460056 5219 0
922460056 21366 0
922460056 13387 1
922460056 6684 1
922460056 8767 0
922460056 21397 0
922460056 5842 0
922460056 15835 0
922460056 17633 1
922460056 8229 0
922460056 6575 0
922460056 14748 0
922460056 20503 0
922460056 19187 0
922460056 20338 1
922460056 19398 1
922460056 1613 0
922460056 10548 0
922460056 15351 0
922460056 3753 1
922460056 6787 1
922460056 16002 1
922460056 18657 1
922460056 17242 1
922460056 7960 0
922460056 7904 0
922460056 13581 1
922460056 14559 1
922460056 10535 1
922460056 21517 1
922460056 414 1
922460056 6810 1
922460056 13196 0
922460056 18380 0
922460056 15663 1
922460056 19883 0
922460056 7486 1
922460056 15872 0
922460056 10257 0
922460056 3757 0
922460056 13076 0
922460056 15657 1
922460056 19622 1
922460056 10927 1
922460056 3327 0
922460056 18357 0
922460056 12981 1
922460056 4548 1
922460056 15636 0
922460056 1861 1
922460056 849 0
922460056 5070 1
922460056 14416 0
922460056 20618 1
922460056 11535 1
922460056 16927 0
922460056 17036 0
922460056 18424 1
922460056 490 0
922460056 1581 0
922460056 1150 0
922460056 19754 0
922460056 16821 1
922460056 19602 1
922460056 18986 1
922460056 17944 1
922460056 19738 1
922460056 18797 1
922460056 5074 1
922460056 13568 1
922460056 2289 1
922460056 15387 1
922460056 7914 1
922460056 4679 1
922460056 1320 1
922460056 18359 1
922460056 19859 1
922460056 19264 1
922460056 5961 1
922460056 20313 1
922460056 3331 1
922460056 5795 1
922460056 3641 1
922460056 7272 1
922460056 432 1
922460056 14274 1
922460056 488 1
922460057 5520 1
922460057 8414 1
922460057 6810 0
922460057 4548 0
922460057 18359 0
922460057 10463 1
922460057 10810 1
922460057 18840 1
922460057 20746 0
922460057 1320 0
922460057 19859 0
922460057 15663 0
922460057 6684 0
922460057 7473 1
922460057 7327 1
922460057 16270 1
922460057 16868 1
922460057 414 0
922460057 21517 0
922460057 5070 0
922460057 13568 0
922460057 988 1
922460057 20573 1
922460057 19398 0
922460057 14274 0
922460057 20840 1
922460057 20413 1
922460057 19264 0
922460057 8632 1
922460057 18587 1
922460057 21460 1
922460057 17242 0
922460057 20191 1
922460057 11535 0
922460057 20618 0
922460057 18986 0
922460057 20808 1
922460057 7486 0
922460057 19503 1
922460057 3331 0
922460057 12981 0
922460057 5961 0
922460057 18657 0
922460057 15657 0
922460057 18424 0
922460057 16002 0
922460057 2231 1
922460057 7668 1
922460057 8709 1
922460057 10775 1
922460057 2289 0
922460057 16821 0
922460057 13840 1
922460057 15387 0
922460057 5795 0
922460057 10574 0
922460057 4679 0
922460057 7651 0
922460057 10784 1
922460057 15748 1
922460057 5050 1
922460057 9857 1
922460057 5074 0
922460057 7069 1
922460057 13506 1
922460057 21502 1
922460057 19738 0
922460057 13581 0
922460057 18619 0
922460057 20338 0
922460057 3641 0
922460057 6787 0
922460057 1861 0
922460057 3753 0
922460057 19622 0
922460057 16793 1
922460057 10927 0
922460057 7359 1
922460057 14559 0
922460057 19602 0
922460057 14479 1
922460057 2350 1
922460057 10535 0
922460057 488 0
922460057 7308 1
922460057 5625 1
922460057 11840 1
922460057 7914 0
922460057 30 1
922460057 13387 0
922460057 18797 0
922460057 15897 1
922460057 17633 0
922460057 432 0
922460057 12891 1
922460057 4280 1
922460057 6240 1
922460057 20313 0
922460057 15989 1
922460057 7272 0
922460057 17944 0
922460058 10784 0
922460058 5520 0
922460058 15897 0
922460058 17764 1
922460058 11836 1
922460058 18854 1
922460058 5625 0
922460058 4280 0
922460058 2231 0
922460058 30 0
922460058 18669 1
922460058 20840 0
922460058 10228 1
922460058 20413 0
922460058 20573 0
922460058 2636 1
922460058 11149 1
922460058 17915 1
922460058 7327 0
922460058 18556 1
922460058 9857 0
922460058 18899 1
922460058 7069 0
922460058 10775 0
922460058 6429 1
922460058 10374 1
922460058 10463 0
922460058 20808 0
922460058 19503 0
922460058 14323 1
922460058 18587 0
922460058 17854 1
922460058 8414 0
922460058 988 0
922460058 21502 0
922460058 13 1
922460058 19467 1
922460058 3717 1
922460058 5141 1
922460058 10810 0
922460058 9704 1
922460058 14479 0
922460058 16234 1
922460058 14631 1
922460058 3065 1
922460058 13506 0
922460058 2385 1
922460058 17550 1
922460058 2350 0
922460058 1214 1
922460058 15898 1
922460058 17746 1
922460058 20551 1
922460058 20191 0
922460058 16270 0
922460058 13325 1
922460058 7473 0
922460058 18840 0
922460058 14904 1
922460058 11952 1
922460058 15908 1
922460058 17540 1
922460058 16868 0
922460058 16214 1
922460058 13840 0
922460058 4675 1
922460058 6240 0
922460058 8632 0
922460058 17403 1
922460058 15748 0
922460058 8709 0
922460058 17217 1
922460058 4322 1
922460058 21460 0
922460058 16793 0
922460058 3902 1
922460058 16515 1
922460058 13523 1
922460058 12837 1
922460058 9338 1
922460058 19926 1
922460058 17360 1
922460058 12891 0
922460058 5050 0
922460058 10356 1
922460058 21120 1
922460058 7359 0
922460058 11840 0
922460058 1330 1
922460058 7668 0
922460058 4536 1
922460058 7308 0
922460058 15989 0
922460058 1384 1
922460058 13042 1
922460058 9712 1
922460058 19723 1
922460058 2189 1
922460058 3792 1
922460059 7010 1
922460059 7929 1
922460059 14631 0
922460059 10356 0
922460059 9334 1
922460059 10582 1
922460059 15898 0
922460059 6637 1
922460059 16515 0
922460059 15908 0
922460059 17360 0
922460059 3065 0
922460059 10228 0
922460059 16035 1
922460059 11952 0
922460059 3717 0
922460059 16813 1
922460059 18669 0
922460059 11836 0
922460059 21120 0
922460059 12837 0
922460059 9405 1
922460059 2189 0
922460059 163 1
922460059 13042 0
922460059 13523 0
922460059 198 1
922460059 12546 1
922460059 7596 1
922460059 15009 1
922460059 11629 1
922460059 17746 0
922460059 1214 0
922460059 2217 1
922460059 19723 0
922460059 14904 0
922460059 14323 0
922460059 6429 0
922460059 17259 1
922460059 3902 0
922460059 21512 1
922460059 4536 0
922460059 8033 1
922460059 15179 1
922460059 4579 1
922460059 5141 0
922460059 9943 1
922460059 3591 1
922460059 11149 0
922460059 1384 0
922460059 5004 1
922460059 5554 1
922460059 3931 1
922460059 2767 1
922460059 14634 1
922460059 9712 0
922460059 12480 1
922460059 9338 0
922460059 6511 1
922460059 17217 0
922460059 13283 1
922460059 18854 0
922460059 19663 1
922460059 13274 1
922460059 5331 1
922460059 10249 1
922460059 9597 1
922460059 1734 1
922460059 6015 1
922460059 6644 1
922460059 3792 0
922460059 10374 0
922460059 4675 0
922460059 4947 1
922460059 12395 1
922460059 19467 0
922460059 17540 0
922460059 2385 0
922460059 6229 1
922460059 18899 0
922460059 9704 0
922460059 8379 1
922460059 17403 0
922460059 19680 1
922460059 2636 0
922460059 19926 0
922460059 18556 0
922460059 9723 1
922460059 6296 1
922460059 11078 1
922460059 9818 1
922460059 16234 0
922460059 3297 1
922460059 4267 1
922460059 3168 1
922460059 17915 0
922460059 16192 1
922460059 16214 0
922460059 16685 1
922460059 7189 1
922460059 17550 0
922460059 3649 1
922460059 13 0
922460060 11899 1
922460060 17296 1
922460060 6006 1
922460060 6015 0
922460060 13342 1
922460060 163 0
922460060 7979 1
922460060 16569 1
922460060 3403 1
922460060 6637 0
922460060 17764 0
922460060 6859 1
922460060 6644 0
922460060 5004 0
922460060 14799 1
922460060 11166 1
922460060 14080 1
922460060 10582 0
922460060 16035 0
922460060 14803 1
922460060 16813 0
922460060 7353 1
922460060 20374 1
922460060 15566 1
922460060 6296 0
922460060 16192 0
922460060 11629 0
922460060 10240 1
922460060 12100 1
922460060 10800 1
922460060 3649 0
922460060 21512 0
922460060 4665 1
922460060 20551 0
922460060 9597 0
922460060 14634 0
922460060 7817 1
922460060 19564 1
922460060 8033 0
922460060 6229 0
922460060 8379 0
922460060 1330 0
922460060 14345 1
922460060 4771 1
922460060 8029 1
922460060 6975 1
922460060 1167 1
922460060 3297 0
922460060 13283 0
922460060 4977 1
922460060 2767 0
922460060 6053 1
922460060 12599 1
922460060 2217 0
922460060 1734 0
922460060 5801 1
922460060 10249 0
922460060 17854 0
922460060 13385 1
922460060 6352 1
922460060 12480 0
922460060 17259 0
922460060 4924 1
922460060 9405 0
922460060 16764 1
922460060 20372 1
922460060 1282 1
922460060 20621 1
922460060 4267 0
922460060 5554 0
922460060 7929 0
922460060 20187 1
922460060 3931 0
922460060 16685 0
922460060 4922 1
922460060 12530 1
922460060 6511 0
922460060 3413 1
922460060 9723 0
922460060 18981 1
922460060 13325 0
922460060 9943 0
922460060 6816 1
922460060 12395 0
922460060 5196 1
922460060 15009 0
922460060 5331 0
922460060 11078 0
922460060 4322 0
922460060 12546 0
922460060 15179 0
922460060 7382 1
922460060 5616 1
922460060 4579 0
922460060 7010 0
922460060 19663 0
922460060 19680 0
922460060 4947 0
922460060 3223 1
922460061 3168 0
922460061 1042 1
922460061 18981 0
922460061 4389 1
922460061 19564 0
922460061 9180 1
922460061 4977 0
922460061 1282 0
922460061 4665 0
922460061 7490 1
922460061 11109 1
922460061 14803 0
922460061 6352 0
922460061 20187 0
922460061 12599 0
922460061 3223 0
922460061 3911 1
922460061 16569 0
922460061 9334 0
922460061 4771 0
922460061 3413 0
922460061 10240 0
922460061 20300 1
922460061 15566 0
922460061 3591 0
922460061 3403 0
922460061 1763 1
922460061 16151 1
922460061 11618 1
922460061 7817 0
922460061 446 1
922460061 8029 0
922460061 14080 0
922460061 21376 1
922460061 18749 1
922460061 10930 1
922460061 12100 0
922460061 6859 0
922460061 5196 0
922460061 1167 0
922460061 1026 1
922460061 4365 1
922460061 20372 0
922460061 14345 0
922460061 9140 1
922460061 8458 1
922460061 6975 0
922460061 4922 0
922460061 14427 1
922460061 6053 0
922460061 4924 0
922460061 5450 1
922460061 20374 0
922460061 4555 1
922460061 9331 1
922460061 18120 1
922460061 10060 1
922460061 6067 1
922460061 6816 0
922460061 5616 0
922460061 9818 0
922460061 20406 1
922460061 3946 1
922460061 7979 0
922460061 7189 0
922460061 7382 0
922460061 9263 1
922460061 198 0
922460061 1711 1
922460061 15755 1
922460061 12530 0
922460061 13342 0
922460061 14162 1
922460061 8979 1
922460061 11899 0
922460061 11518 1
922460061 8990 1
922460061 2698 1
922460061 10588 1
922460061 13137 1
922460061 566 1
922460061 17296 0
922460061 14799 0
922460061 15032 1
922460061 12061 1
922460061 13274 0
922460061 7353 0
922460061 7401 1
922460061 15483 1
922460061 3775 1
922460061 13385 0
922460061 15870 1
922460061 9058 1
922460061 11166 0
922460061 10800 0
922460061 20621 0
922460061 6006 0
922460061 5801 0
922460062 12105 1
922460062 18074 1
922460062 18541 1
922460062 9331 0
922460062 9530 1
922460062 9281 1
922460062 1472 1
922460062 3586 1
922460062 17855 1
922460062 15163 1
922460062 11618 0
922460062 4365 0
922460062 1026 0
922460062 21149 1
922460062 3911 0
922460062 1220 1
922460062 13137 0
922460062 1807 1
922460062 9388 1
922460062 7919 1
922460062 1102 1
922460062 2663 1
922460062 15483 0
922460062 10588 0
922460062 6503 1
922460062 4389 0
922460062 1042 0
922460062 2698 0
922460062 9058 0
922460062 20795 1
922460062 15032 0
922460062 12061 0
922460062 9180 0
922460062 1241 1
922460062 16256 1
922460062 1175 1
922460062 2300 1
922460062 13324 1
922460062 11006 1
922460062 11414 1
922460062 18749 0
922460062 1711 0
922460062 9211 1
922460062 9263 0
922460062 11518 0
922460062 20300 0
922460062 841 1
922460062 6102 1
922460062 21376 0
922460062 9904 1
922460062 7490 0
922460062 8990 0
922460062 19273 1
922460062 7473 1
922460062 446 0
922460062 14542 1
922460062 7518 1
922460062 4555 0
922460062 16151 0
922460062 1594 1
922460062 6067 0
922460062 16048 1
922460062 3711 1
922460062 15749 1
922460062 10060 0
922460062 12685 1
922460062 15755 0
922460062 8979 0
922460062 17054 1
922460062 7878 1
922460062 4001 1
922460062 3946 0
922460062 18120 0
922460062 10198 1
922460062 15870 0
922460062 7596 0
922460062 566 0
922460062 20148 1
922460062 11109 0
922460062 14622 1
922460062 1763 0
922460062 14307 1
922460062 6554 1
922460062 3775 0
922460062 16764 0
922460062 9320 1
922460062 10412 1
922460062 14162 0
922460062 10184 1
922460062 4803 1
922460062 7409 1
922460062 7401 0
922460062 8105 1
922460062 895 1
922460062 18369 1
922460062 17548 1
922460062 7359 1
922460062 4411 1
922460062 14427 0
922460062 6048 1
922460062 16110 1
922460063 16471 1
922460063 7878 0
922460063 1626 1
922460063 926 1
922460063 9072 1
922460063 8229 1
922460063 12861 1
922460063 9388 0
922460063 11756 1
922460063 15246 1
922460063 8156 1
922460063 2814 1
922460063 6048 0
922460063 5450 0
922460063 3711 0
922460063 8458 0
922460063 11894 1
922460063 7518 0
922460063 617 1
922460063 4804 1
922460063 14849 1
922460063 1102 0
922460063 3324 1
922460063 10590 1
922460063 7209 1
922460063 8283 1
922460063 15163 0
922460063 6503 0
922460063 19 1
922460063 13324 0
922460063 16342 1
922460063 9292 1
922460063 2619 1
922460063 10868 1
922460063 18074 0
922460063 13808 1
922460063 17855 0
922460063 4803 0
922460063 17548 0
922460063 14542 0
922460063 9530 0
922460063 8895 1
922460063 10921 1
922460063 15882 1
922460063 8875 1
922460063 3090 1
922460063 1472 0
922460063 9140 0
922460063 15269 1
922460063 9281 0
922460063 7409 0
922460063 18556 1
922460063 19733 1
922460063 10930 0
922460063 11006 0
922460063 20854 1
922460063 11832 1
922460063 50 1
922460063 8715 1
922460063 4411 0
922460063 7919 0
922460063 6554 0
922460063 15749 0
922460063 929 1
922460063 13913 1
922460063 1594 0
922460063 10955 1
922460063 6966 1
922460063 7359 0
922460063 5213 1
922460063 4717 1
922460063 9549 1
922460063 19037 1
922460063 19142 1
922460063 11548 1
922460063 21149 0
922460063 19273 0
922460063 20795 0
922460063 18541 0
922460063 9895 1
922460063 13849 1
922460063 12765 1
922460063 11045 1
922460063 5306 1
922460063 1175 0
922460063 12737 1
922460063 16048 0
922460063 1561 1
922460063 1807 0
922460063 20467 1
922460063 18461 1
922460063 12414 1
922460063 20148 0
922460063 6102 0
922460063 15855 1
922460063 17477 1
922460063 6187 1
922460063 11987 1
922460063 1241 0
922460064 20467 0
922460064 16110 0
922460064 5213 0
922460064 11548 0
922460064 6133 1
922460064 5448 1
922460064 11764 1
922460064 10583 1
922460064 15686 1
922460064 9387 1
922460064 15029 1
922460064 1834 1
922460064 19358 1
922460064 2814 0
922460064 9292 0
922460064 2619 0
922460064 16696 1
922460064 18369 0
922460064 15758 1
922460064 8105 0
922460064 15243 1
922460064 3374 1
922460064 5431 1
922460064 10412 0
922460064 16488 1
922460064 8875 0
922460064 3937 1
922460064 8895 0
922460064 2222 1
922460064 2557 1
922460064 18480 1
922460064 18636 1
922460064 16256 0
922460064 6187 0
922460064 2300 0
922460064 8715 0
922460064 19791 1
922460064 10590 0
922460064 926 0
922460064 16613 1
922460064 15085 1
922460064 841 0
922460064 11756 0
922460064 11894 0
922460064 11832 0
922460064 19416 1
922460064 18821 1
922460064 15882 0
922460064 14638 1
922460064 20854 0
922460064 18748 1
922460064 367 1
922460064 1561 0
922460064 16471 0
922460064 2112 1
922460064 18556 0
922460064 2025 1
922460064 18317 1
922460064 9904 0
922460064 5384 1
922460064 14849 0
922460064 11414 0
922460064 7473 0
922460064 10198 0
922460064 9211 0
922460064 10459 1
922460064 8324 1
922460064 6761 1
922460064 3090 0
922460064 12685 0
922460064 617 0
922460064 4717 0
922460064 14307 0
922460064 3761 1
922460064 929 0
922460064 11592 1
922460064 11853 1
922460064 8156 0
922460064 1626 0
922460064 21192 1
922460064 19733 0
922460064 7415 1
922460064 5306 0
922460064 6129 1
922460064 14475 1
922460064 19578 1
922460064 9346 1
922460064 4001 0
922460064 1220 0
922460064 16600 1
922460064 3956 1
922460064 13849 0
922460064 11045 0
922460064 13808 0
922460064 16771 1
922460064 13947 1
922460064 895 0
922460064 9549 0
922460064 10921 0
922460064 9072 0
922460064 19142 0
922460064 10955 0
922460064 3042 1
922460064 16342 0
922460064 5190 1
922460065 18821 0
922460065 20688 1
922460065 12105 0
922460065 4299 1
922460065 17778 1
922460065 9320 0
922460065 11592 0
922460065 3324 0
922460065 11575 1
922460065 11987 0
922460065 16600 0
922460065 19285 1
922460065 17075 1
922460065 14638 0
922460065 2557 0
922460065 17477 0
922460065 50 0
922460065 5384 0
922460065 19684 1
922460065 2112 0
922460065 10612 1
922460065 5307 1
922460065 19439 1
922460065 6761 0
922460065 17881 1
922460065 17155 1
922460065 18317 0
922460065 10222 1
922460065 17054 0
922460065 9346 0
922460065 14276 1
922460065 14822 1
922460065 16488 0
922460065 15243 0
922460065 12737 0
922460065 16613 0
922460065 6075 1
922460065 2222 0
922460065 3042 0
922460065 3956 0
922460065 19358 0
922460065 602 1
922460065 3374 0
922460065 9895 0
922460065 16450 1
922460065 3761 0
922460065 11412 1
922460065 20312 1
922460065 19578 0
922460065 12083 1
922460065 15855 0
922460065 18636 0
922460065 10184 0
922460065 15246 0
922460065 17569 1
922460065 10232 1
922460065 11764 0
922460065 15269 0
922460065 5094 1
922460065 3586 0
922460065 367 0
922460065 1834 0
922460065 15686 0
922460065 14395 1
922460065 19209 1
922460065 10459 0
922460065 7209 0
922460065 7491 1
922460065 5448 0
922460065 1009 1
922460065 8033 1
922460065 1261 1
922460065 7415 0
922460065 16696 0
922460065 13913 0
922460065 14475 0
922460065 7960 1
922460065 3937 0
922460065 21192 0
922460065 6133 0
922460065 10583 0
922460065 2025 0
922460065 19037 0
922460065 10868 0
922460065 5190 0
922460065 15029 0
922460065 10865 1
922460065 12861 0
922460065 19 0
922460065 17866 1
922460065 18571 1
922460065 4804 0
922460065 20406 0
922460065 14457 1
922460065 12765 0
922460065 15085 0
922460065 20541 1
922460065 1226 1
922460065 19416 0
922460066 1261 0
922460066 4230 1
922460066 15048 1
922460066 7771 1
922460066 131 1
922460066 6075 0
922460066 7491 0
922460066 18382 1
922460066 10758 1
922460066 2560 1
922460066 4290 1
922460066 10960 1
922460066 10232 0
922460066 11284 1
922460066 7858 1
922460066 4301 1
922460066 10222 0
922460066 12869 1
922460066 19791 0
922460066 20688 0
922460066 17618 1
922460066 12083 0
922460066 5431 0
922460066 498 1
922460066 18134 1
922460066 13947 0
922460066 6164 1
922460066 21326 1
922460066 10453 1
922460066 6600 1
922460066 4128 1
922460066 7960 0
922460066 53 1
922460066 9416 1
922460066 14822 0
922460066 19523 1
922460066 602 0
922460066 5605 1
922460066 17059 1
922460066 13960 1
922460066 2663 0
922460066 18480 0
922460066 20030 1
922460066 8033 0
922460066 4379 1
922460066 4299 0
922460066 14556 1
922460066 18571 0
922460066 20541 0
922460066 14395 0
922460066 1731 1
922460066 14622 0
922460066 18748 0
922460066 4637 1
922460066 1485 1
922460066 11575 0
922460066 7911 1
922460066 5094 0
922460066 20354 1
922460066 17155 0
922460066 5307 0
922460066 20312 0
922460066 21397 1
922460066 9845 1
922460066 12661 1
922460066 14457 0
922460066 17569 0
922460066 1349 1
922460066 11412 0
922460066 1478 1
922460066 2306 1
922460066 14276 0
922460066 1009 0
922460066 8015 1
922460066 8324 0
922460066 18527 1
922460066 20024 1
922460066 7784 1
922460066 19285 0
922460066 15897 1
922460066 15758 0
922460066 11009 1
922460066 12860 1
922460066 11116 1
922460066 8229 0
922460066 17866 0
922460066 11033 1
922460066 8283 0
922460066 17792 1
922460066 8499 1
922460066 10612 0
922460066 21534 1
922460066 9387 0
922460066 17881 0
922460066 10865 0
922460066 19439 0
922460067 6366 1
922460067 19209 0
922460067 17618 0
922460067 10203 1
922460067 15897 0
922460067 14956 1
922460067 14294 1
922460067 2290 1
922460067 15428 1
922460067 21397 0
922460067 12869 0
922460067 11284 0
922460067 17150 1
922460067 17075 0
922460067 7771 0
922460067 17778 0
922460067 20610 1
922460067 2560 0
922460067 4637 0
922460067 15048 0
922460067 10758 0
922460067 17792 0
922460067 1485 0
922460067 130 1
922460067 8951 1
922460067 11739 1
922460067 6164 0
922460067 7858 0
922460067 20542 1
922460067 12171 1
922460067 4128 0
922460067 2285 1
922460067 7528 1
922460067 10960 0
922460067 7010 1
922460067 5815 1
922460067 17484 1
922460067 289 1
922460067 4379 0
922460067 2319 1
922460067 7101 1
922460067 9380 1
922460067 13960 0
922460067 15873 1
922460067 11855 1
922460067 19523 0
922460067 21534 0
922460067 12216 1
922460067 3023 1
922460067 4933 1
922460067 14753 1
922460067 9416 0
922460067 6752 1
922460067 53 0
922460067 7430 1
922460067 3258 1
922460067 14584 1
922460067 8811 1
922460067 16418 1
922460067 10473 1
922460067 4301 0
922460067 18461 0
922460067 17682 1
922460067 18134 0
922460067 3645 1
922460067 2216 1
922460067 2980 1
922460067 12690 1
922460067 7784 0
922460067 17204 1
922460067 16771 0
922460067 12414 0
922460067 3798 1
922460067 9626 1
922460067 6856 1
922460067 1226 0
922460067 16450 0
922460067 19 1
922460067 21354 1
922460067 1349 0
922460067 15375 1
922460067 8499 0
922460067 11116 0
922460067 5824 1
922460067 2306 0
922460067 4230 0
922460067 9845 0
922460067 21038 1
922460067 18928 1
922460067 11929 1
922460067 6600 0
922460067 1731 0
922460067 16074 1
922460067 20354 0
922460067 12618 1
922460067 498 0
922460067 11033 0
922460067 506 1
922460067 103 1
922460067 6740 1
922460067 21409 1
922460068 3189 1
922460068 10157 1
922460068 11859 1
922460068 17059 0
922460068 21024 1
922460068 17749 1
922460068 18928 0
922460068 16719 1
922460068 131 0
922460068 18649 1
922460068 9308 1
922460068 14941 1
922460068 9520 1
922460068 17204 0
922460068 1347 1
922460068 2980 0
922460068 16074 0
922460068 10264 1
922460068 10203 0
922460068 5882 1
922460068 20535 1
922460068 21409 0
922460068 20025 1
922460068 8811 0
922460068 3214 1
922460068 12704 1
922460068 12618 0
922460068 11994 1
922460068 11929 0
922460068 5695 1
922460068 8015 0
922460068 19684 0
922460068 7094 1
922460068 3798 0
922460068 7430 0
922460068 8951 0
922460068 2888 1
922460068 21308 1
922460068 3258 0
922460068 9380 0
922460068 2285 0
922460068 6752 0
922460068 2062 1
922460068 7366 1
922460068 16771 1
922460068 20024 0
922460068 18064 1
922460068 2290 0
922460068 20841 1
922460068 7872 1
922460068 11551 1
922460068 9938 1
922460068 445 1
922460068 3104 1
922460068 18070 1
922460068 3757 1
922460068 8388 1
922460068 103 0
922460068 21354 0
922460068 4933 0
922460068 11469 1
922460068 6133 1
922460068 20610 0
922460068 11739 0
922460068 9662 1
922460068 6966 0
922460068 1884 1
922460068 18382 0
922460068 11764 1
922460068 1478 0
922460068 6366 0
922460068 6618 1
922460068 19698 1
922460068 7573 1
922460068 15375 0
922460068 6788 1
922460068 17484 0
922460068 17683 1
922460068 7911 0
922460068 130 0
922460068 6740 0
922460068 11194 1
922460068 3023 0
922460068 9626 0
922460068 5948 1
922460068 8755 1
922460068 5824 0
922460068 5815 0
922460068 21422 1
922460068 5636 1
922460068 5605 0
922460068 21321 1
922460068 14584 0
922460068 3053 1
922460068 7101 0
922460068 14674 1
922460068 12661 0
922460068 21044 1
922460068 19717 1
922460069 3757 0
922460069 11859 0
922460069 2888 0
922460069 20535 0
922460069 1884 0
922460069 13386 1
922460069 8025 1
922460069 5932 1
922460069 555 1
922460069 15428 0
922460069 12690 0
922460069 10264 0
922460069 16381 1
922460069 1431 1
922460069 11855 0
922460069 7876 1
922460069 9520 0
922460069 3995 1
922460069 16601 1
922460069 11435 1
922460069 17866 1
922460069 17682 0
922460069 21044 0
922460069 7888 1
922460069 13095 1
922460069 18329 1
922460069 4163 1
922460069 5633 1
922460069 10453 0
922460069 3053 0
922460069 13791 1
922460069 11506 1
922460069 506 0
922460069 19938 1
922460069 18737 1
922460069 13094 1
922460069 1785 1
922460069 21422 0
922460069 2319 0
922460069 7010 0
922460069 4061 1
922460069 3645 0
922460069 16719 0
922460069 304 1
922460069 4966 1
922460069 12860 0
922460069 11764 0
922460069 19367 1
922460069 7094 0
922460069 5695 0
922460069 11853 0
922460069 14556 0
922460069 3715 1
922460069 11994 0
922460069 21076 1
922460069 6133 0
922460069 8424 1
922460069 18064 0
922460069 3052 1
922460069 1308 1
922460069 14941 0
922460069 16418 0
922460069 7554 1
922460069 11194 0
922460069 10473 0
922460069 21038 0
922460069 12216 0
922460069 18527 0
922460069 2216 0
922460069 16878 1
922460069 84 1
922460069 8295 1
922460069 15873 0
922460069 18093 1
922460069 9662 0
922460069 8755 0
922460069 14753 0
922460069 12704 0
922460069 14523 1
922460069 6788 0
922460069 15109 1
922460069 10157 0
922460069 12171 0
922460069 19657 1
922460069 11551 0
922460069 16771 0
922460069 16964 1
922460069 2532 1
922460069 9902 1
922460069 9512 1
922460069 7573 0
922460069 289 0
922460069 15502 1
922460069 21321 0
922460069 19698 0
922460069 20443 1
922460069 11469 0
922460069 6393 1
922460069 4687 1
922460069 11458 1
922460070 7401 1
922460070 17518 1
922460070 7876 0
922460070 8025 0
922460070 20030 0
922460070 7100 1
922460070 1431 0
922460070 13095 0
922460070 19323 1
922460070 20443 0
922460070 16539 1
922460070 16950 1
922460070 8659 1
922460070 555 0
922460070 8890 1
922460070 6111 1
922460070 21076 0
922460070 19938 0
922460070 1347 0
922460070 17749 0
922460070 3901 1
922460070 20542 0
922460070 5633 0
922460070 17150 0
922460070 13884 1
922460070 18070 0
922460070 7528 0
922460070 1301 1
922460070 14674 0
922460070 12746 1
922460070 16964 0
922460070 7554 0
922460070 19998 1
922460070 16909 1
922460070 6563 1
922460070 18380 1
922460070 13791 0
922460070 13359 1
922460070 9938 0
922460070 5422 1
922460070 5144 1
922460070 20841 0
922460070 21180 1
922460070 20538 1
922460070 13386 0
922460070 6710 1
922460070 14523 0
922460070 19025 1
922460070 2532 0
922460070 17866 0
922460070 6660 1
922460070 8388 0
922460070 3715 0
922460070 6618 0
922460070 4763 1
922460070 18329 0
922460070 84 0
922460070 20025 0
922460070 4984 1
922460070 6333 1
922460070 10450 1
922460070 2105 1
922460070 8370 1
922460070 16878 0
922460070 17962 1
922460070 14765 1
922460070 3472 1
922460070 14956 0
922460070 6857 1
922460070 2495 1
922460070 9862 1
922460070 11458 0
922460070 3189 0
922460070 19717 0
922460070 3052 0
922460070 15109 0
922460070 128 1
922460070 20774 1
922460070 5882 0
922460070 11435 0
922460070 10586 1
922460070 14776 1
922460070 13806 1
922460070 9308 0
922460070 3045 1
922460070 16601 0
922460070 13094 0
922460070 3063 1
922460070 8881 1
922460070 9902 0
922460070 2062 0
922460070 5048 1
922460070 13801 1
922460070 5932 0
922460070 21326 0
922460070 17855 1
922460070 16652 1
922460070 11454 1
922460070 5645 1
922460070 9512 0
922460071 4648 1
922460071 123 1
922460071 6710 0
922460071 11363 1
922460071 16381 0
922460071 13661 1
922460071 3901 0
922460071 19 0
922460071 9061 1
922460071 15502 0
922460071 6555 1
922460071 7366 0
922460071 6311 1
922460071 10450 0
922460071 14765 0
922460071 2495 0
922460071 8424 0
922460071 5636 0
922460071 17855 0
922460071 17573 1
922460071 13202 1
922460071 6563 0
922460071 5422 0
922460071 5948 0
922460071 21308 0
922460071 4593 1
922460071 3212 1
922460071 4763 0
922460071 9237 1
922460071 8370 0
922460071 12717 1
922460071 16443 1
922460071 18737 0
922460071 6857 0
922460071 21447 1
922460071 13801 0
922460071 20774 0
922460071 20538 0
922460071 17962 0
922460071 4290 0
922460071 3104 0
922460071 14776 0
922460071 128 0
922460071 957 1
922460071 7788 1
922460071 13884 0
922460071 13359 0
922460071 8881 0
922460071 19783 1
922460071 21180 0
922460071 1975 1
922460071 1594 1
922460071 14514 1
922460071 5494 1
922460071 20618 1
922460071 8890 0
922460071 10832 1
922460071 3935 1
922460071 8109 1
922460071 8295 0
922460071 11009 0
922460071 4061 0
922460071 5969 1
922460071 18093 0
922460071 7888 0
922460071 3528 1
922460071 1308 0
922460071 4984 0
922460071 1115 1
922460071 5437 1
922460071 4672 1
922460071 8659 0
922460071 6660 0
922460071 1301 0
922460071 12598 1
922460071 8138 1
922460071 21024 0
922460071 304 0
922460071 14294 0
922460071 2164 1
922460071 2979 1
922460071 16528 1
922460071 3063 0
922460071 445 0
922460071 5814 1
922460071 3863 1
922460071 743 1
922460071 5937 1
922460071 11626 1
922460071 21380 1
922460071 6333 0
922460071 15877 1
922460071 1015 1
922460071 3214 0
922460071 3229 1
922460071 18847 1
922460071 16539 0
922460071 8722 1
922460071 6393 0
922460071 5144 0
