79108 4546 63609100
48953768 10082 1
62303576 61732 1
62613965 2914 1
63149668 68725 1
63336456 10082 0
63359497 38303 1
63416606 2914 0
63511928 5229 1
63588716 68725 0
63597321 65776 1
63601906 5229 0
63603938 39443 1
63604972 75491 1
63607167 75491 0
63609032 63583 1
63609049 61732 0
63609053 78438 1
63609054 69230 1
63609054 10099 1
63609054 65776 0
63609055 78438 0
63609055 38303 0
63609055 69230 0
63609055 50780 1
63609055 21185 1
63609055 39443 0
63609055 10099 0
63609055 63583 0
63609055 29023 1
63609055 45723 1
63609055 22118 1
63609055 47216 1
63609055 29648 1
63609055 3766 1
63609055 70652 1
63609055 52987 1
63609055 32900 1
63609055 43784 1
63609055 49053 1
63609055 34955 1
63609055 30290 1
63609055 75732 1
63609055 36788 1
63609055 1694 1
63609055 57619 1
63609055 31710 1
63609055 19329 1
63609055 77249 1
63609056 25381 1
63609056 30290 0
63609056 1597 1
63609056 40387 1
63609056 53761 1
63609056 26810 1
63609056 4871 1
63609056 75732 0
63609056 1205 1
63609056 45723 0
63609056 11392 1
63609056 68119 1
63609056 29023 0
63609056 23770 1
63609056 1023 1
63609056 33618 1
63609056 62942 1
63609056 7346 1
63609056 19329 0
63609056 32900 0
63609056 56392 1
63609056 75967 1
63609056 54603 1
63609056 28275 1
63609056 3766 0
63609056 43784 0
63609056 9515 1
63609056 77249 0
63609056 70652 0
63609056 21942 1
63609056 66141 1
63609056 21185 0
63609056 22118 0
63609056 61114 1
63609056 52677 1
63609056 31710 0
63609056 38217 1
63609056 32379 1
63609056 29648 0
63609056 36788 0
63609056 57619 0
63609056 47216 0
63609056 49053 0
63609056 52987 0
63609056 1694 0
63609056 20641 1
63609056 26578 1
63609056 34619 1
63609056 8967 1
63609056 16187 1
63609056 34955 0
63609056 54977 1
63609056 22105 1
63609056 72644 1
63609056 50780 0
63609056 75559 1
63609056 67823 1
63609056 34832 1
63609056 3501 1
63609056 20705 1
63609056 66094 1
63609056 41436 1
63609056 68725 1
63609056 70025 1
63609056 60714 1
63609056 4265 1
63609056 56658 1
63609056 65338 1
63609056 33501 1
63609056 40366 1
63609056 13771 1
63609056 44754 1
63609056 74631 1
63609056 25289 1
63609056 39116 1
63609056 36059 1
63609056 61967 1
63609056 1184 1
63609056 31963 1
63609056 19712 1
63609056 69414 1
63609056 20958 1
63609056 14549 1
63609056 41351 1
63609056 16343 1
63609056 41443 1
63609056 77188 1
63609056 50457 1
63609056 34256 1
63609056 14951 1
63609056 57448 1
63609056 54592 1
63609056 31722 1
63609056 13828 1
63609056 40497 1
63609056 56635 1
63609056 59272 1
63609056 39946 1
63609057 20619 1
63609057 32379 0
63609057 21939 1
63609057 41443 0
63609057 21610 1
63609057 67823 0
63609057 11671 1
63609057 50899 1
63609057 54389 1
63609057 33727 1
63609057 23770 0
63609057 78456 1
63609057 7346 0
63609057 32961 1
63609057 57046 1
63609057 56392 0
63609057 25381 0
63609057 43743 1
63609057 60535 1
63609057 33618 0
63609057 59272 0
63609057 16321 1
63609057 42194 1
63609057 9515 0
63609057 10200 1
63609057 48356 1
63609057 39116 0
63609057 20705 0
63609057 19712 0
63609057 77681 1
63609057 67263 1
63609057 22104 1
63609057 3501 0
63609057 3233 1
63609057 1205 0
63609057 25552 1
63609057 68119 0
63609057 67700 1
63609057 20958 0
63609057 54592 0
63609057 27542 1
63609057 61967 0
63609057 55601 1
63609057 430 1
63609057 23750 1
63609057 60714 0
63609057 14951 0
63609057 4265 0
63609057 70591 1
63609057 66141 0
63609057 1184 0
63609057 850 1
63609057 27895 1
63609057 41023 1
63609057 31963 0
63609057 44754 0
63609057 57448 0
63609057 52715 1
63609057 16752 1
63609057 41436 0
63609057 12000 1
63609057 40387 0
63609057 40366 0
63609057 45122 1
63609057 54977 0
63609057 74631 0
63609057 76777 1
63609057 13771 0
63609057 16343 0
63609057 25289 0
63609057 66094 0
63609057 61114 0
63609057 3097 1
63609057 8022 1
63609057 65338 0
63609057 50457 0
63609057 75559 0
63609057 57196 1
63609057 30725 1
63609057 53761 0
63609057 56635 0
63609057 246 1
63609057 50541 1
63609057 54603 0
63609057 40497 0
63609057 18601 1
63609057 24874 1
63609057 8731 1
63609057 38217 0
63609057 68725 0
63609057 31722 0
63609057 34254 1
63609057 22765 1
63609057 75967 0
63609057 53063 1
63609057 72014 1
63609057 65179 1
63609057 11392 0
63609057 26578 0
63609057 28578 1
63609058 56658 0
63609058 13280 1
63609058 3233 0
63609058 49923 1
63609058 32925 1
63609058 69414 0
63609058 1023 0
63609058 75404 1
63609058 34165 1
63609058 35747 1
63609058 52677 0
63609058 24831 1
63609058 42194 0
63609058 77188 0
63609058 55601 0
63609058 33743 1
63609058 12000 0
63609058 593 1
63609058 68662 1
63609058 4871 0
63609058 13828 0
63609058 10474 1
63609058 39946 0
63609058 65614 1
63609058 58597 1
63609058 8022 0
63609058 36059 0
63609058 75576 1
63609058 72644 0
63609058 38765 1
63609058 13892 1
63609058 20641 0
63609058 53348 1
63609058 53063 0
63609058 32961 0
63609058 59146 1
63609058 17320 1
63609058 16321 0
63609058 6643 1
63609058 31501 1
63609058 35268 1
63609058 14549 0
63609058 57945 1
63609058 42704 1
63609058 18100 1
63609058 25630 1
63609058 317 1
63609058 1597 0
63609058 16752 0
63609058 27173 1
63609058 22104 0
63609058 45122 0
63609058 65179 0
63609058 21899 1
63609058 430 0
63609058 28275 0
63609058 43317 1
63609058 850 0
63609058 24152 1
63609058 72536 1
63609058 30725 0
63609058 52715 0
63609058 9752 1
63609058 33501 0
63609058 31744 1
63609058 48385 1
63609058 21942 0
63609058 58543 1
63609058 4365 1
63609058 34256 0
63609058 67700 0
63609058 50541 0
63609058 30896 1
63609058 21939 0
63609058 4398 1
63609058 57046 0
63609058 33727 0
63609058 34056 1
63609058 54389 0
63609058 6261 1
63609058 35615 1
63609058 77681 0
63609058 78456 0
63609058 71119 1
63609058 8967 0
63609058 27895 0
63609058 32562 1
63609058 65242 1
63609058 16086 1
63609058 57196 0
63609058 24874 0
63609058 11671 0
63609058 12275 1
63609058 25552 0
63609058 54908 1
63609058 21610 0
63609058 3097 0
63609058 48356 0
63609058 4648 1
63609058 9516 1
63609059 32444 1
63609059 21899 0
63609059 49333 1
63609059 57945 0
63609059 24508 1
63609059 45812 1
63609059 24986 1
63609059 37218 1
63609059 6643 0
63609059 1466 1
63609059 22765 0
63609059 51560 1
63609059 41953 1
63609059 41023 0
63609059 20619 0
63609059 2229 1
63609059 51953 1
63609059 4365 0
63609059 34165 0
63609059 25486 1
63609059 76432 1
63609059 64253 1
63609059 593 0
63609059 8731 0
63609059 31311 1
63609059 13088 1
63609059 48176 1
63609059 32562 0
63609059 69494 1
63609059 23750 0
63609059 22285 1
63609059 10262 1
63609059 44292 1
63609059 62942 0
63609059 17320 0
63609059 32287 1
63609059 70501 1
63609059 38765 0
63609059 7749 1
63609059 15665 1
63609059 54706 1
63609059 25884 1
63609059 21600 1
63609059 34056 0
63609059 13280 0
63609059 16086 0
63609059 16039 1
63609059 68059 1
63609059 24152 0
63609059 56415 1
63609059 71047 1
63609059 35747 0
63609059 56605 1
63609059 34619 0
63609059 52617 1
63609059 4657 1
63609059 949 1
63609059 38710 1
63609059 37279 1
63609059 42833 1
63609059 75404 0
63609059 31957 1
63609059 12426 1
63609059 41943 1
63609059 26810 0
63609059 40136 1
63609059 30896 0
63609059 35268 0
63609059 6261 0
63609059 13892 0
63609059 48461 1
63609059 68662 0
63609059 64565 1
63609059 44333 1
63609059 43317 0
63609059 73870 1
63609059 317 0
63609059 63164 1
63609059 61239 1
63609059 71119 0
63609059 49100 1
63609059 42704 0
63609059 58597 0
63609059 70591 0
63609059 65368 1
63609059 22113 1
63609059 41536 1
63609059 25630 0
63609059 48385 0
63609059 67389 1
63609059 70025 0
63609059 13196 1
63609059 44247 1
63609059 77074 1
63609059 54908 0
63609059 21270 1
63609059 18100 0
63609059 4648 0
63609059 18601 0
63609059 43743 0
63609059 8755 1
63609060 58543 0
63609060 41536 0
63609060 69494 0
63609060 56605 0
63609060 42110 1
63609060 10872 1
63609060 21270 0
63609060 50899 0
63609060 59663 1
63609060 21600 0
63609060 13196 0
63609060 34254 0
63609060 49333 0
63609060 65368 0
63609060 34832 0
63609060 15665 0
63609060 35615 0
63609060 70392 1
63609060 246 0
63609060 41953 0
63609060 55693 1
63609060 71690 1
63609060 48461 0
63609060 27173 0
63609060 56985 1
63609060 44333 0
63609060 66227 1
63609060 56415 0
63609060 14587 1
63609060 2229 0
63609060 58314 1
63609060 28578 0
63609060 1466 0
63609060 37218 0
63609060 949 0
63609060 77489 1
63609060 1227 1
63609060 12275 0
63609060 60641 1
63609060 29694 1
63609060 25884 0
63609060 62762 1
63609060 76777 0
63609060 24986 0
63609060 52322 1
63609060 9358 1
63609060 53348 0
63609060 31744 0
63609060 36842 1
63609060 45812 0
63609060 12171 1
63609060 7749 0
63609060 42868 1
63609060 22105 0
63609060 45583 1
63609060 53001 1
63609060 38710 0
63609060 57088 1
63609060 51560 0
63609060 67263 0
63609060 67389 0
63609060 32287 0
63609060 50239 1
63609060 47346 1
63609060 40136 0
63609060 77074 0
63609060 69624 1
63609060 67413 1
63609060 31799 1
63609060 11883 1
63609060 9752 0
63609060 46528 1
63609060 33657 1
63609060 10896 1
63609060 8755 0
63609060 48176 0
63609060 61239 0
63609060 60535 0
63609060 71047 0
63609060 9516 0
63609060 63164 0
63609060 75576 0
63609060 64565 0
63609060 51953 0
63609060 41390 1
63609060 35383 1
63609060 70409 1
63609060 65614 0
63609060 44292 0
63609060 14206 1
63609060 12426 0
63609060 41351 0
63609060 10200 0
63609060 24831 0
63609060 36661 1
63609060 14445 1
63609060 9838 1
63609060 13772 1
63609060 3903 1
63609060 78118 1
63609060 10474 0
63609060 59146 0
63609061 21834 1
63609061 53045 1
63609061 64702 1
63609061 78118 0
63609061 66227 0
63609061 42833 0
63609061 54706 0
63609061 29694 0
63609061 4398 0
63609061 52617 0
63609061 76290 1
63609061 36661 0
63609061 44247 0
63609061 11883 0
63609061 11820 1
63609061 76553 1
63609061 73870 0
63609061 45583 0
63609061 58314 0
63609061 50572 1
63609061 70501 0
63609061 43964 1
63609061 4657 0
63609061 36842 0
63609061 14445 0
63609061 46591 1
63609061 36098 1
63609061 49128 1
63609061 10262 0
63609061 34903 1
63609061 33657 0
63609061 23725 1
63609061 10896 0
63609061 50314 1
63609061 35383 0
63609061 9358 0
63609061 31960 1
63609061 25486 0
63609061 74864 1
63609061 55667 1
63609061 42110 0
63609061 32444 0
63609061 32925 0
63609061 73606 1
63609061 56908 1
63609061 27022 1
63609061 2936 1
63609061 66738 1
63609061 16039 0
63609061 49100 0
63609061 53001 0
63609061 41390 0
63609061 38529 1
63609061 49923 0
63609061 27542 0
63609061 41943 0
63609061 64253 0
63609061 24353 1
63609061 69110 1
63609061 50239 0
63609061 1491 1
63609061 74690 1
63609061 68823 1
63609061 73471 1
63609061 65242 0
63609061 12868 1
63609061 14206 0
63609061 31957 0
63609061 72536 0
63609061 27099 1
63609061 12264 1
63609061 49693 1
63609061 13772 0
63609061 9838 0
63609061 70409 0
63609061 52322 0
63609061 21788 1
63609061 1227 0
63609061 57088 0
63609061 75434 1
63609061 72014 0
63609061 77489 0
63609061 56985 0
63609061 24508 0
63609061 77912 1
63609061 46528 0
63609061 69624 0
63609061 18527 1
63609061 13088 0
63609061 26111 1
63609061 10410 1
63609061 43437 1
63609061 28969 1
63609061 60641 0
63609061 62762 0
63609061 47346 0
63609061 51618 1
63609062 21834 0
63609062 51618 0
63609062 26444 1
63609062 14828 1
63609062 31311 0
63609062 26111 0
63609062 24267 1
63609062 27308 1
63609062 77912 0
63609062 43437 0
63609062 42868 0
63609062 23725 0
63609062 26954 1
63609062 69110 0
63609062 56356 1
63609062 44433 1
63609062 64702 0
63609062 27099 0
63609062 33743 0
63609062 71690 0
63609062 534 1
63609062 18119 1
63609062 40672 1
63609062 37279 0
63609062 18527 0
63609062 4368 1
63609062 22563 1
63609062 31960 0
63609062 16187 0
63609062 38529 0
63609062 46239 1
63609062 50572 0
63609062 56322 1
63609062 59663 0
63609062 37452 1
63609062 31799 0
63609062 52809 1
63609062 17093 1
63609062 50416 1
63609062 71254 1
63609062 11820 0
63609062 28969 0
63609062 49693 0
63609062 23657 1
63609062 34903 0
63609062 70392 0
63609062 43964 0
63609062 8962 1
63609062 47681 1
63609062 49128 0
63609062 42485 1
63609062 11135 1
63609062 69365 1
63609062 21788 0
63609062 76432 0
63609062 55667 0
63609062 5045 1
63609062 73150 1
63609062 73471 0
63609062 3903 0
63609062 27022 0
63609062 62734 1
63609062 24353 0
63609062 29414 1
63609062 77950 1
63609062 78872 1
63609062 34382 1
63609062 20879 1
63609062 36098 0
63609062 44569 1
63609062 70980 1
63609062 57253 1
63609062 3248 1
63609062 31140 1
63609062 1491 0
63609062 42432 1
63609062 42643 1
63609062 19915 1
63609062 20876 1
63609062 50314 0
63609062 62995 1
63609062 46591 0
63609062 39874 1
63609062 22113 0
63609062 73606 0
63609062 46626 1
63609062 62514 1
63609062 22285 0
63609062 39786 1
63609062 23782 1
63609062 74690 0
63609062 76553 0
63609062 8143 1
63609062 57364 1
63609062 39181 1
63609062 74864 0
63609062 56908 0
63609062 14587 0
63609062 18586 1
63609062 53045 0
63609063 3248 0
63609063 18586 0
63609063 8140 1
63609063 66738 0
63609063 75046 1
63609063 65711 1
63609063 49870 1
63609063 42485 0
63609063 50416 0
63609063 32819 1
63609063 8143 0
63609063 5145 1
63609063 25705 1
63609063 14359 1
63609063 47681 0
63609063 42819 1
63609063 39761 1
63609063 37452 0
63609063 48458 1
63609063 27308 0
63609063 59739 1
63609063 29609 1
63609063 23782 0
63609063 12612 1
63609063 68094 1
63609063 4620 1
63609063 42432 0
63609063 67341 1
63609063 23657 0
63609063 26444 0
63609063 57140 1
63609063 38232 1
63609063 23160 1
63609063 8644 1
63609063 55463 1
63609063 46239 0
63609063 26201 1
63609063 68823 0
63609063 11544 1
63609063 41319 1
63609063 45359 1
63609063 22563 0
63609063 59377 1
63609063 70967 1
63609063 31501 0
63609063 63846 1
63609063 72580 1
63609063 57253 0
63609063 28206 1
63609063 12171 0
63609063 70980 0
63609063 77950 0
63609063 55693 0
63609063 17093 0
63609063 41114 1
63609063 78391 1
63609063 44433 0
63609063 26954 0
63609063 49753 1
63609063 69365 0
63609063 40656 1
63609063 39874 0
63609063 40672 0
63609063 49737 1
63609063 31140 0
63609063 58254 1
63609063 37769 1
63609063 17098 1
63609063 4368 0
63609063 15075 1
63609063 45708 1
63609063 2936 0
63609063 17279 1
63609063 11278 1
63609063 26243 1
63609063 18119 0
63609063 73150 0
63609063 68059 0
63609063 11135 0
63609063 72969 1
63609063 39786 0
63609063 42643 0
63609063 16244 1
63609063 54712 1
63609063 22640 1
63609063 20876 0
63609063 34254 1
63609063 52809 0
63609063 67413 0
63609063 44569 0
63609063 20879 0
63609063 29911 1
63609063 71254 0
63609063 75882 1
63609063 79004 1
63609063 75434 0
63609063 57364 0
63609063 12868 0
63609063 5045 0
63609063 534 0
63609064 32819 0
63609064 22090 1
63609064 77207 1
63609064 55448 1
63609064 29911 0
63609064 68631 1
63609064 43740 1
63609064 17279 0
63609064 60645 1
63609064 33249 1
63609064 32471 1
63609064 11544 0
63609064 65548 1
63609064 29414 0
63609064 49737 0
63609064 13323 1
63609064 75882 0
63609064 45359 0
63609064 62734 0
63609064 40179 1
63609064 49753 0
63609064 56322 0
63609064 68094 0
63609064 25114 1
63609064 76290 0
63609064 78872 0
63609064 8644 0
63609064 14359 0
63609064 38409 1
63609064 45708 0
63609064 6535 1
63609064 15075 0
63609064 39613 1
63609064 12264 0
63609064 34079 1
63609064 23160 0
63609064 10872 0
63609064 72969 0
63609064 28412 1
63609064 54712 0
63609064 79004 0
63609064 64110 1
63609064 75046 0
63609064 41114 0
63609064 62655 1
63609064 70967 0
63609064 68251 1
63609064 56356 0
63609064 29481 1
63609064 58368 1
63609064 24583 1
63609064 19915 0
63609064 28027 1
63609064 59377 0
63609064 67064 1
63609064 40656 0
63609064 8914 1
63609064 72724 1
63609064 69787 1
63609064 62514 0
63609064 8596 1
63609064 73053 1
63609064 78391 0
63609064 2056 1
63609064 22307 1
63609064 65711 0
63609064 16244 0
63609064 78037 1
63609064 14828 0
63609064 37769 0
63609064 59273 1
63609064 78381 1
63609064 26201 0
63609064 12612 0
63609064 60273 1
63609064 56149 1
63609064 39761 0
63609064 11030 1
63609064 75502 1
63609064 38198 1
63609064 9680 1
63609064 47159 1
63609064 11055 1
63609064 11278 0
63609064 4620 0
63609064 10410 0
63609064 38232 0
63609064 73027 1
63609064 40686 1
63609064 63846 0
63609064 64963 1
63609064 36929 1
63609064 10000 1
63609064 48458 0
63609064 35882 1
63609064 52007 1
63609064 66872 1
63609064 26243 0
63609064 76845 1
63609064 41319 0
63609065 22801 1
63609065 22106 1
63609065 2056 0
63609065 33638 1
63609065 74631 1
63609065 24797 1
63609065 40686 0
63609065 25705 0
63609065 58254 0
63609065 64963 0
63609065 30778 1
63609065 59866 1
63609065 69978 1
63609065 73027 0
63609065 59739 0
63609065 78381 0
63609065 24932 1
63609065 15995 1
63609065 69686 1
63609065 66657 1
63609065 75516 1
63609065 73053 0
63609065 57767 1
63609065 54808 1
63609065 35882 0
63609065 28027 0
63609065 41446 1
63609065 55096 1
63609065 76845 0
63609065 47024 1
63609065 4842 1
63609065 49870 0
63609065 12805 1
63609065 29609 0
63609065 73146 1
63609065 28412 0
63609065 16238 1
63609065 22640 0
63609065 65548 0
63609065 75502 0
63609065 46700 1
63609065 2688 1
63609065 72715 1
63609065 62655 0
63609065 12965 1
63609065 57140 0
63609065 66872 0
63609065 35476 1
63609065 8914 0
63609065 8140 0
63609065 67341 0
63609065 32471 0
63609065 34382 0
63609065 6535 0
63609065 49888 1
63609065 60273 0
63609065 40179 0
63609065 39453 1
63609065 52007 0
63609065 57452 1
63609065 59273 0
63609065 1933 1
63609065 9680 0
63609065 8083 1
63609065 11030 0
63609065 67064 0
63609065 33249 0
63609065 71722 1
63609065 75691 1
63609065 38817 1
63609065 37618 1
63609065 33811 1
63609065 24583 0
63609065 58368 0
63609065 6257 1
63609065 25087 1
63609065 39613 0
63609065 34254 0
63609065 36929 0
63609065 43740 0
63609065 62995 0
63609065 68631 0
63609065 1271 1
63609065 72580 0
63609065 10000 0
63609065 72724 0
63609065 56388 1
63609065 10819 1
63609065 45529 1
63609065 39181 0
63609065 59011 1
63609065 9310 1
63609065 8962 0
63609065 29481 0
63609065 42819 0
63609065 17797 1
63609065 24407 1
63609065 69787 0
63609065 19621 1
63609065 36830 1
63609065 34705 1
63609066 56388 0
63609066 45529 0
63609066 5660 1
63609066 4842 0
63609066 1933 0
63609066 69376 1
63609066 22307 0
63609066 64110 0
63609066 25348 1
63609066 46700 0
63609066 1271 0
63609066 75375 1
63609066 24797 0
63609066 55096 0
63609066 70956 1
63609066 56149 0
63609066 28206 0
63609066 52897 1
63609066 11260 1
63609066 69686 0
63609066 50543 1
63609066 55313 1
63609066 7154 1
63609066 29378 1
63609066 23737 1
63609066 73082 1
63609066 59428 1
63609066 69473 1
63609066 5145 0
63609066 28340 1
63609066 24932 0
63609066 19502 1
63609066 58597 1
63609066 75691 0
63609066 59866 0
63609066 49501 1
63609066 59011 0
63609066 32893 1
63609066 50778 1
63609066 9135 1
63609066 44139 1
63609066 41446 0
63609066 8596 0
63609066 37618 0
63609066 38825 1
63609066 71239 1
63609066 68251 0
63609066 8083 0
63609066 26656 1
63609066 64584 1
63609066 57767 0
63609066 77207 0
63609066 24407 0
63609066 22106 0
63609066 71138 1
63609066 69161 1
63609066 6896 1
63609066 66657 0
63609066 10819 0
63609066 36830 0
63609066 78037 0
63609066 53059 1
63609066 17098 0
63609066 16959 1
63609066 72715 0
63609066 41019 1
63609066 71265 1
63609066 71722 0
63609066 6257 0
63609066 64585 1
63609066 22369 1
63609066 54808 0
63609066 29192 1
63609066 47159 0
63609066 2688 0
63609066 75516 0
63609066 69978 0
63609066 52872 1
63609066 57452 0
63609066 12965 0
63609066 61640 1
63609066 19367 1
63609066 30778 0
63609066 70532 1
63609066 15068 1
63609066 15995 0
63609066 77436 1
63609066 34079 0
63609066 22801 0
63609066 33638 0
63609066 35476 0
63609066 72769 1
63609066 57338 1
63609066 56982 1
63609066 19621 0
63609066 21575 1
63609066 38409 0
63609066 3332 1
63609066 76360 1
63609066 78004 1
63609066 33811 0
63609067 71138 0
63609067 68665 1
63609067 38198 0
63609067 58597 0
63609067 19502 0
63609067 25348 0
63609067 58248 1
63609067 67816 1
63609067 70956 0
63609067 77135 1
63609067 7154 0
63609067 1797 1
63609067 77436 0
63609067 41019 0
63609067 64787 1
63609067 16959 0
63609067 15068 0
63609067 32893 0
63609067 61640 0
63609067 21575 0
63609067 78429 1
63609067 19367 0
63609067 69376 0
63609067 54960 1
63609067 55459 1
63609067 13417 1
63609067 8862 1
63609067 59213 1
63609067 71265 0
63609067 9670 1
63609067 69161 0
63609067 42707 1
63609067 46626 0
63609067 25087 0
63609067 25449 1
63609067 52897 0
63609067 11260 0
63609067 9353 1
63609067 12694 1
63609067 27054 1
63609067 78853 1
63609067 38825 0
63609067 55463 0
63609067 5660 0
63609067 71239 0
63609067 33473 1
63609067 15728 1
63609067 63189 1
63609067 24267 0
63609067 19897 1
63609067 6896 0
63609067 74631 0
63609067 47024 0
63609067 54454 1
63609067 8877 1
63609067 59332 1
63609067 22369 0
63609067 52478 1
63609067 11055 0
63609067 58746 1
63609067 21042 1
63609067 63221 1
63609067 69553 1
63609067 50543 0
63609067 45355 1
63609067 76802 1
63609067 54831 1
63609067 6052 1
63609067 50675 1
63609067 57338 0
63609067 35722 1
63609067 25114 0
63609067 64584 0
63609067 55448 0
63609067 49888 0
63609067 16238 0
63609067 11329 1
63609067 5377 1
63609067 56982 0
63609067 7985 1
63609067 22090 0
63609067 55313 0
63609067 52801 1
63609067 65660 1
63609067 29667 1
63609067 39826 1
63609067 29431 1
63609067 38817 0
63609067 19090 1
63609067 29192 0
63609067 68224 1
63609067 51564 1
63609067 31814 1
63609067 18026 1
63609067 76360 0
63609067 67384 1
63609067 44139 0
63609067 10266 1
63609068 65276 1
63609068 54960 0
63609068 8862 0
63609068 52956 1
63609068 75520 1
63609068 67384 0
63609068 45636 1
63609068 18145 1
63609068 40644 1
63609068 77277 1
63609068 50675 0
63609068 69794 1
63609068 51564 0
63609068 42707 0
63609068 25449 0
63609068 53014 1
63609068 58746 0
63609068 63261 1
63609068 13417 0
63609068 78004 0
63609068 11510 1
63609068 33473 0
63609068 75375 0
63609068 41501 1
63609068 59213 0
63609068 63221 0
63609068 71034 1
63609068 60645 0
63609068 54603 1
63609068 10266 0
63609068 35722 0
63609068 50087 1
63609068 23737 0
63609068 42017 1
63609068 54466 1
63609068 31814 0
63609068 21432 1
63609068 76802 0
63609068 70532 0
63609068 21297 1
63609068 76127 1
63609068 9135 0
63609068 26656 0
63609068 33695 1
63609068 46194 1
63609068 14952 1
63609068 77135 0
63609068 34592 1
63609068 56731 1
63609068 64585 0
63609068 70186 1
63609068 55459 0
63609068 33537 1
63609068 56494 1
63609068 990 1
63609068 78682 1
63609068 25357 1
63609068 21042 0
63609068 27853 1
63609068 68665 0
63609068 6642 1
63609068 78853 0
63609068 49190 1
63609068 71265 1
63609068 69473 0
63609068 34705 0
63609068 15728 0
63609068 29431 0
63609068 25411 1
63609068 27737 1
63609068 10441 1
63609068 39453 0
63609068 68224 0
63609068 19090 0
63609068 55223 1
63609068 37923 1
63609068 13323 0
63609068 54831 0
63609068 69553 0
63609068 7985 0
63609068 29378 0
63609068 16932 1
63609068 73146 0
63609068 73082 0
63609068 75347 1
63609068 18026 0
63609068 50498 1
63609068 1797 0
63609068 27226 1
63609068 52872 0
63609068 76021 1
63609068 64787 0
63609068 45355 0
63609068 65660 0
63609068 39826 0
63609068 67816 0
63609068 63607 1
63609068 58910 1
63609068 52801 0
63609068 63189 0
63609069 19292 1
63609069 44543 1
63609069 72769 0
63609069 73151 1
63609069 43321 1
63609069 75400 1
63609069 13289 1
63609069 54466 0
63609069 12694 0
63609069 32053 1
63609069 49189 1
63609069 12140 1
63609069 63261 0
63609069 11149 1
63609069 77903 1
63609069 66111 1
63609069 50498 0
63609069 67412 1
63609069 44678 1
63609069 41501 0
63609069 19897 0
63609069 9353 0
63609069 16932 0
63609069 22811 1
63609069 49205 1
63609069 49501 0
63609069 32569 1
63609069 76021 0
63609069 11329 0
63609069 6642 0
63609069 59332 0
63609069 54454 0
63609069 9645 1
63609069 35985 1
63609069 27054 0
63609069 19448 1
63609069 30825 1
63609069 38603 1
63609069 28111 1
63609069 41378 1
63609069 40035 1
63609069 52956 0
63609069 28340 0
63609069 60271 1
63609069 42845 1
63609069 78682 0
63609069 26760 1
63609069 8821 1
63609069 2645 1
63609069 11510 0
63609069 48563 1
63609069 77277 0
63609069 31947 1
63609069 75347 0
63609069 5377 0
63609069 26254 1
63609069 58248 0
63609069 10441 0
63609069 14952 0
63609069 65824 1
63609069 33537 0
63609069 10338 1
63609069 76127 0
63609069 50087 0
63609069 53059 0
63609069 65375 1
63609069 36437 1
63609069 78429 0
63609069 8877 0
63609069 9814 1
63609069 6052 0
63609069 27737 0
63609069 23512 1
63609069 66636 1
63609069 20528 1
63609069 27226 0
63609069 990 0
63609069 2023 1
63609069 69794 0
63609069 32747 1
63609069 52860 1
63609069 75015 1
63609069 42765 1
63609069 51387 1
63609069 46664 1
63609069 21297 0
63609069 42017 0
63609069 46194 0
63609069 64364 1
63609069 48408 1
63609069 54603 0
63609069 63607 0
63609069 9802 1
63609069 3023 1
63609069 21432 0
63609069 55523 1
63609069 34592 0
63609069 19294 1
63609069 56731 0
63609069 69687 1
63609069 5843 1
63609069 23979 1
63609070 25411 0
63609070 6837 1
63609070 50146 1
63609070 70186 0
63609070 73151 0
63609070 65824 0
63609070 41833 1
63609070 59428 0
63609070 48408 0
63609070 66456 1
63609070 12052 1
63609070 52860 0
63609070 50778 0
63609070 6125 1
63609070 53014 0
63609070 75400 0
63609070 71265 0
63609070 12805 0
63609070 3332 0
63609070 9961 1
63609070 23979 0
63609070 66111 0
63609070 78709 1
63609070 11149 0
63609070 53250 1
63609070 12210 1
63609070 66636 0
63609070 13289 0
63609070 16369 1
63609070 21447 1
63609070 32569 0
63609070 65375 0
63609070 74849 1
63609070 13010 1
63609070 5843 0
63609070 28111 0
63609070 45636 0
63609070 51387 0
63609070 67412 0
63609070 22386 1
63609070 9802 0
63609070 59420 1
63609070 25357 0
63609070 65330 1
63609070 41578 1
63609070 40035 0
63609070 23512 0
63609070 64364 0
63609070 40636 1
63609070 44543 0
63609070 18812 1
63609070 67159 1
63609070 65276 0
63609070 3244 1
63609070 12896 1
63609070 17913 1
63609070 13795 1
63609070 27465 1
63609070 68510 1
63609070 70258 1
63609070 58910 0
63609070 8821 0
63609070 64308 1
63609070 7751 1
63609070 56494 0
63609070 337 1
63609070 38603 0
63609070 20273 1
63609070 20226 1
63609070 4314 1
63609070 4905 1
63609070 12000 1
63609070 5328 1
63609070 32657 1
63609070 46254 1
63609070 42862 1
63609070 2645 0
63609070 55301 1
63609070 41378 0
63609070 45828 1
63609070 30825 0
63609070 67663 1
63609070 9310 0
63609070 9814 0
63609070 26254 0
63609070 9670 0
63609070 71034 0
63609070 27540 1
63609070 54787 1
63609070 17797 0
63609070 3047 1
63609070 35985 0
63609070 10027 1
63609070 49189 0
63609070 48563 0
63609070 33421 1
63609070 29667 0
63609070 55223 0
63609070 68605 1
63609071 32657 0
63609071 22811 0
63609071 28995 1
63609071 67663 0
63609071 14743 1
63609071 27235 1
63609071 46861 1
63609071 19294 0
63609071 3023 0
63609071 72341 1
63609071 75678 1
63609071 61285 1
63609071 60580 1
63609071 21447 0
63609071 60271 0
63609071 52478 0
63609071 42862 0
63609071 16369 0
63609071 52517 1
63609071 69687 0
63609071 41578 0
63609071 337 0
63609071 75520 0
63609071 68605 0
63609071 50428 1
63609071 4905 0
63609071 3104 1
63609071 76936 1
63609071 37095 1
63609071 8155 1
63609071 16693 1
63609071 19292 0
63609071 8563 1
63609071 50146 0
63609071 5328 0
63609071 28173 1
63609071 22150 1
63609071 30625 1
63609071 36854 1
63609071 77903 0
63609071 13436 1
63609071 62050 1
63609071 6837 0
63609071 52924 1
63609071 2023 0
63609071 68510 0
63609071 60489 1
63609071 2584 1
63609071 10873 1
63609071 17913 0
63609071 64308 0
63609071 44175 1
63609071 12140 0
63609071 3244 0
63609071 1962 1
63609071 22627 1
63609071 19448 0
63609071 30897 1
63609071 43321 0
63609071 12210 0
63609071 9645 0
63609071 50652 1
63609071 35515 1
63609071 6125 0
63609071 27540 0
63609071 33330 1
63609071 10027 0
63609071 28983 1
63609071 48140 1
63609071 50895 1
63609071 65330 0
63609071 59986 1
63609071 20748 1
63609071 37795 1
63609071 74849 0
63609071 20273 0
63609071 47972 1
63609071 24993 1
63609071 12052 0
63609071 78070 1
63609071 53250 0
63609071 46254 0
63609071 20528 0
63609071 32747 0
63609071 30028 1
63609071 55133 1
63609071 49190 0
63609071 12896 0
63609071 15451 1
63609071 13568 1
63609071 49205 0
63609071 55523 0
63609071 3464 1
63609071 71049 1
63609071 44980 1
63609071 20102 1
63609071 66778 1
63609071 44209 1
63609071 4314 0
63609072 40636 0
63609072 40644 0
63609072 61697 1
63609072 50652 0
63609072 21197 1
63609072 15451 0
63609072 14190 1
63609072 37795 0
63609072 3031 1
63609072 11009 1
63609072 27139 1
63609072 8155 0
63609072 61322 1
63609072 61285 0
63609072 73834 1
63609072 55133 0
63609072 47972 0
63609072 26760 0
63609072 60489 0
63609072 20748 0
63609072 32049 1
63609072 1962 0
63609072 2584 0
63609072 71531 1
63609072 19503 1
63609072 75678 0
63609072 30897 0
63609072 44931 1
63609072 32365 1
63609072 48140 0
63609072 4242 1
63609072 43393 1
63609072 65625 1
63609072 24099 1
63609072 56235 1
63609072 48210 1
63609072 57768 1
63609072 52924 0
63609072 67967 1
63609072 65102 1
63609072 22386 0
63609072 44209 0
63609072 54455 1
63609072 30838 1
63609072 33421 0
63609072 18528 1
63609072 73427 1
63609072 52582 1
63609072 1265 1
63609072 14743 0
63609072 52517 0
63609072 13302 1
63609072 41833 0
63609072 59420 0
63609072 25635 1
63609072 32053 0
63609072 19575 1
63609072 53157 1
63609072 22627 0
63609072 44175 0
63609072 61118 1
63609072 46295 1
63609072 56893 1
63609072 75015 0
63609072 46664 0
63609072 22150 0
63609072 33732 1
63609072 10873 0
63609072 13795 0
63609072 9961 0
63609072 76936 0
63609072 5904 1
63609072 28983 0
63609072 63481 1
63609072 42845 0
63609072 78709 0
63609072 44980 0
63609072 35682 1
63609072 10338 0
63609072 78248 1
63609072 38130 1
63609072 52808 1
63609072 8206 1
63609072 27262 1
63609072 70502 1
63609072 1173 1
63609072 13436 0
63609072 55301 0
63609072 6169 1
63609072 15439 1
63609072 37923 0
63609072 16693 0
63609072 18554 1
63609072 13394 1
63609072 41818 1
63609072 76645 1
63609072 20226 0
63609072 60910 1
63609072 7782 1
63609072 3047 0
63609072 13010 0
63609072 14377 1
63609072 5443 1
63609072 7751 0
63609073 28173 0
63609073 45810 1
63609073 63481 0
63609073 48210 0
63609073 32365 0
63609073 11099 1
63609073 39143 1
63609073 30838 0
63609073 45693 1
63609073 27139 0
63609073 51136 1
63609073 25313 1
63609073 4242 0
63609073 30874 1
63609073 62037 1
63609073 45337 1
63609073 12000 0
63609073 14363 1
63609073 27465 0
63609073 27837 1
63609073 66456 0
63609073 70502 0
63609073 36011 1
63609073 27262 0
63609073 19503 0
63609073 69325 1
63609073 1173 0
63609073 53963 1
63609073 52099 1
63609073 24351 1
63609073 6169 0
63609073 22989 1
63609073 22201 1
63609073 30605 1
63609073 71531 0
63609073 31626 1
63609073 8206 0
63609073 36854 0
63609073 57920 1
63609073 37095 0
63609073 30625 0
63609073 3104 0
63609073 45828 0
63609073 44931 0
63609073 30628 1
63609073 32049 0
63609073 52582 0
63609073 49675 1
63609073 72341 0
63609073 41818 0
63609073 14055 1
63609073 46295 0
63609073 51427 1
63609073 30028 0
63609073 73427 0
63609073 54175 1
63609073 27235 0
63609073 9419 1
63609073 74923 1
63609073 62913 1
63609073 3031 0
63609073 12445 1
63609073 3306 1
63609073 74434 1
63609073 52583 1
63609073 54455 0
63609073 10807 1
63609073 78070 0
63609073 25635 0
63609073 7782 0
63609073 57341 1
63609073 18812 0
63609073 48000 1
63609073 38130 0
63609073 18029 1
63609073 67967 0
63609073 46059 1
63609073 16206 1
63609073 51879 1
63609073 61118 0
63609073 33695 0
63609073 8563 0
63609073 31253 1
63609073 33447 1
63609073 57528 1
63609073 67159 0
63609073 13394 0
63609073 48179 1
63609073 56235 0
63609073 18318 1
63609073 31947 0
63609073 21462 1
63609073 23999 1
63609073 23014 1
63609073 72108 1
63609073 20102 0
63609073 43560 1
63609073 23618 1
63609074 22201 0
63609074 28813 1
63609074 14055 0
63609074 50895 0
63609074 24553 1
63609074 55075 1
63609074 23618 0
63609074 71049 0
63609074 46402 1
63609074 14382 1
63609074 65625 0
63609074 66203 1
63609074 10807 0
63609074 33447 0
63609074 31424 1
63609074 18520 1
63609074 51136 0
63609074 53200 1
63609074 70258 0
63609074 60910 0
63609074 2269 1
63609074 14411 1
63609074 72108 0
63609074 3464 0
63609074 1706 1
63609074 73784 1
63609074 3306 0
63609074 71047 1
63609074 76645 0
63609074 21945 1
63609074 5904 0
63609074 45688 1
63609074 1265 0
63609074 22309 1
63609074 74923 0
63609074 53157 0
63609074 27853 0
63609074 48000 0
63609074 47403 1
63609074 45337 0
63609074 45810 0
63609074 13302 0
63609074 20246 1
63609074 52099 0
63609074 56876 1
63609074 30753 1
63609074 52583 0
63609074 27837 0
63609074 73538 1
63609074 30628 0
63609074 9411 1
63609074 39143 0
63609074 33732 0
63609074 78337 1
63609074 49265 1
63609074 61678 1
63609074 62913 0
63609074 1751 1
63609074 66778 0
63609074 9929 1
63609074 4990 1
63609074 54175 0
63609074 66151 1
63609074 65102 0
63609074 34945 1
63609074 22346 1
63609074 21462 0
63609074 14363 0
63609074 18145 0
63609074 32966 1
63609074 49975 1
63609074 14190 0
63609074 44678 0
63609074 74316 1
63609074 35682 0
63609074 24993 0
63609074 44734 1
63609074 14377 0
63609074 49675 0
63609074 19420 1
63609074 28995 0
63609074 23226 1
63609074 36011 0
63609074 47096 1
63609074 24351 0
63609074 33330 0
63609074 30659 1
63609074 37588 1
63609074 13304 1
63609074 51427 0
63609074 3497 1
63609074 18029 0
63609074 57023 1
63609074 72163 1
63609074 23999 0
63609074 31825 1
63609074 57920 0
63609074 7544 1
63609074 35834 1
63609074 43560 0
63609075 24696 1
63609075 73834 0
63609075 31270 1
63609075 58320 1
63609075 15624 1
63609075 11980 1
63609075 60580 0
63609075 14382 0
63609075 52808 0
63609075 78248 0
63609075 21945 0
63609075 47096 0
63609075 19575 0
63609075 39973 1
63609075 76354 1
63609075 50428 0
63609075 6160 1
63609075 12445 0
63609075 57528 0
63609075 2998 1
63609075 62602 1
63609075 10332 1
63609075 32966 0
63609075 72163 0
63609075 61511 1
63609075 11009 0
63609075 41507 1
63609075 61697 0
63609075 50322 1
63609075 35515 0
63609075 22989 0
63609075 31424 0
63609075 31825 0
63609075 62037 0
63609075 22357 1
63609075 49265 0
63609075 59986 0
63609075 61244 1
63609075 3497 0
63609075 55968 1
63609075 35834 0
63609075 49975 0
63609075 22442 1
63609075 43393 0
63609075 9419 0
63609075 77996 1
63609075 2259 1
63609075 61322 0
63609075 30605 0
63609075 53200 0
63609075 51879 0
63609075 24099 0
63609075 9285 1
63609075 15842 1
63609075 31044 1
63609075 21207 1
63609075 53963 0
63609075 17022 1
63609075 12825 1
63609075 17242 1
63609075 31626 0
63609075 74316 0
63609075 66151 0
63609075 46861 0
63609075 76887 1
63609075 71675 1
63609075 5443 0
63609075 21594 1
63609075 51010 1
63609075 52757 1
63609075 1706 0
63609075 1324 1
63609075 62235 1
63609075 35994 1
63609075 67317 1
63609075 44734 0
63609075 21197 0
63609075 31752 1
63609075 45688 0
63609075 79104 1
63609075 75967 1
63609075 51003 1
63609075 184 1
63609075 66203 0
63609075 18318 0
63609075 30659 0
63609075 46402 0
63609075 28627 1
63609075 11928 1
63609075 78337 0
63609075 19187 1
63609075 4521 1
63609075 57748 1
63609075 79086 1
63609075 16206 0
63609075 35030 1
63609075 32419 1
63609075 23014 0
63609076 11099 0
63609076 14633 1
63609076 24696 0
63609076 31253 0
63609076 28531 1
63609076 19977 1
63609076 23226 0
63609076 12499 1
63609076 78101 1
63609076 45693 0
63609076 70538 1
63609076 59009 1
63609076 13994 1
63609076 13304 0
63609076 34420 1
63609076 68148 1
63609076 21207 0
63609076 45010 1
63609076 12825 0
63609076 31821 1
63609076 56893 0
63609076 75798 1
63609076 57341 0
63609076 50322 0
63609076 10332 0
63609076 78833 1
63609076 2767 1
63609076 28813 0
63609076 4990 0
63609076 1324 0
63609076 22116 1
63609076 19420 0
63609076 11980 0
63609076 67617 1
63609076 19971 1
63609076 35418 1
63609076 58190 1
63609076 41507 0
63609076 69378 1
63609076 32419 0
63609076 12308 1
63609076 31140 1
63609076 15842 0
63609076 1540 1
63609076 9285 0
63609076 71787 1
63609076 184 0
63609076 5254 1
63609076 55968 0
63609076 41312 1
63609076 67317 0
63609076 76887 0
63609076 10343 1
63609076 13565 1
63609076 71675 0
63609076 18126 1
63609076 25313 0
63609076 15868 1
63609076 36437 0
63609076 64709 1
63609076 19187 0
63609076 51010 0
63609076 77005 1
63609076 51784 1
63609076 57748 0
63609076 58320 0
63609076 79104 0
63609076 18528 0
63609076 22264 1
63609076 37588 0
63609076 78689 1
63609076 65524 1
63609076 23611 1
63609076 2339 1
63609076 62602 0
63609076 17022 0
63609076 35994 0
63609076 758 1
63609076 27284 1
63609076 25402 1
63609076 54787 0
63609076 46059 0
63609076 5935 1
63609076 9929 0
63609076 1670 1
63609076 34110 1
63609076 22442 0
63609076 72327 1
63609076 28627 0
63609076 56876 0
63609076 25076 1
63609076 39256 1
63609076 47403 0
63609076 57768 0
63609076 74434 0
63609076 15624 0
63609076 15439 0
63609076 2259 0
63609076 23027 1
63609076 52757 0
63609077 30874 0
63609077 26668 1
63609077 60057 1
63609077 39973 0
63609077 12308 0
63609077 59009 0
63609077 28531 0
63609077 42765 0
63609077 62235 0
63609077 79086 0
63609077 1670 0
63609077 24553 0
63609077 25402 0
63609077 25066 1
63609077 78833 0
63609077 12499 0
63609077 57023 0
63609077 25785 1
63609077 51784 0
63609077 9411 0
63609077 19971 0
63609077 758 0
63609077 71396 1
63609077 60758 1
63609077 36877 1
63609077 64709 0
63609077 22346 0
63609077 62007 1
63609077 62145 1
63609077 20246 0
63609077 18126 0
63609077 19879 1
63609077 6160 0
63609077 28223 1
63609077 2767 0
63609077 76354 0
63609077 77996 0
63609077 23027 0
63609077 22309 0
63609077 2349 1
63609077 2998 0
63609077 30192 1
63609077 13565 0
63609077 13568 0
63609077 17471 1
63609077 31044 0
63609077 62050 0
63609077 74969 1
63609077 77005 0
63609077 37800 1
63609077 22116 0
63609077 39256 0
63609077 45163 1
63609077 30753 0
63609077 72327 0
63609077 51116 1
63609077 77396 1
63609077 5902 1
63609077 34045 1
63609077 26295 1
63609077 14411 0
63609077 22264 0
63609077 61511 0
63609077 62550 1
63609077 75798 0
63609077 881 1
63609077 73538 0
63609077 5935 0
63609077 53353 1
63609077 78689 0
63609077 56395 1
63609077 61427 1
63609077 46326 1
63609077 39778 1
63609077 59911 1
63609077 2191 1
63609077 24533 1
63609077 18554 0
63609077 1540 0
63609077 7544 0
63609077 38621 1
63609077 11928 0
63609077 27284 0
63609077 42792 1
63609077 75967 0
63609077 34420 0
63609077 10415 1
63609077 18520 0
63609077 68148 0
63609077 25924 1
63609077 58190 0
63609077 66336 1
63609077 34110 0
63609077 41312 0
63609077 76163 1
63609077 9448 1
63609077 31752 0
63609077 13601 1
63609077 11816 1
63609077 61678 0
63609077 66451 1
63609078 26295 0
63609078 32760 1
63609078 42662 1
63609078 62550 0
63609078 34945 0
63609078 1851 1
63609078 69358 1
63609078 16729 1
63609078 63019 1
63609078 133 1
63609078 59911 0
63609078 52078 1
63609078 73163 1
63609078 13206 1
63609078 71396 0
63609078 60071 1
63609078 26668 0
63609078 52585 1
63609078 67617 0
63609078 42792 0
63609078 2192 1
63609078 66336 0
63609078 71047 0
63609078 60758 0
63609078 37800 0
63609078 65524 0
63609078 23977 1
63609078 21594 0
63609078 5254 0
63609078 23611 0
63609078 2349 0
63609078 77396 0
63609078 55075 0
63609078 34412 1
63609078 71787 0
63609078 33199 1
63609078 19977 0
63609078 35933 1
63609078 39486 1
63609078 4521 0
63609078 11816 0
63609078 46326 0
63609078 23354 1
63609078 76007 1
63609078 53353 0
63609078 73784 0
63609078 70538 0
63609078 25924 0
63609078 28223 0
63609078 2269 0
63609078 14633 0
63609078 62748 1
63609078 25076 0
63609078 47566 1
63609078 13994 0
63609078 75277 1
63609078 16946 1
63609078 56395 0
63609078 47275 1
63609078 71265 1
63609078 31821 0
63609078 39778 0
63609078 38621 0
63609078 31270 0
63609078 5902 0
63609078 61427 0
63609078 34045 0
63609078 35030 0
63609078 69378 0
63609078 2191 0
63609078 45010 0
63609078 17609 1
63609078 45163 0
63609078 48146 1
63609078 35418 0
63609078 35487 1
63609078 42905 1
63609078 50571 1
63609078 35349 1
63609078 66451 0
63609078 43750 1
63609078 9448 0
63609078 25172 1
63609078 69440 1
63609078 62145 0
63609078 56593 1
63609078 77329 1
63609078 37386 1
63609078 51116 0
63609078 60057 0
63609078 78101 0
63609078 37630 1
63609078 31140 0
63609078 58493 1
63609078 22357 0
63609078 13601 0
63609078 36877 0
63609078 19879 0
63609078 76900 1
63609078 10415 0
63609079 35933 0
63609079 35487 0
63609079 25172 0
63609079 73163 0
63609079 59905 1
63609079 62007 0
63609079 42872 1
63609079 71224 1
63609079 17242 0
63609079 74969 0
63609079 32280 1
63609079 62748 0
63609079 17471 0
63609079 69358 0
63609079 35355 1
63609079 76512 1
63609079 23977 0
63609079 70379 1
63609079 35349 0
63609079 25785 0
63609079 3418 1
63609079 75277 0
63609079 62459 1
63609079 68403 1
63609079 23779 1
63609079 61244 0
63609079 74665 1
63609079 61970 1
63609079 6946 1
63609079 56738 1
63609079 43750 0
63609079 13206 0
63609079 34328 1
63609079 5941 1
63609079 70862 1
63609079 24844 1
63609079 36064 1
63609079 71668 1
63609079 60071 0
63609079 14838 1
63609079 34492 1
63609079 881 0
63609079 21135 1
63609079 10343 0
63609079 50885 1
63609079 56260 1
63609079 16729 0
63609079 16946 0
63609079 3977 1
63609079 33199 0
63609079 48179 0
63609079 23354 0
63609079 47566 0
63609079 42905 0
63609079 76163 0
63609079 47275 0
63609079 46739 1
63609079 53135 1
63609079 5509 1
63609079 755 1
63609079 15759 1
63609079 58493 0
63609079 37386 0
63609079 21526 1
63609079 32760 0
63609079 72596 1
63609079 4349 1
63609079 45262 1
63609079 70788 1
63609079 56593 0
63609079 37630 0
63609079 25433 1
63609079 15868 0
63609079 15837 1
63609079 2192 0
63609079 69325 0
63609079 50571 0
63609079 74816 1
63609079 1851 0
63609079 25847 1
63609079 21086 1
63609079 69440 0
63609079 52547 1
63609079 76900 0
63609079 71265 0
63609079 35993 1
63609079 698 1
63609079 24533 0
63609079 52585 0
63609079 25066 0
63609079 15009 1
63609079 46844 1
63609079 63019 0
63609079 76007 0
63609079 63342 1
63609079 30192 0
63609079 64095 1
63609079 21568 1
63609079 14835 1
63609079 2339 0
63609080 68754 1
63609080 37304 1
63609080 45262 0
63609080 14419 1
63609080 14838 0
63609080 32280 0
63609080 56260 0
63609080 61979 1
63609080 14835 0
63609080 19443 1
63609080 25847 0
63609080 34412 0
63609080 46844 0
63609080 61492 1
63609080 56738 0
63609080 77241 1
63609080 5941 0
63609080 55853 1
63609080 45386 1
63609080 13835 1
63609080 698 0
63609080 15009 0
63609080 76746 1
63609080 77329 0
63609080 58740 1
63609080 72651 1
63609080 5509 0
63609080 21526 0
63609080 68403 0
63609080 46739 0
63609080 70862 0
63609080 3179 1
63609080 49380 1
63609080 63342 0
63609080 22665 1
63609080 1751 0
63609080 26230 1
63609080 76512 0
63609080 9422 1
63609080 50885 0
63609080 11610 1
63609080 650 1
63609080 39770 1
63609080 53107 1
63609080 6946 0
63609080 48146 0
63609080 25475 1
63609080 35873 1
63609080 39486 0
63609080 21214 1
63609080 61970 0
63609080 755 0
63609080 21086 0
63609080 25433 0
63609080 66409 1
63609080 23779 0
63609080 21457 1
63609080 49424 1
63609080 71700 1
63609080 74816 0
63609080 52078 0
63609080 35355 0
63609080 26778 1
63609080 35695 1
63609080 17915 1
63609080 36064 0
63609080 67968 1
63609080 59905 0
63609080 59055 1
63609080 40140 1
63609080 24844 0
63609080 54668 1
63609080 70379 0
63609080 66848 1
63609080 42662 0
63609080 58844 1
63609080 3977 0
63609080 72596 0
63609080 21568 0
63609080 34328 0
63609080 74665 0
63609080 52892 1
63609080 39281 1
63609080 64095 0
63609080 4812 1
63609080 35993 0
63609080 16958 1
63609080 55530 1
63609080 15837 0
63609080 30061 1
63609080 42872 0
63609080 53135 0
63609080 4349 0
63609080 34492 0
63609080 15759 0
63609080 3418 0
63609080 59480 1
63609080 133 0
63609080 52547 0
63609080 75351 1
63609080 74064 1
63609081 77150 1
63609081 39770 0
63609081 76746 0
63609081 71668 0
63609081 75670 1
63609081 1162 1
63609081 17915 0
63609081 68421 1
63609081 42760 1
63609081 62459 0
63609081 30705 1
63609081 16675 1
63609081 20868 1
63609081 47869 1
63609081 41765 1
63609081 53107 0
63609081 17609 0
63609081 66384 1
63609081 34602 1
63609081 693 1
63609081 16805 1
63609081 11610 0
63609081 16348 1
63609081 58740 0
63609081 58192 1
63609081 46269 1
63609081 35695 0
63609081 26267 1
63609081 59055 0
63609081 58844 0
63609081 71224 0
63609081 59480 0
63609081 35750 1
63609081 37149 1
63609081 49424 0
63609081 11004 1
63609081 10224 1
63609081 54668 0
63609081 57453 1
63609081 25882 1
63609081 20062 1
63609081 39281 0
63609081 10043 1
63609081 21457 0
63609081 1907 1
63609081 68754 0
63609081 41105 1
63609081 10535 1
63609081 14419 0
63609081 53871 1
63609081 63506 1
63609081 13835 0
63609081 75351 0
63609081 61979 0
63609081 60620 1
63609081 74064 0
63609081 50039 1
63609081 11718 1
63609081 66848 0
63609081 25475 0
63609081 58449 1
63609081 35873 0
63609081 40140 0
63609081 71700 0
63609081 55071 1
63609081 76733 1
63609081 67968 0
63609081 20189 1
63609081 41015 1
63609081 26778 0
63609081 42849 1
63609081 22354 1
63609081 3434 1
63609081 11969 1
63609081 72651 0
63609081 9967 1
63609081 27978 1
63609081 52892 0
63609081 19830 1
63609081 61492 0
63609081 16958 0
63609081 4812 0
63609081 66409 0
63609081 37960 1
63609081 42535 1
63609081 21135 0
63609081 37304 0
63609081 55853 0
63609081 51003 0
63609081 45386 0
63609081 41043 1
63609081 22665 0
63609081 63407 1
63609081 64596 1
63609081 2294 1
63609081 2031 1
63609081 28652 1
63609081 2886 1
63609082 46269 0
63609082 29421 1
63609082 28652 0
63609082 37279 1
63609082 9422 0
63609082 18983 1
63609082 55530 0
63609082 20772 1
63609082 72003 1
63609082 3179 0
63609082 22218 1
63609082 42535 0
63609082 11004 0
63609082 11718 0
63609082 30705 0
63609082 1162 0
63609082 20062 0
63609082 68421 0
63609082 438 1
63609082 16675 0
63609082 62178 1
63609082 19830 0
63609082 16805 0
63609082 34187 1
63609082 7432 1
63609082 57453 0
63609082 650 0
63609082 66086 1
63609082 26267 0
63609082 58192 0
63609082 55349 1
63609082 63506 0
63609082 53871 0
63609082 2294 0
63609082 77241 0
63609082 41765 0
63609082 22354 0
63609082 39025 1
63609082 75670 0
63609082 77150 0
63609082 25882 0
63609082 20868 0
63609082 10043 0
63609082 59177 1
63609082 41015 0
63609082 73119 1
63609082 44087 1
63609082 42849 0
63609082 76733 0
63609082 45832 1
63609082 70990 1
63609082 6749 1
63609082 21729 1
63609082 20189 0
63609082 19443 0
63609082 19048 1
63609082 66384 0
63609082 55071 0
63609082 11349 1
63609082 18594 1
63609082 60620 0
63609082 63407 0
63609082 42898 1
63609082 35750 0
63609082 32222 1
63609082 49380 0
63609082 34021 1
63609082 26462 1
63609082 27308 1
63609082 8684 1
63609082 26500 1
63609082 58449 0
63609082 18202 1
63609082 27978 0
63609082 21214 0
63609082 57431 1
63609082 10280 1
63609082 37960 0
63609082 21767 1
63609082 26230 0
63609082 73387 1
63609082 42760 0
63609082 9967 0
63609082 693 0
63609082 11969 0
63609082 64596 0
63609082 25921 1
63609082 70788 0
63609082 54498 1
63609082 37149 0
63609082 77459 1
63609082 62517 1
63609082 38632 1
63609082 2221 1
63609082 51447 1
63609082 68502 1
63609082 2031 0
63609082 53746 1
63609082 30061 0
63609082 69850 1
63609083 62178 0
63609083 68628 1
63609083 438 0
63609083 57431 0
63609083 41043 0
63609083 21729 0
63609083 45832 0
63609083 19048 0
63609083 18983 0
63609083 21767 0
63609083 26462 0
63609083 70990 0
63609083 12119 1
63609083 39025 0
63609083 6705 1
63609083 66740 1
63609083 53746 0
63609083 61823 1
63609083 40463 1
63609083 10224 0
63609083 16348 0
63609083 11349 0
63609083 8684 0
63609083 36839 1
63609083 24863 1
63609083 27308 0
63609083 72003 0
63609083 54498 0
63609083 66641 1
63609083 25921 0
63609083 34187 0
63609083 42362 1
63609083 55349 0
63609083 14447 1
63609083 32222 0
63609083 62529 1
63609083 29836 1
63609083 7432 0
63609083 2024 1
63609083 73815 1
63609083 44087 0
63609083 68429 1
63609083 21272 1
63609083 73119 0
63609083 37279 0
63609083 13697 1
63609083 20772 0
63609083 34021 0
63609083 42898 0
63609083 38632 0
63609083 70909 1
63609083 2886 0
63609083 60350 1
63609083 22218 0
63609083 41105 0
63609083 13716 1
63609083 51447 0
63609083 5699 1
63609083 1907 0
63609083 26500 0
63609083 10280 0
63609083 25403 1
63609083 57149 1
63609083 18594 0
63609083 62517 0
63609083 3434 0
63609083 29618 1
63609083 68662 1
63609083 69850 0
63609083 29541 1
63609083 38973 1
63609083 8822 1
63609083 47099 1
63609083 42790 1
63609083 40770 1
63609083 68502 0
63609083 6004 1
63609083 34491 1
63609083 21118 1
63609083 12016 1
63609083 59379 1
63609083 16408 1
63609083 29421 0
63609083 34103 1
63609083 10535 0
63609083 66086 0
63609083 47869 0
63609083 67421 1
63609083 18811 1
63609083 18202 0
63609083 34602 0
63609083 45297 1
63609083 73387 0
63609083 31660 1
63609083 6749 0
63609083 12903 1
63609083 59177 0
63609083 2221 0
63609083 41792 1
63609083 50039 0
63609083 77459 0
63609083 18537 1
63609083 2149 1
63609083 53325 1
63609084 68628 0
63609084 2434 1
63609084 71540 1
63609084 2149 0
63609084 12016 0
63609084 8822 0
63609084 47650 1
63609084 9315 1
63609084 34491 0
63609084 21331 1
63609084 53325 0
63609084 38112 1
63609084 60608 1
63609084 51077 1
63609084 23064 1
63609084 2869 1
63609084 49552 1
63609084 71443 1
63609084 45297 0
63609084 48176 1
63609084 58703 1
63609084 16408 0
63609084 48303 1
63609084 63086 1
63609084 72332 1
63609084 6705 0
63609084 47099 0
63609084 41232 1
63609084 56775 1
63609084 359 1
63609084 20448 1
63609084 42790 0
63609084 36839 0
63609084 1100 1
63609084 28439 1
63609084 68662 0
63609084 2380 1
63609084 33675 1
63609084 29541 0
63609084 20803 1
63609084 41441 1
63609084 70909 0
63609084 29836 0
63609084 12722 1
63609084 6004 0
63609084 13716 0
63609084 62261 1
63609084 65229 1
63609084 38973 0
63609084 21118 0
63609084 61823 0
63609084 9669 1
63609084 57010 1
63609084 54259 1
63609084 25403 0
63609084 31660 0
63609084 18811 0
63609084 40711 1
63609084 12903 0
63609084 12119 0
63609084 49050 1
63609084 12327 1
63609084 73815 0
63609084 67421 0
63609084 66740 0
63609084 59379 0
63609084 40525 1
63609084 29618 0
63609084 37642 1
63609084 24863 0
63609084 40463 0
63609084 31060 1
63609084 36614 1
63609084 2908 1
63609084 60350 0
63609084 75004 1
63609084 34103 0
63609084 13697 0
63609084 39561 1
63609084 2024 0
63609084 62529 0
63609084 30844 1
63609084 68429 0
63609084 40770 0
63609084 18537 0
63609084 41792 0
63609084 19386 1
63609084 25837 1
63609084 51053 1
63609084 21324 1
63609084 42362 0
63609084 57149 0
63609084 5699 0
63609084 27412 1
63609084 75276 1
63609084 105 1
63609084 57298 1
63609085 25837 0
63609085 41808 1
63609085 31439 1
63609085 56277 1
63609085 56106 1
63609085 2380 0
63609085 9041 1
63609085 21324 0
63609085 69180 1
63609085 41441 0
63609085 46253 1
63609085 23064 0
63609085 75004 0
63609085 51053 0
63609085 37619 1
63609085 75915 1
63609085 75276 0
63609085 12327 0
63609085 37841 1
63609085 71540 0
63609085 51077 0
63609085 36899 1
63609085 39561 0
63609085 26538 1
63609085 40972 1
63609085 14447 0
63609085 24795 1
63609085 58475 1
63609085 57010 0
63609085 40525 0
63609085 6006 1
63609085 33869 1
63609085 39011 1
63609085 68065 1
63609085 1029 1
63609085 27599 1
63609085 57298 0
63609085 12722 0
63609085 38112 0
63609085 37642 0
63609085 54259 0
63609085 19386 0
63609085 63086 0
63609085 40787 1
63609085 27412 0
63609085 48176 0
63609085 18880 1
63609085 41232 0
63609085 42855 1
63609085 24227 1
63609085 60608 0
63609085 1463 1
63609085 21331 0
63609085 3069 1
63609085 30656 1
63609085 49552 0
63609085 20803 0
63609085 47650 0
63609085 31060 0
63609085 71443 0
63609085 2869 0
63609085 75615 1
63609085 24949 1
63609085 48303 0
63609085 65229 0
63609085 33963 1
63609085 4555 1
63609085 6012 1
63609085 2434 0
63609085 36614 0
63609085 56775 0
63609085 49050 0
63609085 9689 1
63609085 1413 1
63609085 66641 0
63609085 1100 0
63609085 58703 0
63609085 72198 1
63609085 33675 0
63609085 9669 0
63609085 21272 0
63609085 20448 0
63609085 62261 0
63609085 30844 0
63609085 72332 0
63609085 72027 1
63609085 1743 1
63609085 2908 0
63609085 40711 0
63609085 359 0
63609085 9315 0
63609085 15486 1
63609085 28439 0
63609085 105 0
63609085 7560 1
63609085 41084 1
63609085 68517 1
63609085 3882 1
63609085 79015 1
63609085 50775 1
63609085 37214 1
63609086 72027 0
63609086 37619 0
63609086 26630 1
63609086 77009 1
63609086 57312 1
63609086 31439 0
63609086 24949 0
63609086 4555 0
63609086 72198 0
63609086 2550 1
63609086 5688 1
63609086 33869 0
63609086 1413 0
63609086 31564 1
63609086 24278 1
63609086 28308 1
63609086 29695 1
63609086 46077 1
63609086 74000 1
63609086 36899 0
63609086 79015 0
63609086 72941 1
63609086 3069 0
63609086 15486 0
63609086 5052 1
63609086 298 1
63609086 7560 0
63609086 50775 0
63609086 61862 1
63609086 48542 1
63609086 11287 1
63609086 71163 1
63609086 39480 1
63609086 53120 1
63609086 6006 0
63609086 12409 1
63609086 18534 1
63609086 18880 0
63609086 37214 0
63609086 59804 1
63609086 51818 1
63609086 32439 1
63609086 13509 1
63609086 48393 1
63609086 24227 0
63609086 71312 1
63609086 1743 0
63609086 37845 1
63609086 6170 1
63609086 40787 0
63609086 76031 1
63609086 36030 1
63609086 56106 0
63609086 19347 1
63609086 40972 0
63609086 30656 0
63609086 27599 0
63609086 9041 0
63609086 77955 1
63609086 11191 1
63609086 16898 1
63609086 75615 0
63609086 54610 1
63609086 41084 0
63609086 3507 1
63609086 20499 1
63609086 24795 0
63609086 76161 1
63609086 73083 1
63609086 70873 1
63609086 18708 1
63609086 69180 0
63609086 13233 1
63609086 39011 0
63609086 41808 0
63609086 1463 0
63609086 9689 0
63609086 72056 1
63609086 7316 1
63609086 46253 0
63609086 48327 1
63609086 49429 1
63609086 72625 1
63609086 68512 1
63609086 43038 1
63609086 26538 0
63609086 1029 0
63609086 73442 1
63609086 58475 0
63609086 68517 0
63609086 33963 0
63609086 25828 1
63609086 6012 0
63609086 42855 0
63609086 71427 1
63609086 37841 0
63609086 62364 1
63609086 68065 0
63609086 20823 1
63609087 13425 1
63609087 25828 0
63609087 7316 0
63609087 55728 1
63609087 61862 0
63609087 72941 0
63609087 74499 1
63609087 43038 0
63609087 16684 1
63609087 31921 1
63609087 58918 1
63609087 54610 0
63609087 17385 1
63609087 73083 0
63609087 78324 1
63609087 39480 0
63609087 56277 0
63609087 18708 0
63609087 53120 0
63609087 71312 0
63609087 13233 0
63609087 70828 1
63609087 69951 1
63609087 40985 1
63609087 61252 1
63609087 26641 1
63609087 37845 0
63609087 71627 1
63609087 38131 1
63609087 298 0
63609087 55325 1
63609087 18534 0
63609087 48304 1
63609087 48327 0
63609087 38282 1
63609087 28308 0
63609087 77009 0
63609087 27398 1
63609087 23437 1
63609087 16898 0
63609087 62395 1
63609087 24974 1
63609087 15980 1
63609087 2311 1
63609087 35507 1
63609087 5453 1
63609087 11191 0
63609087 57312 0
63609087 26630 0
63609087 31564 0
63609087 54087 1
63609087 36813 1
63609087 77955 0
63609087 27720 1
63609087 2072 1
63609087 59804 0
63609087 29659 1
63609087 72056 0
63609087 12409 0
63609087 52123 1
63609087 73033 1
63609087 3882 0
63609087 48542 0
63609087 69730 1
63609087 3507 0
63609087 17854 1
63609087 57585 1
63609087 44599 1
63609087 2550 0
63609087 21382 1
63609087 5688 0
63609087 24278 0
63609087 19347 0
63609087 68512 0
63609087 28057 1
63609087 74000 0
63609087 22243 1
63609087 20499 0
63609087 48393 0
63609087 49429 0
63609087 51818 0
63609087 55550 1
63609087 12597 1
63609087 46077 0
63609087 10613 1
63609087 11287 0
63609087 28810 1
63609087 41382 1
63609087 66973 1
63609087 35650 1
63609087 76161 0
63609087 36030 0
63609087 13509 0
63609087 35625 1
63609087 29114 1
63609087 6974 1
63609087 73442 0
63609087 32439 0
63609087 76031 0
63609087 12383 1
63609087 6170 0
63609088 15980 0
63609088 29114 0
63609088 58918 0
63609088 44445 1
63609088 27720 0
63609088 69639 1
63609088 41622 1
63609088 75915 0
63609088 41297 1
63609088 74499 0
63609088 38131 0
63609088 62395 0
63609088 16274 1
63609088 75765 1
63609088 4236 1
63609088 5052 0
63609088 41357 1
63609088 24974 0
63609088 72625 0
63609088 61252 0
63609088 20142 1
63609088 19399 1
63609088 22080 1
63609088 12428 1
63609088 23437 0
63609088 73033 0
63609088 78714 1
63609088 26583 1
63609088 70828 0
63609088 41382 0
63609088 35507 0
63609088 51228 1
63609088 55325 0
63609088 36541 1
63609088 26201 1
63609088 5453 0
63609088 29659 0
63609088 7340 1
63609088 75774 1
63609088 2282 1
63609088 6974 0
63609088 2834 1
63609088 38282 0
63609088 17385 0
63609088 6027 1
63609088 17854 0
63609088 71427 0
63609088 10807 1
63609088 28144 1
63609088 55728 0
63609088 59780 1
63609088 66453 1
63609088 62141 1
63609088 12383 0
63609088 71972 1
63609088 65524 1
63609088 2899 1
63609088 26894 1
63609088 65456 1
63609088 16684 0
63609088 64641 1
63609088 69951 0
63609088 30351 1
63609088 40985 0
63609088 27398 0
63609088 21382 0
63609088 48304 0
63609088 27074 1
63609088 8012 1
63609088 55550 0
63609088 16804 1
63609088 28810 0
63609088 67153 1
63609088 15001 1
63609088 71163 0
63609088 20823 0
63609088 19908 1
63609088 22243 0
63609088 39601 1
63609088 78324 0
63609088 26641 0
63609088 2311 0
63609088 3088 1
63609088 62364 0
63609088 5012 1
63609088 45708 1
63609088 66973 0
63609088 57585 0
63609088 31921 0
63609088 69730 0
63609088 42878 1
63609088 28057 0
63609088 13425 0
63609088 70321 1
63609088 70646 1
63609088 21423 1
63609088 49317 1
63609088 29695 0
63609089 14349 1
63609089 12428 0
63609089 50276 1
63609089 54087 0
63609089 60413 1
63609089 35625 0
63609089 42878 0
63609089 26894 0
63609089 39601 0
63609089 2282 0
63609089 39940 1
63609089 70873 0
63609089 19908 0
63609089 43065 1
63609089 21325 1
63609089 3088 0
63609089 26201 0
63609089 73502 1
63609089 58712 1
63609089 49317 0
63609089 59780 0
63609089 14669 1
63609089 11965 1
63609089 65456 0
63609089 2072 0
63609089 29055 1
63609089 15750 1
63609089 4190 1
63609089 16274 0
63609089 2899 0
63609089 48824 1
63609089 67153 0
63609089 4236 0
63609089 66272 1
63609089 76327 1
63609089 59118 1
63609089 71907 1
63609089 15320 1
63609089 30351 0
63609089 21857 1
63609089 41622 0
63609089 22080 0
63609089 43905 1
63609089 1961 1
63609089 77895 1
63609089 26583 0
63609089 45708 0
63609089 8012 0
63609089 34714 1
63609089 6138 1
63609089 12597 0
63609089 28144 0
63609089 42925 1
63609089 73595 1
63609089 70646 0
63609089 3411 1
63609089 7371 1
63609089 16078 1
63609089 7340 0
63609089 69639 0
63609089 71972 0
63609089 64641 0
63609089 10613 0
63609089 65524 0
63609089 8260 1
63609089 62141 0
63609089 75765 0
63609089 21423 0
63609089 19399 0
63609089 40891 1
63609089 7054 1
63609089 65989 1
63609089 48928 1
63609089 35913 1
63609089 12471 1
63609089 51983 1
63609089 70321 0
63609089 54328 1
63609089 36403 1
63609089 41502 1
63609089 54966 1
63609089 61278 1
63609089 70721 1
63609089 70825 1
63609089 15001 0
63609089 44599 0
63609089 46706 1
63609089 41297 0
63609089 10807 0
63609089 65325 1
63609089 35650 0
63609089 68064 1
63609089 52123 0
63609089 51228 0
63609089 46628 1
63609089 78714 0
63609089 20142 0
63609089 36541 0
63609089 2834 0
63609089 36813 0
63609089 981 1
63609089 53576 1
63609089 50228 1
63609089 5012 0
63609090 327 1
63609090 31501 1
63609090 51772 1
63609090 16804 0
63609090 46706 0
63609090 77333 1
63609090 54966 0
63609090 48824 0
63609090 59118 0
63609090 25063 1
63609090 50276 0
63609090 61278 0
63609090 73502 0
63609090 48928 0
63609090 40451 1
63609090 26677 1
63609090 51421 1
63609090 71627 0
63609090 50228 0
63609090 30495 1
63609090 3411 0
63609090 43065 0
63609090 16078 0
63609090 60491 1
63609090 78861 1
63609090 18097 1
63609090 12960 1
63609090 12202 1
63609090 21857 0
63609090 15320 0
63609090 75312 1
63609090 15750 0
63609090 1305 1
63609090 333 1
63609090 44445 0
63609090 25605 1
63609090 77895 0
63609090 29055 0
63609090 9401 1
63609090 77350 1
63609090 6138 0
63609090 75200 1
63609090 36200 1
63609090 35913 0
63609090 74315 1
63609090 36403 0
63609090 70825 0
63609090 14669 0
63609090 48639 1
63609090 11965 0
63609090 12714 1
63609090 7371 0
63609090 21325 0
63609090 4190 0
63609090 43905 0
63609090 11312 1
63609090 16830 1
63609090 76327 0
63609090 19058 1
63609090 65325 0
63609090 73826 1
63609090 54328 0
63609090 65989 0
63609090 6027 0
63609090 50500 1
63609090 66453 0
63609090 24723 1
63609090 66272 0
63609090 39940 0
63609090 7054 0
63609090 71907 0
63609090 41502 0
63609090 73595 0
63609090 42925 0
63609090 24832 1
63609090 29061 1
63609090 981 0
63609090 58712 0
63609090 46838 1
63609090 40891 0
63609090 59663 1
63609090 51983 0
63609090 75774 0
63609090 70721 0
63609090 46628 0
63609090 68938 1
63609090 14349 0
63609090 42247 1
63609090 60413 0
63609090 50134 1
63609090 55879 1
63609090 75123 1
63609090 37244 1
63609090 59284 1
63609090 34714 0
63609090 20235 1
63609090 74633 1
63609090 53576 0
63609091 59663 0
63609091 12907 1
63609091 43824 1
63609091 11312 0
63609091 19058 0
63609091 20143 1
63609091 17032 1
63609091 35366 1
63609091 13425 1
63609091 57506 1
63609091 12535 1
63609091 42247 0
63609091 10374 1
63609091 59284 0
63609091 5285 1
63609091 9401 0
63609091 68064 0
63609091 75123 0
63609091 46838 0
63609091 63564 1
63609091 1961 0
63609091 77350 0
63609091 12714 0
63609091 16830 0
63609091 55879 0
63609091 24723 0
63609091 30495 0
63609091 37244 0
63609091 58329 1
63609091 27366 1
63609091 78433 1
63609091 70018 1
63609091 42663 1
63609091 25063 0
63609091 44212 1
63609091 63138 1
63609091 77407 1
63609091 8260 0
63609091 24614 1
63609091 68938 0
63609091 33458 1
63609091 59747 1
63609091 333 0
63609091 1305 0
63609091 74633 0
63609091 67253 1
63609091 16763 1
63609091 75312 0
63609091 31501 0
63609091 8785 1
63609091 18097 0
63609091 59602 1
63609091 29061 0
63609091 24832 0
63609091 78861 0
63609091 58116 1
63609091 36200 0
63609091 12960 0
63609091 44377 1
63609091 50134 0
63609091 20235 0
63609091 25605 0
63609091 75497 1
63609091 51772 0
63609091 50162 1
63609091 43891 1
63609091 60491 0
63609091 29038 1
63609091 27074 0
63609091 60810 1
63609091 12471 0
63609091 1047 1
63609091 38423 1
63609091 48639 0
63609091 12202 0
63609091 41357 0
63609091 40451 0
63609091 51247 1
63609091 74315 0
63609091 77333 0
63609091 51421 0
63609091 2438 1
63609091 5059 1
63609091 50500 0
63609091 75200 0
63609091 75586 1
63609091 23656 1
63609091 73826 0
63609091 26677 0
63609091 327 0
63609091 15466 1
63609091 75460 1
63609091 56073 1
63609091 15500 1
63609091 39748 1
63609091 17042 1
63609091 2047 1
63609091 21525 1
63609091 54227 1
63609092 35366 0
63609092 10374 0
63609092 57157 1
63609092 54141 1
63609092 49991 1
63609092 71283 1
63609092 44212 0
63609092 32071 1
63609092 50162 0
63609092 20143 0
63609092 57506 0
63609092 15500 0
63609092 5285 0
63609092 15466 0
63609092 41399 1
63609092 2438 0
63609092 5723 1
63609092 38423 0
63609092 43182 1
63609092 1047 0
63609092 77407 0
63609092 43824 0
63609092 96 1
63609092 10701 1
63609092 3604 1
63609092 43577 1
63609092 56073 0
63609092 8237 1
63609092 32503 1
63609092 29038 0
63609092 42663 0
63609092 12709 1
63609092 61779 1
63609092 33458 0
63609092 30874 1
63609092 27418 1
63609092 75586 0
63609092 5059 0
63609092 60810 0
63609092 77256 1
63609092 18385 1
63609092 22360 1
63609092 46055 1
63609092 51665 1
63609092 75497 0
63609092 43891 0
63609092 40418 1
63609092 63138 0
63609092 76946 1
63609092 64405 1
63609092 21786 1
63609092 42129 1
63609092 59747 0
63609092 39155 1
63609092 39748 0
63609092 76884 1
63609092 43074 1
63609092 70091 1
63609092 63564 0
63609092 19377 1
63609092 71194 1
63609092 59602 0
63609092 21525 0
63609092 20320 1
63609092 77175 1
63609092 71174 1
63609092 24614 0
63609092 2095 1
63609092 16763 0
63609092 17032 0
63609092 41259 1
63609092 25283 1
63609092 2047 0
63609092 13425 0
63609092 78968 1
63609092 24231 1
63609092 44377 0
63609092 23656 0
63609092 8289 1
63609092 30104 1
63609092 58329 0
63609092 15694 1
63609092 27366 0
63609092 17042 0
63609092 51247 0
63609092 58116 0
63609092 32115 1
63609092 70018 0
63609092 8785 0
63609092 12907 0
63609092 78433 0
63609092 75460 0
63609092 71447 1
63609092 67253 0
63609092 12535 0
63609092 26192 1
63609092 54227 0
63609092 53692 1
63609092 55552 1
63609092 233 1
63609093 67629 1
63609093 2095 0
63609093 53692 0
63609093 43074 0
63609093 72501 1
63609093 61708 1
63609093 54826 1
63609093 8289 0
63609093 29314 1
63609093 32115 0
63609093 31664 1
63609093 71194 0
63609093 3075 1
63609093 21436 1
63609093 51665 0
63609093 43182 0
63609093 41259 0
63609093 28153 1
63609093 1792 1
63609093 21198 1
63609093 44405 1
63609093 27418 0
63609093 61779 0
63609093 11617 1
63609093 10701 0
63609093 20320 0
63609093 43577 0
63609093 57157 0
63609093 52740 1
63609093 233 0
63609093 22263 1
63609093 19377 0
63609093 54810 1
63609093 67978 1
63609093 67937 1
63609093 59403 1
63609093 15694 0
63609093 74301 1
63609093 71283 0
63609093 3604 0
63609093 5723 0
63609093 77256 0
63609093 7599 1
63609093 77618 1
63609093 12709 0
63609093 35880 1
63609093 46055 0
63609093 4846 1
63609093 5359 1
63609093 76884 0
63609093 30874 0
63609093 77175 0
63609093 54141 0
63609093 24231 0
63609093 64405 0
63609093 40895 1
63609093 32071 0
63609093 40418 0
63609093 41399 0
63609093 18385 0
63609093 44088 1
63609093 71447 0
63609093 8237 0
63609093 5328 1
63609093 21390 1
63609093 29902 1
63609093 37138 1
63609093 26192 0
63609093 19521 1
63609093 55734 1
63609093 44055 1
63609093 49991 0
63609093 22360 0
63609093 32503 0
63609093 52788 1
63609093 96 0
63609093 35949 1
63609093 25283 0
63609093 76946 0
63609093 30865 1
63609093 58427 1
63609093 47648 1
63609093 37469 1
63609093 55678 1
63609093 70740 1
63609093 40093 1
63609093 68379 1
63609093 42129 0
63609093 55552 0
63609093 21786 0
63609093 32640 1
63609093 4657 1
63609093 65429 1
63609093 33031 1
63609093 37374 1
63609093 61088 1
63609093 30104 0
63609093 78968 0
63609093 70091 0
63609093 39155 0
63609094 4846 0
63609094 3532 1
63609094 61088 0
63609094 17586 1
63609094 70143 1
63609094 2424 1
63609094 32640 0
63609094 78426 1
63609094 155 1
63609094 4474 1
63609094 48949 1
63609094 77161 1
63609094 53021 1
63609094 5359 0
63609094 28840 1
63609094 74301 0
63609094 77618 0
63609094 36119 1
63609094 34519 1
63609094 40074 1
63609094 37469 0
63609094 44055 0
63609094 29314 0
63609094 67978 0
63609094 35009 1
63609094 3233 1
63609094 59403 0
63609094 19521 0
63609094 54810 0
63609094 35949 0
63609094 22265 1
63609094 27019 1
63609094 39684 1
63609094 28674 1
63609094 67744 1
63609094 52926 1
63609094 42585 1
63609094 14846 1
63609094 67937 0
63609094 33115 1
63609094 37138 0
63609094 4657 0
63609094 7264 1
63609094 22263 0
63609094 35880 0
63609094 29902 0
63609094 31664 0
63609094 56491 1
63609094 48830 1
63609094 13188 1
63609094 65229 1
63609094 33031 0
63609094 3559 1
63609094 44405 0
63609094 68379 0
63609094 5328 0
63609094 28657 1
63609094 21198 0
63609094 27801 1
63609094 10286 1
63609094 22679 1
63609094 37374 0
63609094 17006 1
63609094 1792 0
63609094 34019 1
63609094 30865 0
63609094 57950 1
63609094 69886 1
63609094 35500 1
63609094 60549 1
63609094 50255 1
63609094 76682 1
63609094 21390 0
63609094 2413 1
63609094 47648 0
63609094 40895 0
63609094 52740 0
63609094 71174 0
63609094 30141 1
63609094 32665 1
63609094 70740 0
63609094 58427 0
63609094 68570 1
63609094 44088 0
63609094 21436 0
63609094 25136 1
63609094 65429 0
63609094 75981 1
63609094 7599 0
63609094 55678 0
63609094 54867 1
63609094 64447 1
63609094 40093 0
63609094 4585 1
63609094 52788 0
63609094 72501 0
63609094 29916 1
63609094 5740 1
63609094 31251 1
63609094 76969 1
63609094 61708 0
63609094 67629 0
63609095 4445 1
63609095 4968 1
63609095 17586 0
63609095 15505 1
63609095 11405 1
63609095 75981 0
63609095 78898 1
63609095 40074 0
63609095 51223 1
63609095 48609 1
63609095 48830 0
63609095 35009 0
63609095 35323 1
63609095 28657 0
63609095 5751 1
63609095 2424 0
63609095 27344 1
63609095 5224 1
63609095 28674 0
63609095 30141 0
63609095 55734 0
63609095 4474 0
63609095 65229 0
63609095 62853 1
63609095 10880 1
63609095 35036 1
63609095 45325 1
63609095 14846 0
63609095 48444 1
63609095 28768 1
63609095 63092 1
63609095 64447 0
63609095 62018 1
63609095 78648 1
63609095 77090 1
63609095 78111 1
63609095 55091 1
63609095 38714 1
63609095 13188 0
63609095 11617 0
63609095 3075 0
63609095 36119 0
63609095 27087 1
63609095 222 1
63609095 53021 0
63609095 42333 1
63609095 52926 0
63609095 64867 1
63609095 57950 0
63609095 34519 0
63609095 27801 0
63609095 32062 1
63609095 14528 1
63609095 28840 0
63609095 35912 1
63609095 52890 1
63609095 39684 0
63609095 44058 1
63609095 19617 1
63609095 37418 1
63609095 68419 1
63609095 22679 0
63609095 28153 0
63609095 47549 1
63609095 22265 0
63609095 69886 0
63609095 58885 1
63609095 67744 0
63609095 50255 0
63609095 15986 1
63609095 48076 1
63609095 46245 1
63609095 56491 0
63609095 40897 1
63609095 78426 0
63609095 57512 1
63609095 33730 1
63609095 3532 0
63609095 3559 0
63609095 68570 0
63609095 57440 1
63609095 45818 1
63609095 68259 1
63609095 42585 0
63609095 76446 1
63609095 3233 0
63609095 77161 0
63609095 42324 1
63609095 5576 1
63609095 4272 1
63609095 60549 0
63609095 8476 1
63609095 34019 0
63609095 72758 1
63609095 42384 1
63609095 13046 1
63609095 48949 0
63609095 9019 1
63609095 5518 1
63609096 19617 0
63609096 68259 0
63609096 5751 0
63609096 4889 1
63609096 4585 0
63609096 77090 0
63609096 59308 1
63609096 58934 1
63609096 32333 1
63609096 35025 1
63609096 27087 0
63609096 10286 0
63609096 32062 0
63609096 25136 0
63609096 22312 1
63609096 27534 1
63609096 43821 1
63609096 9019 0
63609096 78320 1
63609096 35500 0
63609096 34595 1
63609096 56180 1
63609096 3477 1
63609096 2798 1
63609096 37061 1
63609096 54826 0
63609096 21810 1
63609096 45608 1
63609096 57335 1
63609096 4272 0
63609096 8476 0
63609096 35218 1
63609096 12242 1
63609096 44058 0
63609096 19613 1
63609096 22106 1
63609096 17101 1
63609096 13046 0
63609096 11940 1
63609096 46245 0
63609096 42333 0
63609096 42324 0
63609096 76969 0
63609096 72758 0
63609096 68419 0
63609096 7264 0
63609096 5518 0
63609096 48444 0
63609096 76682 0
63609096 38714 0
63609096 69391 1
63609096 65006 1
63609096 55774 1
63609096 30568 1
63609096 54358 1
63609096 51223 0
63609096 10311 1
63609096 14528 0
63609096 4445 0
63609096 17006 0
63609096 2413 0
63609096 5576 0
63609096 60455 1
63609096 38259 1
63609096 15835 1
63609096 24595 1
63609096 29916 0
63609096 35036 0
63609096 45818 0
63609096 33115 0
63609096 16705 1
63609096 16479 1
63609096 15986 0
63609096 78898 0
63609096 57440 0
63609096 5224 0
63609096 74429 1
63609096 35912 0
63609096 28324 1
63609096 943 1
63609096 62853 0
63609096 41637 1
63609096 64867 0
63609096 30414 1
63609096 786 1
63609096 28383 1
63609096 16615 1
63609096 18723 1
63609096 63093 1
63609096 56100 1
63609096 35323 0
63609096 39708 1
63609096 59372 1
63609096 76446 0
63609096 76119 1
63609096 32185 1
63609096 67199 1
63609096 68017 1
63609097 5219 1
63609097 22024 1
63609097 10880 0
63609097 30414 0
63609097 15505 0
63609097 56180 0
63609097 63092 0
63609097 55000 1
63609097 62018 0
63609097 48623 1
63609097 3477 0
63609097 943 0
63609097 30964 1
63609097 9099 1
63609097 63894 1
63609097 76119 0
63609097 74389 1
63609097 4889 0
63609097 45825 1
63609097 18680 1
63609097 22295 1
63609097 22714 1
63609097 32665 0
63609097 6327 1
63609097 63710 1
63609097 4854 1
63609097 32185 0
63609097 16479 0
63609097 32715 1
63609097 21037 1
63609097 70143 0
63609097 22312 0
63609097 45325 0
63609097 5477 1
63609097 22616 1
63609097 33730 0
63609097 222 0
63609097 74778 1
63609097 32561 1
63609097 74429 0
63609097 14325 1
63609097 57335 0
63609097 54358 0
63609097 28768 0
63609097 40897 0
63609097 32333 0
63609097 15835 0
63609097 21810 0
63609097 65063 1
63609097 12011 1
63609097 19613 0
63609097 35025 0
63609097 13234 1
63609097 39340 1
63609097 64614 1
63609097 59308 0
63609097 24595 0
63609097 37418 0
63609097 65591 1
63609097 55091 0
63609097 34016 1
63609097 57445 1
63609097 47549 0
63609097 36198 1
63609097 40784 1
63609097 72394 1
63609097 69391 0
63609097 27019 0
63609097 62828 1
63609097 55409 1
63609097 16058 1
63609097 56100 0
63609097 27344 0
63609097 155 0
63609097 78320 0
63609097 6617 1
63609097 16705 0
63609097 78111 0
63609097 34595 0
63609097 62668 1
63609097 12242 0
63609097 44577 1
63609097 22106 0
63609097 68655 1
63609097 52890 0
63609097 35820 1
63609097 16615 0
63609097 27543 1
63609097 45608 0
63609097 58934 0
63609097 16091 1
63609097 18723 0
63609097 36563 1
63609097 10311 0
63609097 13448 1
63609097 66583 1
63609097 65006 0
63609097 47768 1
63609097 78648 0
63609097 42849 1
63609097 11940 0
63609098 17101 0
63609098 9099 0
63609098 52649 1
63609098 58251 1
63609098 62828 0
63609098 27534 0
63609098 55000 0
63609098 62043 1
63609098 22714 0
63609098 42543 1
63609098 6327 0
63609098 40827 1
63609098 40784 0
63609098 48609 0
63609098 12262 1
63609098 16058 0
63609098 50222 1
63609098 65126 1
63609098 64216 1
63609098 73889 1
63609098 8111 1
63609098 16091 0
63609098 76404 1
63609098 13448 0
63609098 34016 0
63609098 48623 0
63609098 14325 0
63609098 13234 0
63609098 79053 1
63609098 6592 1
63609098 48179 1
63609098 4968 0
63609098 74389 0
63609098 48076 0
63609098 54121 1
63609098 54867 0
63609098 1828 1
63609098 77853 1
63609098 24745 1
63609098 37061 0
63609098 43821 0
63609098 77235 1
63609098 72394 0
63609098 57512 0
63609098 65801 1
63609098 30568 0
63609098 65063 0
63609098 32715 0
63609098 68017 0
63609098 2835 1
63609098 27543 0
63609098 12011 0
63609098 45825 0
63609098 47654 1
63609098 37409 1
63609098 31274 1
63609098 67736 1
63609098 5740 0
63609098 78454 1
63609098 53921 1
63609098 38259 0
63609098 24362 1
63609098 30130 1
63609098 5630 1
63609098 60455 0
63609098 68655 0
63609098 11779 1
63609098 57445 0
63609098 5477 0
63609098 73716 1
63609098 22616 0
63609098 6617 0
63609098 47768 0
63609098 6482 1
63609098 63952 1
63609098 20632 1
63609098 55409 0
63609098 67199 0
63609098 36198 0
63609098 32185 1
63609098 73244 1
63609098 2221 1
63609098 4854 0
63609098 78384 1
63609098 63093 0
63609098 43629 1
63609098 12972 1
63609098 74778 0
63609098 30964 0
63609098 34651 1
63609098 62668 0
63609098 64614 0
63609098 40321 1
63609098 8695 1
63609098 22295 0
63609098 59270 1
63609098 30635 1
63609098 48841 1
63609098 5219 0
63609099 73556 1
63609099 33228 1
63609099 58885 0
63609099 24362 0
63609099 21091 1
63609099 20632 0
63609099 32561 0
63609099 20679 1
63609099 16000 1
63609099 58824 1
63609099 16140 1
63609099 47284 1
63609099 63995 1
63609099 67736 0
63609099 9317 1
63609099 31274 0
63609099 40321 0
63609099 4787 1
63609099 12972 0
63609099 49961 1
63609099 46540 1
63609099 63710 0
63609099 786 0
63609099 5320 1
63609099 65126 0
63609099 37409 0
63609099 65801 0
63609099 50222 0
63609099 39265 1
63609099 75587 1
63609099 12262 0
63609099 77853 0
63609099 5630 0
63609099 33926 1
63609099 43148 1
63609099 39340 0
63609099 1828 0
63609099 11779 0
63609099 78384 0
63609099 18680 0
63609099 67716 1
63609099 66270 1
63609099 35820 0
63609099 31251 0
63609099 73889 0
63609099 58722 1
63609099 70603 1
63609099 79053 0
63609099 11405 0
63609099 54121 0
63609099 73716 0
63609099 53550 1
63609099 59854 1
63609099 68476 1
63609099 24476 1
63609099 66229 1
63609099 16133 1
63609099 33081 1
63609099 28383 0
63609099 824 1
63609099 28324 0
63609099 62333 1
63609099 55844 1
63609099 59372 0
63609099 30130 0
63609099 41637 0
63609099 60462 1
63609099 22024 0
63609099 32185 0
63609099 77235 0
63609099 3815 1
63609099 69281 1
63609099 38616 1
63609099 47563 1
63609099 8695 0
63609099 59270 0
63609099 64347 1
63609099 8285 1
63609099 42384 0
63609099 66583 0
63609099 62043 0
63609099 36563 0
63609099 20434 1
63609099 64216 0
63609099 18743 1
63609099 4371 1
63609099 40827 0
63609099 74540 1
63609099 56553 1
63609099 28054 1
63609099 61512 1
63609099 2835 0
63609099 24745 0
63609099 63952 0
63609099 8111 0
63609099 2798 0
63609099 68180 1
63609099 48179 0
63609099 42849 0
63609099 47654 0
63609100 13561 1
63609100 69735 1
63609100 58824 0
63609100 64805 1
63609100 70216 1
63609100 74540 0
63609100 21394 1
63609100 7807 1
63609100 45210 1
63609100 66459 1
63609100 76804 1
63609100 20434 0
63609100 59565 1
63609100 60728 1
63609100 39265 0
63609100 9814 1
63609100 15198 1
63609100 44353 1
63609100 33065 1
63609100 11494 1
63609100 42543 0
63609100 66270 0
63609100 75587 0
63609100 27246 1
63609100 68180 0
63609100 9317 0
63609100 24476 0
63609100 33926 0
63609100 61753 1
63609100 49961 0
63609100 44577 0
63609100 23072 1
63609100 25769 1
63609100 2612 1
63609100 19833 1
63609100 47301 1
63609100 34651 0
63609100 61512 0
63609100 5273 1
63609100 27582 1
63609100 16140 0
63609100 77055 1
63609100 44120 1
63609100 8285 0
63609100 9331 1
63609100 78587 1
63609100 28054 0
63609100 8964 1
63609100 73262 1
63609100 55774 0
63609100 30635 0
63609100 11081 1
63609100 67570 1
63609100 31955 1
63609100 43148 0
63609100 5320 0
63609100 65591 0
63609100 75537 1
63609100 31640 1
63609100 4787 0
63609100 21226 1
63609100 42444 1
63609100 47563 0
63609100 76404 0
63609100 21091 0
63609100 74149 1
63609100 47284 0
63609100 69758 1
63609100 29327 1
63609100 69649 1
63609100 48841 0
63609100 23330 1
63609100 58251 0
63609100 61819 1
63609100 74665 1
63609100 62333 0
63609100 73244 0
63609100 45653 1
63609100 78454 0
63609100 33228 0
63609100 46540 0
63609100 67716 0
63609100 37029 1
63609100 53921 0
63609100 27070 1
63609100 33108 1
63609100 29522 1
63609100 32510 1
63609100 70603 0
63609100 6184 1
63609100 2221 0
63609100 38616 0
63609100 39708 0
63609100 30819 1
63609100 36980 1
63609100 52870 1
63609100 55304 1
63609100 64347 0
63609100 60498 1
63609100 44226 1
