632
1651 -1328 -1702 1584
1132 358 -428 289
1192 1464 802 1744
1637 1004 -1961 1716
1875 -1607 -106 1096
1239 -1011 -401 1389
1513 1794 -1329 613
1334 -200 -1118 794
1470 1663 -660 1557
983 -330 1111 1431
744 1689 281 1747
383 1536 -798 1090
188 456 -346 1454
867 1471 886 1687
734 1452 197 801
89 769 1415 740
660 -781 1282 1019
1893 -296 -1760 1093
403 -158 -971 1895
1596 -1380 1806 1401
2000 -852 -1421 1220
851 -1351 -108 906
911 1774 1322 958
672 774 1399 1703
1526 -1150 1730 802
1686 225 -1122 61
1610 -717 591 861
252 -1989 -1157 569
1999 355 -331 748
38 925 995 359
1579 -1691 -582 412
234 1799 357 1348
755 -35 -1595 1867
1163 -1130 -892 798
363 806 649 932
672 461 -1886 194
873 845 -1164 1557
1085 -630 376 1741
226 104 -1614 1948
503 1691 -1344 1770
1403 1476 1005 1924
1059 -983 752 1593
312 -1933 -1993 1548
742 1945 669 501
511 -1803 -1099 336
1542 553 -841 316
1045 -1855 -937 92
1447 -783 -424 874
526 1350 62 1663
1614 1360 -1793 253
1552 -1511 1881 1557
576 -1976 -1505 561
96 -1060 -1225 907
307 -183 -730 420
530 1711 1769 1358
1211 -882 717 1858
1325 -1212 740 1259
333 -408 1197 425
1603 -1332 754 1568
894 -1733 746 1622
156 -130 -99 424
1571 1751 1140 1541
315 1125 657 1682
978 -1902 199 1012
1958 -331 1976 1881
590 -827 -407 1936
738 -297 -1238 1212
1854 -865 1781 613
1059 156 -767 294
1894 1755 -356 624
976 -1211 -817 38
172 -626 1753 719
1819 1679 53 200
323 -274 -1489 863
1308 810 -491 633
1362 1047 -992 844
1366 -1665 -1178 566
93 684 -1880 868
511 -1985 -183 588
601 780 1843 1508
380 1627 -1993 168
683 467 -1994 712
1361 1410 396 1463
1161 -1800 -585 1389
196 593 1896 870
711 1988 -1765 305
906 1479 -207 1283
970 -295 -341 897
855 -110 -60 409
119 616 458 1370
561 1951 -931 1414
163 914 1386 311
637 1768 1482 8
740 -398 1044 248
416 -1233 1321 1947
702 -1268 130 600
1870 -1991 -1181 1787
1846 295 313 965
1645 -103 701 1783
241 1709 -1922 1163
738 481 385 859
788 1886 853 1496
609 -1920 906 1508
869 -814 -1519 536
1184 -60 1549 671
1159 382 -1114 1449
1572 -171 49 665
689 998 896 648
1361 1852 1022 32
1352 1029 1494 929
1421 1680 -502 671
671 1842 1791 1265
1901 -1271 1933 1092
909 1076 -1033 1591
1894 -1245 1734 1565
1029 240 -537 126
1388 963 1895 1013
830 -960 -1098 915
757 -1521 1453 1083
477 1362 1216 1668
1078 -257 -1270 714
1925 491 153 734
1603 -428 -989 193
669 674 416 941
1954 1242 1609 860
1321 255 819 607
1880 -367 1415 136
1662 1124 349 112
714 1101 1891 1618
865 1675 1739 1646
1116 -844 486 775
215 -1611 784 53
612 1321 24 180
1254 1113 1832 1379
310 21 -1808 598
1346 38 77 1477
57 -825 1319 411
544 -168 701 871
1056 1761 1556 238
549 247 -1481 375
272 674 -1049 654
438 1522 -598 1857
96 943 -1870 1190
1001 341 -1098 611
83 534 -1591 1173
1458 -1783 264 1994
1855 533 192 1734
630 -658 -799 1954
56 -1066 1018 568
842 774 584 1529
1589 1678 19 1927
1492 1208 -1123 1851
1544 -347 -1364 1840
1111 1798 -300 518
1161 -412 333 1872
1002 28 -1610 998
1195 -463 1575 1124
1985 -187 -990 745
308 -1358 937 665
1154 69 1032 860
985 -1469 -1543 1356
1232 -613 1186 1675
303 -1086 -467 1467
1938 -977 -1381 1652
458 1962 676 961
1532 -1652 -1064 499
896 -1052 84 989
707 1806 -664 1526
341 -765 -401 1402
1548 29 -511 1065
1472 -758 -1815 647
316 1258 -1152 506
308 -623 -1949 176
729 -1971 1052 1942
1062 1240 270 113
135 166 -1361 1673
1165 -1668 179 601
971 -1585 656 1393
1404 -122 -1677 1332
315 1090 -1289 1210
520 1597 1946 959
1018 596 -1231 1154
1432 360 1319 1415
399 212 379 870
1951 1603 -1415 137
1854 1095 1306 162
515 312 1513 1779
812 -922 327 148
1465 1618 -1229 32
510 -284 142 1400
1045 650 1627 174
1450 -1082 406 1388
493 952 1182 1707
1043 -1758 588 1708
1478 598 440 1155
560 1194 1437 1798
1028 -1214 800 946
1125 1685 1194 807
445 -598 991 1479
552 791 -516 1323
630 -1598 -1751 430
1260 -1461 -1076 175
1235 1637 -166 228
1928 -1647 -210 450
1627 767 1392 1878
368 727 -1919 1519
689 1089 1896 705
121 -1672 -1881 259
1898 577 728 850
1800 -1499 1774 556
1565 1343 109 1606
1011 -19 455 391
253 -1066 -1173 426
1870 118 -856 320
1775 1240 -1957 1484
830 209 1056 1381
1178 404 347 1911
392 1518 489 1074
289 1994 -661 793
1633 -1286 819 421
74 -1856 1929 608
623 -579 670 1594
937 -429 -1681 1896
742 292 -864 1215
1109 1888 -1495 797
1627 1571 -239 193
1488 1620 1125 718
1427 -411 611 172
1138 636 -427 647
1395 419 1831 1566
1678 2 -525 1013
945 479 -1945 516
139 602 -790 1477
353 11 112 1258
1419 349 772 516
1032 89 1999 1741
358 -52 -400 1792
1083 1153 -1395 779
1855 1598 1653 260
607 -1500 -1819 1521
1132 1742 1578 1278
10 1647 1235 1835
1329 -532 -1865 300
272 619 594 1927
917 1168 1245 649
6 -117 321 754
1147 -1721 1144 1892
929 -1398 914 984
1848 -61 -1618 1096
1206 1164 -1153 1430
803 642 -1129 1988
331 1168 -1750 826
1023 -425 1306 1364
68 -1783 1808 1249
82 1153 1066 1973
22 470 -1098 1015
800 1710 -1597 372
1126 -1482 -539 1946
1407 -1258 -708 1454
1785 561 -1178 791
1012 -1008 -1996 240
1669 1817 1031 90
1556 -609 -1926 343
654 890 441 1744
1491 -1627 264 1617
489 1378 -813 968
1415 1612 -785 1481
1083 1094 748 1564
661 1530 1009 798
74 440 -577 252
1041 -1110 180 1755
1449 89 -213 1395
1185 -747 319 415
1679 -93 1347 1262
922 1434 209 1557
1392 -550 -510 1627
113 -558 -1427 1276
225 -1899 214 23
1722 654 583 144
1288 -1779 1494 1934
475 166 -981 478
1240 -1393 1115 1454
1145 -446 -894 307
1688 1063 -1598 1076
24 519 288 476
1356 -53 66 1980
1134 93 1330 70
890 1146 -176 163
432 -1874 1381 910
597 1424 1674 695
1938 -1535 721 210
756 746 -1228 757
810 -1138 1425 861
731 490 291 761
1293 470 1298 590
895 -29 -940 529
432 -1783 633 928
1349 -1673 1828 666
1271 27 -29 594
755 653 -442 496
1368 -1967 1113 1568
748 -343 -53 1616
1880 1821 -317 1878
23 -1410 1807 1081
1387 1268 1390 163
1160 432 -1814 661
951 367 -581 1011
5 -1083 1382 1124
81 1257 -305 883
577 985 -1264 1025
909 71 1186 1856
499 -597 -460 105
1506 692 212 311
879 426 311 730
931 -712 713 838
906 -963 -446 1425
485 -651 -1248 1144
105 -749 1103 1898
1246 61 1782 1723
1442 956 855 1843
1859 515 -1986 1917
744 -988 -240 328
1145 1565 761 377
274 -1808 293 695
1397 608 1316 814
836 1727 666 45
1435 26 454 1960
4 -792 -709 1494
1616 -1784 1982 596
901 -405 632 1040
331 1981 -1599 1759
1646 1382 1169 471
751 204 400 965
1491 639 1351 393
706 1152 358 1126
393 446 1330 1235
1241 394 1379 284
1062 1393 -1581 1329
72 887 181 165
1117 -762 -185 48
981 1565 460 1086
1989 -650 1322 1470
1893 -190 -457 100
1538 620 -1989 1928
972 -1773 1324 1669
1449 -1944 1281 298
992 -1662 553 364
1391 -548 852 930
934 -1658 275 1928
794 -1074 -1486 125
723 -105 767 1013
1598 1418 1567 967
619 -446 -1660 15
1888 1384 -1399 350
132 -1409 1767 885
453 -196 -1086 1694
211 -812 810 1859
786 1100 -119 869
396 -583 -1248 838
349 -1590 1221 927
821 197 -224 683
1722 -837 625 1178
707 -1732 -1396 191
1166 1726 1715 35
234 -1954 -14 1647
382 1985 -1937 262
273 1879 -752 921
1423 1726 286 784
1642 -415 1183 1736
1383 1163 -1203 1456
797 1957 161 763
1434 -343 -177 1025
397 -5 -1599 973
333 1434 433 1680
1664 1362 -103 1453
1525 746 -893 1851
571 -617 512 1606
231 -1058 1144 767
514 706 1867 1495
585 678 834 1016
459 -1606 -257 1884
1503 -1682 -560 1363
1659 480 515 994
750 241 689 1055
1239 1234 -503 150
155 -939 271 695
115 479 -375 821
603 -276 1473 120
565 -1225 1219 812
1364 -612 1043 544
1217 -285 -53 1592
1930 -1369 716 940
1934 -1680 -786 1175
466 1882 -699 1672
1695 -1206 -1917 1220
1857 -929 624 1970
1290 -1063 -955 925
1357 -1694 1023 438
963 -419 1889 128
393 695 1080 706
976 -336 -1550 1849
1484 1891 769 1603
1798 -1253 -799 900
1226 -622 1958 1077
441 383 -1153 864
1848 -601 -1196 806
1312 1003 785 1529
12 -636 1057 1794
750 -159 1739 1004
1162 -250 -1257 999
792 -68 -696 374
630 1205 -386 1793
885 1344 1996 452
87 681 98 1006
296 1468 -41 1139
1650 945 -1288 1835
1030 1239 1447 1808
1914 -1878 785 532
1702 -1458 -952 585
1334 230 -1850 647
1243 -793 -601 1273
490 14 645 1936
1083 1095 1521 959
1275 -1387 -286 13
1546 -438 1073 1862
1310 105 1076 1018
511 -1848 -845 589
841 -546 1573 277
557 156 -794 1951
1679 1340 -360 475
89 -285 -900 1499
295 852 1448 1464
218 200 -1067 1805
1493 1495 370 330
99 809 -1173 82
511 -1908 1905 1549
554 -1085 1130 1495
1528 -881 -1049 719
1699 -997 326 89
887 -1404 1696 1085
1732 1861 1269 501
1120 -317 -692 419
178 997 -1679 1449
808 311 1098 926
1138 -1714 -1890 1456
1220 -788 1109 1565
360 -866 -865 1128
282 346 351 251
1626 -1901 640 1167
1773 -480 1864 677
509 -1344 893 1456
324 -839 -1995 1817
1813 -1037 284 1082
260 -1107 -1977 1091
1240 1340 -646 569
944 877 -1220 1522
475 1407 -135 1802
510 -1953 -1166 1344
3 -454 1539 1801
1604 -1650 -1648 285
1716 350 1261 1109
70 653 -881 900
1556 182 1436 826
617 -786 -1898 1586
39 451 343 1190
1843 1380 -628 1077
1012 1898 -971 1812
1143 -1265 970 1178
1598 1380 1406 98
460 -1929 1303 525
906 -1432 -1744 1309
1846 209 -1115 1916
1103 -902 1090 995
426 -1196 353 1699
352 209 1964 1471
189 794 941 1504
1235 -1345 647 1424
1413 1194 -224 639
252 1949 1643 258
614 1392 -1378 478
1794 -562 -1827 1361
1717 597 1984 74
680 1262 -1595 1836
1367 -1468 -744 47
1507 -1912 1812 239
929 1867 1149 1835
474 -200 1950 39
1721 1983 1625 730
1456 -695 -776 1777
547 537 62 1754
234 -59 -1161 1514
1220 -508 -1389 664
287 755 -330 1935
1361 -27 1562 1264
210 1074 -375 766
1439 531 -833 48
393 1702 -291 754
708 -595 -480 452
953 -101 -235 682
404 1128 1844 1802
1270 -656 89 1633
36 -1272 -148 1726
998 -1926 -1358 790
1161 -213 -1592 1214
14 386 243 1124
1560 -633 323 1079
706 -187 -1023 1546
1895 1522 -1767 1733
696 -640 484 548
602 -1188 1166 1718
1125 1222 1177 895
438 -383 1378 406
349 -1824 425 1736
1296 -645 -1928 691
1543 -1611 -1553 1164
1453 309 -885 490
261 1765 891 1832
211 -729 -626 951
1503 1434 209 1545
1926 -295 -1693 695
1528 -1611 -351 973
171 1763 1391 1705
838 -516 -1578 543
1399 -304 -1425 695
974 1075 844 1261
1728 -495 977 961
821 1861 -219 1413
1865 893 1558 2
1215 1294 -1153 1219
1545 524 1475 775
849 -1199 -1692 1763
756 1331 -622 558
690 1729 -149 164
1055 -1190 -1171 964
1141 -1248 565 1586
656 -1690 -60 133
768 1563 1677 666
1851 1949 478 1967
296 1775 -1451 1961
132 418 -576 943
1441 1030 873 1724
1491 1167 -294 1073
1921 1168 -181 256
122 327 -1883 1714
1437 20 -1699 274
1455 1390 1684 736
537 -1507 -1160 1360
744 1055 -831 1144
1564 -407 1935 1589
585 -667 901 1494
808 1554 -1667 1968
1815 1104 1633 1368
549 -1461 1768 1436
1655 135 -1231 219
534 88 1859 824
239 1574 1006 1803
1297 -39 1257 799
1090 109 1303 1157
1067 1274 -1632 32
103 156 1132 1864
1448 1050 -1901 567
898 1892 1803 1726
1358 -1677 -486 1729
1961 -1857 -731 791
1298 -1591 334 1867
1055 -1181 1248 990
201 52 217 162
1179 1583 936 1280
1655 -743 1031 1059
1569 -909 1583 907
1490 136 1823 1756
1942 1334 1644 124
1502 -508 -587 1528
671 -601 1904 1215
1842 842 1078 1429
1186 -1798 1930 722
161 -350 -289 753
899 -1104 -1975 1953
336 -130 -1019 1031
198 1797 1738 1770
886 -1257 1828 406
691 -1222 27 1802
710 686 1530 1450
1452 387 -567 1677
294 1718 862 176
1944 -537 1003 1841
330 -1948 -876 388
186 1819 -1150 322
856 1860 -921 1877
1705 518 1669 926
1941 -1076 -17 239
1449 1164 1547 113
214 -1400 -1011 1984
1760 1467 -1055 889
287 645 1589 275
849 -240 -1374 1859
774 -1887 216 1622
1347 -748 -1936 1099
1328 -1587 -301 326
426 -1379 697 1007
609 -119 -1001 193
1835 -1974 1039 1227
192 775 -1938 450
1084 -1146 779 45
1199 1546 -1558 520
1728 -222 1561 1010
566 1319 -733 639
910 -597 -726 1750
1528 -734 -731 707
522 341 1862 1239
987 -1048 -557 579
393 -99 1988 385
1076 -1158 959 635
1328 963 -244 178
1479 924 -806 1816
261 -494 1613 1958
1034 1670 -1487 1943
508 -980 -245 539
610 984 540 805
1290 735 1630 1629
1988 -1560 1476 575
436 -128 -1182 939
1684 -1995 -1893 1411
831 -834 -386 1103
616 -1794 -1362 908
1425 -1870 1079 713
228 37 -257 1944
1086 -1468 1367 1395
1710 -1508 -1314 645
395 -649 1594 381
75 -1362 -1420 1807
285 -485 1701 386
