1802
1184 906 445 418
132 -1079 808 1469
234 -1358 540 834
1106 -1010 1826 1550
1650 -353 1895 351
433 1278 1411 938
701 -719 1459 1893
70 -1001 665 125
1568 -993 89 1266
453 -588 1846 438
1617 -1010 -957 242
532 -1935 1503 753
1252 1865 1816 1219
1256 -1867 1078 1164
1790 701 1463 562
773 1215 1791 690
1172 -853 -1907 1227
898 -1337 739 513
1035 1906 319 444
194 -2000 205 950
1129 -1316 -1884 545
762 -1905 601 863
850 1219 1142 1080
1568 731 -721 71
1451 -723 -747 1901
1641 -1466 711 1373
1625 1882 801 206
666 -159 1366 669
1505 145 -19 1992
1271 -1523 477 83
681 -448 306 231
1751 951 -435 1614
341 1493 -958 217
1756 136 657 1050
650 816 1233 410
606 -919 1742 1188
1581 -1409 -1624 776
1536 232 -1366 841
1363 -568 -1820 1120
1768 460 254 886
850 927 -659 1870
1467 612 -463 1689
1278 1987 1704 1295
333 -1120 1562 125
1740 1724 -671 1649
1364 1100 351 1552
1185 55 1751 641
1717 -399 1697 1376
1395 -649 -1798 476
4 471 518 200
405 -524 -1207 1854
1495 -1321 775 375
1982 -268 -1731 692
1443 -412 -1784 441
434 89 -276 1356
653 -1181 -699 378
1270 -281 -1855 1203
1369 -348 -1276 825
1584 -1929 -915 37
1901 956 -1722 1378
212 43 -1411 1168
957 14 -638 1938
534 -351 -1382 880
1968 132 322 582
862 654 504 1939
1897 494 1662 1355
1326 -1840 1 1910
1405 1871 1701 1743
1612 -659 -1151 37
1859 1408 463 1949
222 -1973 273 1230
30 -28 980 67
1784 1675 429 1005
132 769 -387 367
1599 -872 580 1696
42 -1048 -595 972
264 -1909 -1450 4
20 1238 -1998 409
201 1848 1073 261
1976 -659 -1053 1346
1925 -963 1454 1968
1482 1969 529 932
723 -680 -1004 307
1713 -1604 1962 203
887 36 -1914 1771
1440 1952 272 1990
1671 -500 1492 149
1453 -1350 1352 1137
214 1753 -1079 1773
1084 277 -860 986
235 -1874 -571 496
1395 1982 1148 1340
1306 -1755 -343 908
583 428 -396 1477
1496 -1834 537 286
1949 1476 -348 434
1946 1923 -1129 1314
1545 -902 -92 1729
870 -917 -1909 1638
577 -1332 634 205
1584 910 308 262
1610 5 232 1557
1773 1678 -1139 832
1352 1942 -1032 516
706 -1642 1972 1761
1073 131 971 1833
644 -1298 1562 1493
890 1979 1414 384
1641 -972 -1468 1130
1176 -140 1910 1558
1732 1212 -74 1420
1583 -453 -1722 696
412 1757 -1132 249
421 917 -1660 1763
1477 -849 -328 589
446 483 -1511 1508
997 1482 -992 534
529 1408 1410 1064
1743 1226 1428 577
273 -62 139 1596
218 -1733 -138 1034
340 -1644 -477 670
666 1614 1337 735
878 1324 618 1641
884 13 -335 1116
1493 632 -1098 1996
942 -1444 781 207
1326 -52 -794 786
779 -331 623 1461
1774 -803 1292 682
226 -739 -23 746
1625 -619 -421 400
1959 -1422 1619 1627
197 -1077 -1045 1713
1215 697 1807 1607
406 269 1918 1737
127 699 -782 1864
643 872 195 455
397 -1999 -1258 1630
847 586 1735 423
1901 1201 260 1652
672 -713 653 1223
1236 401 708 1559
1994 -1015 -1591 946
1575 181 1687 885
67 -844 -305 182
475 448 -352 475
1280 1580 -671 432
662 -731 600 1333
822 483 -543 1790
636 748 -1249 1457
1337 -215 -53 795
850 -428 -1401 828
1775 -871 815 1958
1853 -1328 304 162
1325 -1148 -6 11
962 -1675 1759 1152
583 -1914 622 966
695 1851 -1706 533
1571 -1258 -1523 1734
256 1886 -145 1995
438 389 736 871
1618 -645 1718 578
1188 652 -1398 1078
434 1083 -649 1413
36 1731 -72 1232
630 -1824 -45 1089
1737 -153 74 2
209 974 1557 1124
744 1661 1737 458
1482 -109 1641 1627
1687 13 -1049 771
1845 -687 1 50
27 1026 -1211 1963
151 1354 562 1735
921 1830 -1910 1040
230 423 -1555 1206
1030 -1057 1719 1549
805 427 -699 477
1270 207 381 897
1899 655 -1518 1097
1215 1912 -509 904
604 -429 -901 1494
1477 -461 1208 1198
1854 1692 -568 401
142 1896 -1430 610
1348 -948 137 505
559 1050 738 240
421 1209 1059 632
1373 -1353 -1894 597
1077 1986 -266 350
124 1137 -1519 878
313 -1386 -940 1014
338 1711 1874 136
1398 -492 275 1501
1044 249 197 401
1409 1505 1083 1762
1847 1128 -1083 948
1200 -624 1957 1039
1679 -1220 361 735
887 -783 -286 1140
1938 1704 -1654 1472
667 -590 -407 1004
196 571 1954 994
1601 687 982 1764
123 -412 -1600 1556
1263 -1766 -1854 1242
1516 975 1304 82
1337 1400 -1777 795
796 -314 636 665
1379 1784 1668 179
799 1899 821 1589
1189 -302 1927 1824
443 1380 -481 325
1217 1943 301 814
1093 77 -1246 85
1213 1001 -530 251
770 -898 709 674
767 1179 323 1043
614 -891 1680 474
91 -775 -1291 549
311 1718 -882 888
1622 976 -91 139
1353 -1408 -1453 1674
1909 -341 -327 453
1763 -1928 1759 1118
1598 -512 -518 717
8 -896 -1216 559
1829 -950 -1086 243
1469 1167 -955 1244
975 -876 1705 706
713 665 -1894 240
1761 -726 58 1543
319 1774 705 986
912 -1966 -1539 1472
1269 -780 538 1574
1586 539 1117 1978
1055 1427 -1021 1185
1338 -567 1397 497
227 584 -1836 1000
223 -890 -962 147
1238 1174 -335 600
1413 842 358 1837
109 754 1365 894
594 -725 1412 1323
204 1280 -310 583
313 -320 69 730
1465 1840 1350 240
1521 299 710 1369
1609 552 -1474 983
830 -1879 -1482 1378
1137 1416 847 983
245 1941 1899 133
181 -1869 1006 111
1596 1782 1373 1341
187 -87 1629 1690
1894 -910 1668 1399
375 -1169 1360 583
1802 -704 186 801
1855 -77 -1685 1874
156 954 -325 1848
648 308 -814 631
833 -1194 -74 856
839 -1015 1282 661
782 -48 1908 271
1648 -1175 907 984
1945 269 1075 729
1513 -760 548 1965
102 -944 1596 1268
487 -971 429 66
810 1951 1938 237
1103 1543 1918 562
1610 1927 -161 1248
1061 1136 411 1675
923 -630 -355 571
1743 349 897 538
1747 1710 783 362
1761 -1222 48 1181
454 9 -398 1275
34 726 -232 1759
1753 1244 -1335 74
1973 41 -1399 1423
1729 1417 -696 1093
975 -440 1710 1401
1716 1896 -1473 169
1415 1343 -469 889
1573 1257 -1560 354
512 -1305 -1899 1982
1067 1386 -1904 1550
399 861 -498 1780
1722 -1509 -1613 281
667 -1573 -1654 600
1271 -1280 1602 113
919 441 -210 903
920 947 697 242
601 -678 1191 1630
1648 1627 533 123
694 1237 -1094 1515
406 -1947 -896 1270
1586 1276 -1799 1753
1870 682 -1819 930
467 899 -293 534
77 -1589 1466 1324
862 1388 -59 976
1177 1198 876 1697
1383 1677 -1999 162
1317 49 -1901 172
1428 502 -912 747
952 1887 1259 717
1130 -470 -503 1927
1958 -55 1046 367
1150 -1547 1359 962
1541 -413 -868 1632
100 -346 -1502 1307
120 -1006 -68 876
1330 -1999 1427 222
1270 1170 1664 433
156 1595 832 616
1251 -1803 533 299
1769 367 -1603 886
1444 249 1420 1208
620 511 -749 1589
1262 856 133 1877
1083 506 1463 691
486 -799 -1298 1806
362 -637 -842 571
1586 846 542 1841
1935 -1386 -42 1211
454 -619 199 266
1407 -331 -1153 129
663 1754 -1780 663
1103 -423 -1875 104
1498 1363 282 852
419 113 -1817 1119
1605 1372 -852 688
1089 1391 -1299 1266
748 -143 -1421 773
1854 1665 527 1901
1444 1222 873 1378
1182 -62 -1147 111
514 -1577 1937 420
1783 -1108 1155 516
1179 1700 604 1735
1406 -1985 -278 1161
1492 873 -1032 1081
199 -1064 -538 1979
1875 961 -887 1351
57 -1016 -1394 968
1132 771 -1398 141
1190 -182 -437 1275
1444 -91 -316 249
1926 1518 -458 1122
816 -887 1774 1575
12 192 -303 779
454 -1477 1268 1141
494 319 -1501 1345
1018 1481 464 1535
321 -308 1921 675
1265 -1099 -1138 499
649 1148 1936 252
1728 -1843 1479 1134
1357 1679 1927 1947
124 1485 -447 988
31 -1137 -686 492
795 -129 1226 1547
967 973 -1716 796
32 794 223 1927
808 541 -1946 328
658 -501 -1326 750
1640 -1406 1207 1069
1814 642 844 108
28 -1305 -1856 1704
1455 -1499 389 719
1752 1147 1608 438
1107 -1661 147 1204
306 153 -423 1492
824 1418 1699 1431
991 328 968 208
1202 -790 340 102
1795 792 -953 1429
70 -1817 1877 1949
1236 1058 -669 1090
778 -1403 -1749 1242
1351 -1581 1196 1394
177 1890 738 330
1921 1498 568 516
306 -1970 -1810 633
1702 1399 501 580
545 -43 -967 1732
380 -1867 -1365 1326
899 1790 -1206 1418
1128 -1082 -203 1457
1470 1603 189 933
1182 1174 -732 569
405 1761 439 197
452 -1785 1922 1379
1967 273 -1510 1925
1807 784 -1155 1244
1344 1186 -1780 210
691 379 -1841 1682
1405 1265 896 394
118 226 1511 1728
1084 -1742 479 42
845 1614 -1167 260
640 320 1425 718
1533 1630 151 876
896 598 -1866 724
1290 -1083 753 1203
592 -1389 1052 1993
202 -775 1145 408
229 960 -614 1161
1330 316 1561 1031
805 -1426 275 801
54 616 -494 1868
99 -341 -510 1519
604 -70 575 1702
1078 39 151 864
1241 1479 1264 1601
258 1437 -730 1217
1858 -1443 -167 1626
1036 1014 -572 157
1819 246 -1213 270
394 216 -1215 1732
1242 -1480 327 1594
543 -1422 1098 561
947 1993 -1308 1468
194 19 1996 450
45 1645 -275 143
727 -326 -1308 19
1115 -1461 1583 1265
915 742 1996 114
866 280 -1764 1568
1404 1309 1201 1403
809 1622 1892 551
278 -351 -1359 1116
1539 1662 1434 293
1141 -1323 -311 1121
662 595 801 1718
16 132 -238 9
1718 -69 -56 1862
156 -1162 -1396 1278
617 -150 -1951 1700
1228 -431 803 1664
1716 -1582 -132 1068
1111 -105 692 489
908 -1771 -1016 1883
1281 -1179 -1986 1305
1861 -542 -367 1326
671 823 -968 155
1157 -1810 1425 210
118 -147 33 284
177 -1883 1071 965
1788 19 -1882 1723
734 216 1512 290
1172 -912 550 1954
16 -243 574 887
261 -526 176 1265
877 1219 -509 1618
1363 1489 -1023 1874
1817 -445 -700 1646
771 791 -590 1157
267 1241 974 394
299 -119 619 1349
1925 -443 31 978
911 -199 799 1520
927 1501 1516 210
452 266 -925 354
1261 -777 672 105
1551 820 -799 313
1459 -1067 1683 1619
1093 -1701 -1859 1617
1478 698 1632 125
1563 -269 -41 1640
957 1528 85 1764
1879 1865 386 1818
75 785 991 1750
605 895 -307 261
1734 -1104 853 686
1090 -465 -879 950
1075 1492 -1683 1850
700 837 -1408 1689
918 1931 -746 1240
1950 -482 -1196 44
677 216 568 483
335 -1420 -1343 668
309 1759 -205 810
1747 1558 -281 1125
1178 -429 797 1720
1311 -108 639 468
1338 -278 1184 156
1640 1394 -1648 1911
1674 -283 128 1154
308 1558 829 587
302 1577 953 231
1175 354 -119 1052
1085 106 -1766 1944
1125 -1682 1526 1624
1226 -1327 -713 1218
1654 -387 778 1420
1610 -1622 1446 754
524 1449 -1112 1748
1380 -547 -333 549
206 1027 369 973
299 76 -1514 1992
1295 -1587 -1830 1269
1716 1475 -1774 985
838 1204 -251 761
1302 -1792 676 1171
151 434 -1184 1430
1092 -1419 -27 1861
1432 1473 1718 248
932 1531 1981 26
988 -631 -702 828
1450 -108 164 705
1370 1190 1457 720
333 150 -1748 1590
1718 -277 -1101 1457
1359 -101 -1621 917
421 -86 -1200 555
1816 -246 -1303 1453
1533 1716 154 268
1435 14 -1917 1514
1985 1678 -106 176
255 -1996 -76 841
1448 922 314 261
342 1595 -1463 567
1718 669 -677 696
232 -1344 -929 226
576 -1086 -73 373
1768 1820 -217 37
1644 -460 10 250
812 1268 1439 1070
77 178 -1625 1587
1352 -266 1812 1675
1738 -1485 -1439 734
1411 -1726 1143 743
1143 1438 1965 1047
896 -1023 927 497
1017 -1405 -212 1868
932 773 441 1365
566 1732 591 58
1734 -849 505 703
129 1464 1570 1629
1001 -301 904 990
1041 1797 -520 867
931 -416 -1014 1998
1354 -360 -1520 1144
1064 489 760 1420
817 -509 -601 1802
1310 1936 -816 1717
380 -784 -1746 597
298 982 -1524 1494
1438 -637 -408 423
417 -1186 -1812 1100
1166 -1325 -1801 877
1799 -311 557 1477
1184 -567 726 627
1314 -1432 -1590 156
986 -799 -1150 71
615 -727 -1150 224
1727 -1126 1457 837
842 69 396 1388
1382 1908 371 1963
33 -1236 -170 383
514 -1463 -909 166
1553 1920 1957 1732
779 1887 1322 146
1791 854 1497 586
899 -1790 1342 1501
1871 -1573 -746 1661
1840 863 -435 963
1495 1139 243 106
312 123 478 482
12 1518 277 462
1311 -1339 -1083 1510
546 -877 -475 374
1466 -210 -306 1453
1935 -1479 688 1743
1326 127 312 148
8 784 1508 247
1937 1957 -1312 39
161 729 277 969
614 1273 701 1172
784 -1282 -728 1715
1076 782 816 791
394 -1758 -1915 1987
15 151 5 526
1572 -1381 1875 1124
1021 -1669 -1933 1765
1106 -1971 -1653 405
465 -1661 1118 378
1610 -574 663 978
978 601 -211 1834
561 -761 -959 551
436 1817 -639 1217
603 -631 -917 67
300 -988 -132 93
526 -1503 370 1778
783 1362 490 1242
639 -168 1804 1153
67 -1939 1257 950
738 1966 -1855 1357
1387 -844 998 1294
1454 354 -20 1412
1998 1912 794 1774
950 1243 -544 1345
1936 380 1745 596
463 -1585 1313 1810
1847 -1603 1179 860
1791 1778 -1380 853
262 571 -929 1124
1083 934 -1195 1861
788 602 -1612 536
1160 382 830 481
197 1057 1893 1238
1387 699 1262 1172
990 163 1642 1771
408 -308 -1739 1149
852 622 251 995
1444 1143 134 440
1357 1290 -656 652
1302 -379 1527 1106
1325 -703 1969 594
1761 1983 975 1768
1577 13 -1753 1459
1755 1673 -1511 551
470 -477 32 1451
1737 -1005 939 1596
1785 534 -1581 1288
575 1843 -175 36
1720 -564 424 1895
1571 1256 -1711 60
1078 -1435 656 372
1882 87 1513 1618
1146 1055 289 1965
1368 -451 1355 1777
1688 332 -1077 494
1747 -611 -132 536
566 -98 84 1845
1312 -23 1827 594
1335 1749 -923 1054
596 1153 -192 1854
802 -1947 254 1144
1795 -327 -399 1063
1131 -959 604 1805
435 -484 -1984 1996
807 -999 1280 1708
1305 297 -796 1737
1356 1341 -1982 1746
1753 1886 459 731
1661 -1652 907 1772
1801 -1744 499 607
785 -1662 700 774
62 -1470 -1486 1810
124 1125 704 381
364 1905 495 594
1187 -458 -1835 1519
778 1362 213 1594
476 1912 -1057 1961
1162 -169 -1859 808
298 -1368 828 119
1428 -1722 -1689 650
852 -75 613 343
1851 -907 1189 1451
750 -1636 1796 38
165 680 560 378
1645 -116 1160 416
935 -537 -597 1730
1591 18 575 1442
1109 -286 -1926 1474
1087 378 -1466 1034
181 -1987 1720 422
108 700 -1713 1173
428 -357 1515 1371
1538 1528 -1989 783
927 -381 124 1998
1510 -155 -369 886
146 -251 -811 1404
1102 -722 -201 1847
1019 -1797 -1321 898
733 1680 1383 1470
158 -1428 -169 1165
442 -468 156 1433
1954 778 1682 1979
1609 1269 1241 1028
1626 -1406 531 743
1664 913 1352 1533
860 191 -1622 1312
738 957 778 1600
892 680 36 417
1414 313 -686 1019
64 546 -611 1209
912 931 1444 458
1725 869 -1613 1331
597 -1158 1568 155
1655 347 523 1694
1738 -1399 566 747
581 1452 -350 1334
1924 1406 -592 134
1018 1263 -1751 840
969 934 23 970
699 1372 -808 193
13 825 1886 1268
255 1456 1461 574
1397 -944 1647 992
329 -312 1998 236
1318 -1924 -1323 1083
1486 -912 -328 1032
838 -1437 1143 1555
629 1933 -1901 1040
1432 1338 -1556 1285
1585 1747 245 1663
739 1578 -1549 1965
1624 1077 -1000 1860
27 220 1458 345
1998 139 1411 1626
1126 -412 -174 1206
938 -1127 284 1088
215 121 653 1600
1039 -1319 -1977 1906
1061 -176 -964 293
1986 1764 -1046 620
788 363 1908 1057
842 -1455 1811 1485
1513 323 1602 769
730 -1081 -1780 1601
441 -301 -1542 788
1480 -528 -821 149
1498 -92 -193 1029
88 -715 -1490 1286
191 1838 -855 817
1072 1406 -1721 1137
1823 -1671 -1275 614
1493 272 144 772
958 -1481 -617 673
1916 848 -325 10
1138 -1691 -113 1854
1705 -1432 -1565 513
1246 1228 -859 1851
1826 -1232 -1422 1543
729 -115 112 517
172 1843 1603 1176
1655 -1161 -1414 792
1739 497 1812 1920
221 1139 -535 1937
165 -926 421 302
1376 -1744 -659 638
687 1378 110 110
918 -1726 1097 1148
1598 -957 639 221
1523 -1280 -397 727
1254 -1279 169 792
348 869 -1449 1069
1085 -521 1097 1564
1686 -606 -104 1467
887 1436 30 902
1734 49 -745 1789
75 -1777 1696 1475
370 1175 -479 1696
1564 672 -1917 1488
1677 -1475 -39 1826
1743 170 -1697 1387
1230 -1450 1973 1232
1083 784 1254 591
1018 1783 169 1239
3 -633 -1957 474
468 -1109 1935 514
141 -393 -1585 394
834 113 -1922 1
861 -1458 -108 1723
362 387 485 831
1114 -1371 1631 441
1312 -1418 -1111 506
423 1416 307 531
1113 -1038 942 686
281 -1733 1340 1813
1131 -67 -1061 745
1367 -1579 -799 268
489 977 -925 1975
1044 1072 -610 197
1098 776 -307 550
101 -256 1270 1341
1106 -96 986 707
705 -434 -1419 450
214 1507 43 138
1611 1102 -271 351
396 -1885 -1394 600
761 662 -761 498
1783 944 1451 1132
1040 -1327 1340 857
942 -63 359 545
772 -1393 99 1007
1765 -1703 -218 1492
219 594 1030 1699
1121 1979 1098 483
1626 608 -1591 736
1256 1594 -1692 1707
1077 -1164 1854 213
189 950 1973 1976
1234 -1514 1570 158
1095 -941 -280 776
934 -1614 923 424
602 -1238 -991 279
309 -1100 1587 672
764 1497 730 1219
966 514 1997 675
928 1315 1136 1560
1803 -988 -1817 1854
253 1952 94 1028
1036 1044 854 1406
582 -384 1355 1572
556 -733 1742 545
642 -173 40 1364
833 -547 1403 1570
822 1658 984 450
240 -342 689 656
1317 -1830 -762 858
1726 -1611 -1108 1670
1734 -1211 -1699 1898
719 1942 1020 1363
1965 -669 -76 1903
1176 -102 111 434
47 -1242 929 1717
880 -1961 -1552 322
1153 -1441 -810 138
266 -1528 1802 831
1416 -1792 -136 1210
1420 738 -645 1750
282 884 1129 595
1307 1826 -1844 884
1211 254 -704 1185
1275 -614 1129 1846
1104 863 1895 1730
66 -609 -354 793
622 -635 -715 1363
1957 -556 1871 1882
1259 1522 1768 1248
600 -1090 784 1303
1834 62 1392 1047
962 -1683 1132 1723
1250 -1066 -1214 1396
1253 1076 1652 1141
1207 1946 156 1269
969 940 -87 1616
639 138 -224 822
49 -955 1430 1643
1437 195 494 1397
563 1811 1090 258
1352 -1875 -515 415
1796 -170 909 1825
1092 -1376 835 1536
1016 1302 -1408 407
422 1411 1294 1702
885 -1522 219 496
1315 -1564 237 1373
1904 -1565 722 1225
1025 -1707 739 1347
238 -1781 888 31
323 -1968 252 389
1267 -1857 -1890 351
1808 321 -1311 175
1605 -439 -1869 551
108 -1778 851 63
1848 -952 -1757 850
1229 -926 -916 481
339 1581 318 1886
1142 122 1748 1075
73 41 -1448 1673
1422 -31 -1313 145
111 1122 -792 1070
1049 686 382 105
1388 -805 1948 444
332 -1636 -1610 232
819 -702 -414 1999
1644 944 -1662 154
394 1104 277 388
1391 1134 1645 860
1493 -1027 -1924 1528
1161 344 1420 125
826 -1333 157 616
351 -1456 -1973 568
222 497 1698 1809
1094 1885 1177 90
1686 1107 -576 880
99 908 902 1793
326 -80 1551 1138
1628 -1172 -1402 1786
84 1439 -633 1652
1701 681 -99 673
869 -1649 -1756 339
1474 1713 -1299 1940
221 -740 -187 1517
1387 -499 -170 1647
1219 1991 1399 1341
802 -1675 551 1600
57 -1388 304 290
1534 -564 1458 579
919 810 1363 1864
1330 -1600 952 214
2000 1802 553 731
885 281 -98 86
1002 -1346 633 74
1788 -1451 -1417 1999
426 -1135 -1536 1617
986 -1600 -1008 95
1092 -406 1559 269
405 1889 -277 1043
1822 1566 -1280 203
675 -1146 -178 663
397 1016 -1726 1192
1064 1874 166 920
1446 1744 -1576 1745
361 -884 -744 1604
1213 697 -471 852
44 -1292 1343 1864
1464 -1686 1946 620
1412 1426 -1246 1632
1035 -611 318 728
712 -570 -1935 1722
588 -529 -944 1251
1596 -1625 -575 1250
912 -755 1123 76
1845 1120 -1783 1606
1708 1098 -1670 878
905 1030 574 99
820 -183 -1542 1448
1116 -1036 -1370 277
703 -1230 1014 438
1474 -1581 -810 634
1263 -538 1877 1413
1330 -1871 -1745 1902
1212 -1738 5 306
1 -649 600 783
697 -1389 -1294 1434
1234 -774 925 1706
1132 -603 170 1402
1052 1343 1308 1899
1882 -1296 -128 319
1042 -1525 -1195 31
167 666 -673 631
476 -1265 403 1573
1161 -1785 -496 1325
1308 -334 355 311
165 710 -690 1695
312 -387 1617 773
1407 -1855 -298 747
1974 -639 -1314 1754
1165 977 1974 1725
1834 -441 299 1363
868 -1594 -482 529
521 1659 1962 974
1305 1160 -538 1366
344 -1158 -1738 56
704 -1336 -572 1656
221 909 -1093 717
207 1100 1261 596
923 -806 -671 763
442 970 -456 39
1897 -1941 1299 1039
168 -26 275 1886
475 -669 -1140 389
460 1138 1625 1510
822 -928 -1441 1050
860 1724 820 1356
1552 164 -1420 284
796 1188 -1208 446
1805 1777 1033 1368
194 -1859 -1625 503
1009 411 1973 1242
1427 -1064 -1772 614
516 -1523 431 192
372 606 795 438
88 1328 -1226 183
697 223 1051 1046
1795 -1923 1185 251
504 1283 -495 337
1627 -964 89 841
469 107 -355 838
804 -1123 463 512
1495 1272 1646 1873
931 -365 1145 810
1969 -1706 259 1215
557 -1868 -334 1415
57 -868 126 461
1992 328 -610 1282
1683 1589 -174 344
232 915 -1701 1592
1877 674 1249 1997
1633 -1070 971 135
1412 -1045 1977 1642
299 1604 1404 1020
1061 1363 262 890
440 -1331 1231 851
204 1036 -344 1339
654 -1237 -221 1626
1487 437 -1549 955
451 -1518 -864 861
339 -1033 -1636 117
1483 1720 -87 1082
460 -131 1794 216
139 328 1932 206
1520 956 -1120 1488
1337 1097 1295 597
1764 -1976 -979 1178
1096 1612 104 1373
765 -119 -1741 274
1023 -1451 -1785 1922
831 332 -310 1783
370 -1744 -1442 354
960 1545 -1927 1333
1158 1128 1301 841
1157 -172 168 842
1824 292 1243 1894
1346 981 1398 449
1574 217 -350 1331
1101 -355 -1123 1496
300 398 -578 751
363 -470 -829 924
215 330 -577 919
1824 983 1386 1963
684 -1715 -1016 263
1426 33 -648 1856
1712 1569 695 1021
1878 -1692 -1862 1002
201 92 1966 358
129 -1851 -1782 1509
1610 -355 -303 382
599 1531 -1659 13
122 196 -681 835
1758 -552 -1674 1121
1246 1460 419 689
1146 1419 -1934 781
1369 58 -127 406
1906 856 -1270 1550
1122 248 -1733 814
25 231 238 1617
268 291 -1227 727
37 -215 -119 1875
926 564 -1815 14
1546 -438 1423 1809
157 -1088 1166 79
1086 1864 -27 985
492 -101 -1913 439
1414 1041 1489 1750
322 1159 -589 293
1735 949 220 663
1554 -1951 874 1011
389 1955 -415 583
1619 1507 -1684 1697
86 678 1683 1717
890 1206 150 1914
735 620 -1795 1596
1866 -1687 -227 1244
1188 -1027 -114 1867
826 933 -41 1027
123 1189 -1584 462
1021 910 60 1996
1977 1564 -1588 402
1450 -1601 363 6
1138 1907 -1142 1764
22 -814 -1443 1452
701 333 -1525 1473
1556 962 1416 1403
157 -1809 955 1414
459 -1012 580 577
1975 297 -1344 496
447 599 -1464 491
1410 -62 1331 1901
901 1929 488 965
545 -498 155 1000
1330 327 1591 1293
1417 -1239 1145 1295
1643 1903 916 255
1073 -263 1791 912
1430 -42 548 1241
1372 727 165 1303
1399 -301 -117 888
352 -1363 159 96
531 193 1313 1336
49 -1299 1879 1114
1535 714 1590 1175
1861 1576 -336 1473
1825 -230 -1613 737
257 1863 504 1794
1132 -253 -110 1668
154 -944 817 698
151 -1494 -1765 1100
692 254 -481 486
998 452 1801 695
1813 -85 1729 1635
1278 -175 513 674
898 -1302 1904 158
1829 169 -345 1785
512 -1045 -858 821
1999 900 -345 1370
467 -1521 1722 467
1777 -1455 -676 673
545 -346 -1776 231
1504 -1003 -1040 1580
14 -926 -1758 1804
273 1524 1553 1479
1024 -1427 546 833
921 201 -1610 592
380 -449 -467 1681
606 -1286 -1675 52
1239 1568 427 1387
1828 -1051 1343 1775
965 1717 1322 1083
1120 -1985 -1095 1839
1869 864 1611 206
183 -625 1827 1712
81 950 -254 1089
1935 1072 -1104 560
1913 -946 1749 1073
908 -1532 -354 988
392 -267 -1870 763
1363 868 1133 256
1604 673 -1601 765
1225 -1388 -148 1977
609 -1735 608 82
1987 -263 1089 1350
1814 928 1533 8
262 -2 1290 1698
982 1418 -624 189
1448 250 499 458
1670 1392 -693 1644
221 -492 1727 284
1533 -1791 -436 772
314 1287 765 468
606 -558 941 177
1909 -1393 1284 1409
47 607 -1754 1280
961 543 1242 701
1972 -1418 835 1885
1157 1020 -1556 920
484 -80 -711 1319
165 453 -85 172
1569 -11 596 938
630 -434 -1639 1001
675 1147 255 148
301 1195 317 186
301 -1627 -1990 912
1216 285 -205 813
1957 720 -1351 1148
819 -1976 -1477 862
1344 870 -1133 1429
1179 -1361 -718 1211
1203 944 -230 1177
1901 -1830 871 304
946 -1816 -1410 131
1006 327 539 683
1667 -79 -1915 562
1332 -97 1693 72
714 554 333 146
610 -29 813 805
1069 -507 852 1247
1695 -232 -1928 15
513 -1187 -1623 696
1872 836 1566 818
1979 1088 -1958 329
1560 809 -383 1084
367 713 1072 399
1918 -1186 892 697
19 361 -1406 1479
1637 -828 1471 263
1292 1797 1027 574
1140 662 1400 1891
1855 -1094 530 929
368 -262 -1785 489
320 44 1723 446
1100 -723 1225 871
917 -424 726 32
1135 -1440 -103 473
1346 140 506 1430
1612 -1684 832 141
766 531 157 907
1194 1797 -220 1199
764 1954 -896 1390
78 1942 -1920 93
1553 -1973 977 1450
843 -843 1440 436
1924 1999 -139 942
744 -116 487 1600
1080 329 -696 102
376 -534 -614 1567
611 -591 522 175
403 -397 -1750 1037
745 1944 1542 470
1419 -950 -384 744
944 238 263 56
102 1708 -339 173
413 1777 -381 674
1818 -839 -1409 504
5 262 -359 1505
1403 1716 -87 758
1068 -869 -1477 1363
686 1569 1612 1798
1160 601 151 1539
1480 1337 -1916 1442
1374 -1190 -386 1935
414 1958 1659 122
18 -1493 1505 1637
390 -1899 -405 393
842 1253 633 1617
996 246 -1841 1788
443 -1297 -612 1087
941 350 -106 1009
698 961 -1577 1630
1590 1071 609 917
75 1989 1085 1914
1301 -821 -1360 1732
1524 699 1178 1360
1325 477 -761 1868
922 -934 885 621
325 -439 1144 394
961 -500 -1395 1278
1841 22 169 1514
479 835 124 1008
743 92 283 1929
553 234 1658 704
1802 158 -1175 1749
1747 1920 1979 156
641 -234 -900 1515
227 -598 898 47
784 -1819 1028 311
1726 -613 1220 7
1196 -1306 -1922 1991
633 -607 -902 194
874 -1749 1903 456
1432 -45 824 940
15 -986 82 1750
1665 -953 382 1633
1729 -1347 1684 110
1353 167 1814 320
276 186 -1138 31
564 -1017 -1306 1413
1853 228 -1153 755
1896 -1585 635 1885
1873 1158 1173 1802
186 263 1171 1365
838 -182 -517 1983
1278 -1991 272 1930
1440 -1773 -1160 607
1179 1571 1639 121
724 -1537 -362 1576
451 -1800 -225 432
55 -1248 742 343
1422 -1010 -1970 1546
1230 -283 225 1320
767 1516 765 1189
1647 -1378 -327 1673
284 1426 1191 1935
733 -208 -1487 1094
394 931 -1815 1347
1919 -1936 -977 1165
173 363 1386 1712
521 1235 -387 827
1484 1742 -1825 274
17 -147 1074 1308
585 910 1584 1622
1482 1457 1106 1086
940 -1740 1289 1944
987 1603 692 125
1288 -1021 1203 727
376 -1157 -909 167
1795 1113 1406 1231
422 300 -174 728
1602 -505 517 1358
698 -1563 -849 926
953 -1673 -212 127
186 1213 -652 1030
1006 615 -1116 1584
1882 787 1469 1884
70 -1624 1958 446
1871 -678 909 1518
1061 -1996 -1185 1607
1694 1563 -1215 568
657 -27 -4 630
764 322 1063 1144
1583 -448 -1390 650
1839 927 -651 763
1076 -496 -1043 255
1515 1998 -375 1933
1940 -1257 1133 1857
1429 1768 1010 1467
1301 1184 -1847 1551
850 911 1126 1284
396 344 -118 1909
1831 -173 1958 275
1901 -847 674 784
442 894 1048 277
1486 -1409 -282 1709
1982 1177 -44 1656
1620 1456 -1940 57
74 -1195 -640 1080
291 1973 1324 1073
1651 706 305 1140
1489 -260 -1222 1187
1004 -910 1151 1590
1347 -939 527 378
1036 -678 919 1086
46 -479 1184 900
406 -1768 -882 1014
1142 829 -21 479
1170 1541 -951 1118
625 1156 -524 743
738 -1343 -927 1201
756 865 320 1032
700 1511 368 1932
323 -1504 1451 529
470 -1811 -516 318
1956 -1667 -1457 526
548 -674 1781 1633
1708 -448 -1618 460
1067 653 -715 709
176 -142 -285 216
736 1580 1488 1573
1284 440 1047 527
1256 878 -1551 286
206 -1731 580 1742
601 1214 -1597 1134
1314 1701 -1367 466
87 1385 -999 770
1623 599 1903 217
1943 305 649 1638
1072 1918 671 190
1630 298 -178 1384
946 -1018 1763 655
1697 -141 1783 628
420 -1540 -1220 1338
710 -1920 1194 584
393 -408 -1463 874
1441 215 -1947 1073
1735 -367 -1206 1614
407 -290 -1508 1547
1010 -36 698 434
173 717 1882 723
1649 -1443 -604 1219
1865 863 -1556 1544
1734 -1117 -1858 558
1294 -1487 1394 1109
249 1431 -399 16
1139 203 1653 1943
1965 36 1939 1094
428 570 1226 1916
1209 529 214 733
127 540 -152 1121
1599 392 1604 546
431 1990 1452 466
135 843 -1113 467
339 -1638 413 668
404 -939 1470 1771
1855 1820 -1067 350
1724 -1436 1599 152
376 -1466 1139 1955
1315 135 -453 1976
243 912 1444 328
1104 -754 850 1159
1686 -18 317 1515
1302 -416 1999 609
1076 1010 -182 665
1002 838 -1251 213
1716 -1154 -1138 542
819 1622 -68 1023
954 81 -1851 1720
1172 -240 -721 1932
1900 -545 745 1747
146 640 -1067 265
77 517 -1677 1149
308 -420 927 291
372 711 -548 963
1005 783 -1650 519
1845 -1398 579 897
1795 188 610 1634
37 -206 1635 1780
1531 1124 -1205 162
425 -1462 1542 779
105 -1349 1902 1554
519 198 1339 1888
755 991 -293 737
1794 -1929 -1391 1843
1198 -1260 -1697 106
401 995 -937 1535
1838 24 222 1724
584 -1433 -414 1041
1065 179 1759 1651
1053 -1989 1951 88
1268 1045 -1598 1659
1539 -1169 -391 1694
1667 -132 -1622 1027
1329 195 -554 195
1821 -965 -84 1287
315 -1589 -753 1745
949 -431 912 164
326 -1340 -75 1960
1488 738 -444 1687
1879 -171 -1356 147
1941 -230 -1706 638
1444 -1166 1463 319
631 -528 -380 1892
1665 458 1865 1963
1483 678 -563 519
147 577 -1161 817
1960 1192 -1396 1269
287 1031 -1678 849
33 -594 1363 1913
1354 1442 -530 662
476 1141 -1587 1826
986 -658 490 1613
989 1927 895 1883
1475 331 1513 68
1499 -1759 140 467
538 -225 -1607 1912
313 -66 -464 134
820 792 -101 373
76 -398 585 1697
1958 877 1 825
427 -1100 1499 337
438 1781 1489 1104
1321 -1249 -1161 227
504 -499 -311 1656
1227 1361 1744 1060
433 968 61 1038
1640 1755 -569 593
1734 -1381 -1767 110
403 -1641 340 1240
524 1496 -539 1206
1266 269 -1574 1780
1113 -1246 -1584 1746
377 -1407 105 99
1041 1606 1822 1904
1455 1431 -162 835
1033 -975 1810 1164
1943 -514 1950 608
1654 -728 -1905 612
854 1630 -245 22
1101 375 -694 389
1763 -986 -689 1732
404 665 59 1115
1217 -1678 -1416 262
1727 -1287 -1308 68
1654 -258 -18 569
627 -1770 -543 108
854 -1489 1308 1194
1909 1037 968 33
1895 1857 1394 86
1482 766 117 816
222 -1410 1277 1226
1896 1879 1557 949
336 1443 783 1091
851 -1202 1842 1453
113 -253 1740 1614
1904 335 1627 1910
631 -1977 871 41
1412 -1703 -90 333
567 889 1193 1567
933 1739 -1978 335
341 -1278 -1147 1311
1718 1555 875 504
1896 1846 202 1204
1918 1710 1008 1205
914 -673 -483 573
1537 1550 1487 196
331 796 -932 342
4 -419 -835 466
662 460 -1540 60
1949 -112 1955 491
1801 1478 417 1660
15 326 -1400 589
953 -1228 1882 963
497 -283 1516 1620
586 1276 -1412 1438
1671 -856 -648 830
1506 -782 201 1306
119 923 380 1576
70 -1710 357 36
772 1573 -1698 1086
1018 145 -1524 1226
1573 -1835 1292 1742
980 668 1346 1927
1966 1019 1548 1556
1289 1914 226 745
1412 -651 155 350
814 211 114 286
908 -1825 -1497 89
295 698 1392 1170
364 1625 -395 1265
122 54 -194 1585
23 -864 437 739
1452 -998 -1670 1930
1812 416 1585 1645
913 692 1970 1545
1735 1034 1224 1084
1695 1345 974 123
198 -1453 284 1933
1131 1917 -1237 1677
196 -647 -610 204
202 1086 795 1820
344 1594 -1930 134
576 -1275 613 885
6 1439 -825 1385
163 -93 742 421
787 -1651 -429 754
823 -814 -705 1114
1700 -1426 1397 1949
66 1806 -776 271
1391 -299 -822 584
953 -236 432 595
1399 1114 -1868 607
337 641 -1082 961
1555 -1728 -373 496
1135 -1951 162 872
1912 -1080 -1700 1656
1287 1879 -1189 1748
1337 1499 -782 1411
95 931 1983 1601
76 410 1613 703
235 -122 1949 270
455 -1174 -1817 552
1713 -9 753 647
1662 -377 -909 1708
630 -970 1572 1081
614 1178 -1694 199
143 -911 523 337
869 53 -1788 1143
1360 828 -1611 1789
670 -850 -1762 249
15 1778 483 1800
1640 840 869 937
1313 1424 -210 1200
471 946 1739 453
538 -989 669 1459
1888 -804 597 777
1696 1978 -1713 1100
1128 -1670 -867 867
632 576 1965 730
1621 671 -708 1088
1223 1620 -251 936
1611 -1123 -950 316
913 -993 -145 453
111 -1045 1461 1140
700 -1040 -322 365
1686 -1252 1527 567
1133 1153 -1825 1213
549 -1836 -1591 1135
1816 1905 926 82
114 -1181 -1652 1644
1843 262 1665 889
961 -714 179 1305
227 490 -1612 287
119 1752 -554 163
76 -1516 289 817
329 -655 614 856
1397 -1634 623 813
1644 -580 -158 85
896 -1696 1367 1118
998 1261 1991 1318
581 1525 -1789 1618
907 81 1152 1145
87 1607 1656 1591
992 1869 -1996 43
460 -1115 -1350 1272
1706 -743 604 1128
1289 -28 456 804
1454 -1766 -917 813
818 -1521 -424 967
1490 1541 902 1673
1373 49 -97 814
1482 -1673 -769 1910
607 1324 -998 1510
1515 -611 -1655 692
45 641 728 540
138 595 -1519 1677
1995 636 -38 1229
1020 1677 -1835 1185
1807 -1004 -1620 1622
1623 724 -1393 443
670 -872 -496 1060
399 271 -749 1433
764 1646 892 1220
1641 -1730 -1294 119
47 792 643 1876
1850 441 225 1555
108 -1205 1879 863
856 286 -971 153
919 905 1446 1444
822 -1901 933 1895
294 -1342 -1209 1774
395 1385 -1442 1418
1406 -295 -716 1948
523 17 -657 878
387 20 -504 1338
1787 826 1732 1520
588 1064 1412 613
1617 17 843 1455
492 1894 899 1082
721 728 -1337 901
1192 -336 -957 1142
671 -1269 -853 786
1367 328 -688 278
546 -1156 1987 1857
460 -1577 1132 1383
591 943 -679 1855
1564 -192 685 902
1337 187 1804 1643
1902 944 588 1488
1399 491 -724 255
53 380 128 83
877 1388 -98 187
535 -852 -1049 1738
64 816 -233 170
584 -841 -305 948
1461 1084 -1832 1017
959 -274 -942 1213
1810 1194 -965 230
1247 842 -1038 321
202 -1025 -488 814
253 525 -1110 1327
1876 -1988 -1810 1165
16 -1222 938 1075
676 -392 40 1057
27 1233 632 394
784 1125 1902 1270
660 -1944 -270 1649
1019 -1367 109 490
1343 -1956 1943 373
156 536 -806 969
402 315 1757 3
1159 -1607 1124 418
1730 -745 321 824
1297 1122 -420 1791
1540 -1849 -167 930
1567 644 297 1487
860 -277 1065 460
1655 -1487 140 351
1296 712 109 1317
397 -830 -198 1692
1813 645 268 1048
1669 613 -209 1618
559 707 922 1700
1495 155 -69 686
1700 -1369 -1101 1781
597 -1401 127 30
1513 -1184 43 1303
293 -1400 -394 1151
1395 1281 -354 1289
525 1532 -1175 1837
1206 -1912 -128 647
577 -399 -1681 102
1192 -916 -1095 1086
934 -600 1774 1639
45 673 -18 283
1762 -868 1864 908
300 -1965 -1652 892
1080 426 296 1058
904 960 -452 236
1855 -1007 1768 504
870 1027 -345 1369
1355 1735 -1820 1160
1213 275 -517 833
1681 415 -1685 290
1376 53 28 1199
1174 484 368 33
949 940 138 1266
160 -193 -1085 50
272 1722 -1496 1141
435 -1442 -383 1939
152 -890 -1514 1671
1300 -1429 1686 1809
1616 -1971 320 1332
152 -825 -1731 1384
797 872 -696 57
404 -1048 1754 1206
1926 924 -1940 1507
846 1620 -336 1975
1230 597 354 1055
1594 -1736 1200 105
1275 1623 1504 730
1005 -1407 -129 1529
1937 -1954 1209 1633
108 225 -1892 1603
1542 1027 -141 1090
732 -762 852 1285
463 -418 -1333 120
1715 -1633 1186 1659
1953 427 -328 545
1237 1251 1590 1587
224 -1672 -99 1739
983 892 -288 1417
498 -729 1223 529
1422 567 1783 1947
1996 -1541 -847 594
367 -1018 89 198
402 1798 367 378
1168 1774 -166 1366
522 1026 1527 54
1045 -1967 1243 1369
937 760 -1499 147
1171 -1625 -630 1499
947 -181 617 1294
1999 1583 865 938
127 1839 -1435 708
1966 -453 -530 802
287 -1380 -672 818
934 1269 704 1057
1595 123 -591 741
555 -1086 380 868
870 1090 -1515 1050
1810 -1297 99 1943
710 -493 783 847
720 1457 587 88
1424 -1905 -1727 1615
1755 -1832 1005 1396
745 1102 -1098 777
1606 1558 -1139 758
1925 698 -1376 968
1800 -1691 646 1454
42 -48 -903 971
357 -400 -491 1287
1052 1435 884 574
1011 1703 -1198 1823
257 -1245 1079 1022
1541 -1687 -1630 1394
1678 1452 357 520
834 1651 -133 1310
1016 -838 -1328 1481
526 -1546 1158 1087
611 1467 213 1662
926 181 -1777 99
741 1830 1711 996
759 -1577 1632 1143
1267 278 -836 1832
1438 1923 1082 1623
1361 553 -531 1303
249 1452 -1574 1169
54 477 -1205 1375
1244 879 787 1377
1364 -1970 -1501 1067
636 1449 131 549
1123 -1077 1885 730
1598 -84 -701 153
982 1118 1693 1815
1112 994 -634 1644
1843 345 -1999 1857
1245 236 -853 568
1743 644 -937 1524
804 -808 1106 988
478 552 1986 1309
1537 -1626 -457 1925
998 760 1113 1161
1450 753 -1057 1215
156 681 849 1109
1346 -492 989 1320
485 744 -1263 142
192 1394 -448 317
453 945 -624 1057
952 1797 -1035 1610
1074 1863 1189 1467
1439 1257 1809 989
640 400 -842 1146
986 763 1990 1762
774 1414 1921 521
271 1251 -1280 663
7 -300 780 1559
1490 -1240 -1398 1768
1832 -1033 1033 1167
488 -1794 1476 1155
1088 -38 -1590 1696
166 87 1921 133
418 -80 931 1062
897 -1455 -1231 1450
1268 -1592 1650 1741
1519 -68 880 1856
474 687 -290 180
1555 -1841 -763 1923
394 -411 -115 1271
1108 884 1251 961
297 970 -1166 867
790 -1826 685 1526
1772 -874 -1911 581
1535 1004 1157 1904
1623 1302 -1429 523
1586 768 -53 1900
1136 1326 1693 1808
1910 1036 1108 646
108 -508 -1095 1218
1007 1981 1293 1036
880 -476 1793 1647
1218 950 -376 570
544 -661 1966 482
1701 -520 151 1454
1281 1549 -1311 1834
1595 985 -1498 1605
1562 1287 1873 338
1323 1318 1075 1787
1614 534 -1457 57
553 643 -405 477
275 -1032 -493 107
1978 1982 86 362
846 -1340 1419 1925
1299 -944 660 988
691 270 -1935 1172
