1275
697 -1835 -1936 1669
605 -1811 1619 1883
636 -1445 488 291
1237 173 -1457 329
1309 -1847 639 1629
1694 -108 -1204 1586
1538 -279 -907 65
1308 -468 879 1652
1967 1017 -1907 507
1781 1594 1007 1738
1769 222 1111 73
1245 -451 -330 1955
5 -81 385 1111
74 -629 -132 762
425 -925 1906 851
881 -1384 -1676 1934
1433 -936 -1292 282
1495 -717 1693 1243
650 934 847 1816
1296 1664 1200 1294
1569 -1659 -1670 1995
1523 -840 985 468
1139 1226 874 959
946 -812 -1174 1450
773 1310 -240 66
1221 332 1500 157
1053 -880 1516 673
1087 -468 -230 666
575 1396 -424 1432
102 -1153 1872 1918
1024 -1905 -1613 309
1519 1983 -462 791
1046 -1937 501 1012
990 -1275 226 208
852 -1525 -1219 1731
329 1298 790 695
1617 1637 -1097 14
1797 -540 -1643 250
1697 646 -200 1779
678 666 904 1173
1577 843 -1092 687
354 -1837 -490 196
206 -1124 271 446
1422 1430 -369 310
406 -1962 10 877
382 -1863 532 1783
1668 -1417 395 107
1977 -783 -1138 100
463 -1129 -1430 1043
417 -1313 1679 1178
1212 428 -2 1234
1982 -999 731 982
1518 166 -1923 886
499 443 496 709
1227 -1497 -1489 1164
758 218 530 1285
425 430 -1600 464
60 -1905 683 1825
812 1500 -1132 1264
634 957 -369 1719
73 56 646 520
1940 -358 -1371 1269
230 1046 625 1622
1680 1620 -1005 1287
1798 143 131 390
1122 1591 -1840 665
1488 -1054 1892 1879
560 -108 -904 202
600 210 -1291 755
1855 1480 -1517 1718
691 -1628 -1112 233
116 1046 -1263 1386
1607 665 1065 166
67 1289 162 963
871 1252 -522 1927
1522 1179 -1852 478
586 827 174 1816
342 106 869 952
500 -600 794 934
740 -1551 -655 734
874 -1483 -787 1631
1616 -1287 1991 1597
754 -1966 -541 2000
688 926 -1787 611
591 -946 -1051 37
424 1921 1431 1739
456 -1231 708 44
1823 -907 -1152 1620
929 -532 -1745 1570
1752 793 1437 249
1423 -489 612 1523
1992 486 -1481 1817
1832 -744 1575 1852
1254 -1725 -1916 528
1967 358 -349 1547
597 1589 205 251
779 -1276 1862 93
459 479 -67 1318
544 -710 -719 958
1900 287 -756 720
1059 -425 -1133 1148
1934 -1987 -1938 678
922 -1917 -1752 388
950 -1532 -1878 835
1784 -235 1512 418
25 -188 -1177 1589
1668 1306 613 1651
475 726 593 1497
1570 747 -185 1190
1330 1457 -753 717
1383 1236 -635 518
1059 1069 -806 1692
665 -485 -1446 512
402 -646 -792 885
460 -157 -1134 1650
629 895 -1529 1155
308 1516 -483 1688
1265 -1219 -651 1285
1080 978 574 944
379 349 1144 1015
1021 -14 -494 1303
631 83 -875 246
1206 1280 -1114 1641
331 -854 -428 1886
538 -1874 -1314 52
1420 -329 1533 1694
1581 1562 -1684 1413
622 752 -2000 659
708 -1262 1180 1480
327 -1651 -126 120
1748 598 1028 1818
1980 297 -1486 683
787 -363 1946 345
529 435 486 1113
1492 -331 -849 850
188 -382 -1981 960
782 69 -1497 1585
1106 -1713 -773 1515
709 60 -1156 500
296 500 1925 185
479 1725 -276 1864
514 -1773 548 1701
719 -1767 1450 473
806 1267 -70 46
540 -1402 -977 516
1193 -374 -931 1760
1002 -715 1225 1720
1199 -1687 971 1640
1950 -1137 1190 1055
510 -398 239 1219
13 -1851 485 121
1099 -412 500 238
1021 -139 -1887 593
1162 -1529 723 838
81 -36 1541 308
402 221 1800 216
1904 1695 -1741 1520
1061 116 1748 737
334 -1668 -389 306
699 -1276 -1325 95
577 -359 -960 1430
1607 642 1304 141
1804 -1555 1152 938
927 -1350 574 825
38 -1575 142 27
744 499 -1751 1505
1715 1865 -1904 1381
422 -1183 -1102 545
936 392 -1711 373
512 734 256 69
362 -134 1829 569
1432 1399 475 1164
127 1767 1838 1326
230 1400 -864 1778
1627 -1266 -1503 64
1277 -1283 1131 932
1554 -834 376 1933
1059 339 275 1215
1564 1524 155 578
1389 1826 -1040 1888
1483 1937 -781 235
415 -1522 -554 1140
1206 1614 126 1029
1071 727 -1892 169
1552 856 -441 718
1394 -1175 893 1018
1920 1872 419 1507
1804 -1760 1696 1733
1322 -1682 1081 592
1827 332 814 1592
1220 1934 103 1603
1756 -1286 -1672 1903
369 -1213 -1015 89
684 1706 1352 1958
952 -504 1541 1598
263 1386 -1234 700
1165 1213 -1796 880
1859 1592 -1433 1645
741 -850 1507 1707
709 739 1839 646
1766 1433 1217 1069
1 -1762 -1524 1044
611 681 757 1250
1021 -1571 -1269 1140
403 634 -162 760
1214 1779 -388 1827
730 -956 816 1964
216 1386 863 1326
893 1660 -1089 378
1201 219 -590 786
1842 1671 1763 1807
1774 -908 290 685
1628 920 -1736 218
1108 1426 605 922
754 -1662 880 22
1799 282 -724 1816
1672 -689 -1038 1648
1853 -776 -1619 1266
787 -945 -281 582
923 883 -1097 1319
1113 -1356 1968 1973
389 800 221 1859
1933 95 469 969
545 325 1189 835
1654 -382 1984 1520
1380 -558 -1032 1763
616 -497 28 486
1299 271 -673 914
40 1256 1330 1257
1506 -1980 -1489 1964
1868 -500 929 85
103 585 392 79
327 749 263 1928
374 -1684 116 710
1168 68 27 111
1926 246 1447 1135
939 1518 -1343 662
970 1038 -47 440
1662 487 -1708 1163
647 539 -1139 108
700 -353 584 1818
388 -852 -1661 986
1740 -1110 1304 177
1828 -671 -978 205
1202 -1803 37 1581
269 452 744 1652
1699 -610 332 874
1843 163 1922 363
1428 1554 -180 1590
1581 -1187 1053 142
26 -1464 -51 413
1182 1687 1014 1804
1435 -1961 -1841 1341
667 -1135 -874 1
1483 -719 1215 722
1019 536 619 1819
1391 1415 -1836 890
321 -730 -88 1525
844 633 -224 930
1330 -258 414 1565
392 -952 1832 1238
501 -597 10 256
966 -1448 -429 452
1117 -841 1792 1900
1341 32 -749 1576
1872 -1091 1159 444
81 -550 -1968 416
1042 -1033 69 271
1544 656 -1662 1032
1594 387 47 240
805 1068 1528 1310
1531 -223 1309 318
1215 -1651 1386 671
250 -1511 -584 549
1338 44 -1849 535
1294 -1898 -213 82
187 -394 -1772 276
826 1197 426 1474
295 143 -734 1218
1555 -1201 -598 1650
1892 -982 1802 767
112 -1473 456 687
1765 1479 226 1624
292 1124 -1151 358
417 1837 1336 9
709 -1945 -546 1860
428 1708 1412 176
1016 -307 1360 374
220 1823 -519 41
1361 228 1225 58
1956 567 -145 130
454 -1281 -1102 699
27 894 906 1431
252 -336 1461 1848
1493 -26 -46 1862
1335 -884 -1937 1165
583 -772 856 412
301 -509 -1866 678
1526 1857 1016 309
163 -1069 -1873 1650
1320 -786 -86 206
158 1696 -1378 269
1233 1626 -801 262
866 1246 807 148
550 -1676 -1432 904
373 1516 -692 1892
860 871 1516 1153
1227 -1654 -1823 1418
728 -529 -1844 943
779 -717 -963 883
1088 1257 -1403 1631
1336 -1342 -1391 1997
951 1955 -396 621
791 -385 -882 1107
4 -27 1441 1863
207 56 -117 1027
1339 1914 -1697 745
1987 -88 -1816 555
210 -1223 -1068 113
89 -204 1245 1414
1372 1580 -717 123
1173 1305 577 643
1616 -1955 -760 53
334 -1397 -535 1982
18 -1808 -883 1372
423 830 618 404
407 -461 1009 668
549 -788 -1687 1170
1621 -1230 1097 611
1695 827 -1631 629
1615 1821 1539 142
984 1836 741 10
1868 1584 -826 489
117 -882 281 766
1760 1900 -1832 1505
621 1960 -1733 382
624 1219 145 116
355 980 -71 1975
1298 90 1873 607
1661 558 -793 199
1465 638 -382 510
1376 1512 -138 921
44 -1837 -137 591
1920 -1305 1983 1836
271 -568 -1128 430
1011 -1814 -1814 219
1831 294 -1698 1945
157 -1716 1359 565
1610 -668 -905 317
1525 586 1956 950
1883 -1913 1537 1814
1182 -1714 1923 314
1361 1684 -1275 1778
558 1677 -1436 1296
1760 -1426 -618 1053
361 -319 1623 388
1629 435 -1273 1445
1829 1555 412 1539
1246 -858 -1562 1239
903 1196 1721 971
951 1057 -769 399
1636 -1332 -51 1415
972 513 1087 250
544 1881 -1349 1845
1108 -1488 -846 1815
417 1645 -209 1107
980 1609 116 656
1308 -1769 1695 1196
1631 1366 -189 1173
1205 221 -640 1119
1388 -1343 1345 1137
515 -1140 1823 103
1599 653 -466 1473
1224 1341 -1856 1923
845 680 -1694 1747
156 42 389 943
779 -983 1427 1380
210 918 -832 1687
798 1070 -662 1904
1536 1465 1532 1114
700 -1488 1521 1717
363 -1835 1214 1988
265 -1404 -1438 1392
1767 1476 1418 1074
1578 755 1747 557
618 1547 1169 626
1860 677 -934 1689
1849 -1891 337 239
573 -724 979 1170
1640 1701 -827 119
360 -1747 -1497 1701
910 -403 292 1896
940 1625 -847 94
461 -1938 1221 1709
1773 1537 1705 1947
1677 -1730 860 1269
241 -781 424 537
1 1802 -60 491
251 -26 -195 148
703 -577 -1669 654
1650 -1706 1949 265
1372 1956 851 1610
442 -925 1823 1607
1900 896 923 364
1192 -196 -191 1928
1397 -273 1029 1745
1953 -1813 -811 188
204 -1747 565 1078
875 555 -286 766
1494 1626 407 488
1161 894 391 219
1207 1506 779 1156
1730 -1547 819 1393
485 -1577 -289 1383
42 -939 603 589
1284 1681 389 1950
231 -1682 723 779
1611 1263 181 1847
956 -1922 -123 1961
797 -860 -855 269
1776 -492 416 979
1519 -1492 765 1439
871 1508 309 55
488 1046 1935 425
1334 896 -1112 1986
827 -166 -712 1175
514 641 118 1952
1118 -540 1172 520
465 1145 1088 1199
741 732 600 1912
1495 -128 -114 971
214 -1488 19 596
553 -1203 629 354
1206 1267 -1958 457
1788 731 -540 1792
1322 -1886 -162 1076
709 -1886 -533 451
1318 6 -1920 18
666 -514 330 1976
576 694 -394 1313
1886 1320 460 1339
1389 -334 1681 652
1240 -850 1184 1706
1889 1536 -1650 97
1453 -1768 -662 769
1395 -713 -108 510
1248 1642 -930 1998
1797 882 -450 1390
72 -1477 795 1694
1967 63 1138 1280
632 1482 407 765
788 -379 -29 240
279 1478 -293 57
1418 924 -304 843
121 -1076 1441 1118
102 -118 -1048 510
308 -952 1058 1114
76 -191 -1945 966
1819 321 543 473
866 -1129 -199 384
1477 196 1858 1161
1261 -448 1671 313
1126 -593 1237 807
625 1562 1366 1774
1795 574 324 1823
885 264 1817 876
1442 -1333 -796 1118
1292 276 -1679 1041
70 520 1125 915
475 -143 1375 168
1302 906 176 792
1608 1657 150 1840
1254 -1924 1098 1037
584 -1399 356 1620
1739 1004 800 1341
1168 -1743 654 835
395 640 -1045 630
1348 -137 1550 1033
921 -1568 1922 692
667 1136 1178 738
1980 -147 926 724
183 935 -1719 557
840 -356 -93 1829
1088 -1587 987 838
1651 52 -1923 914
617 -1757 1834 1610
1408 1408 332 200
1016 -1492 334 1255
1126 1423 -439 821
1362 595 -885 600
136 -31 1550 1190
475 -1139 258 1387
1885 -964 -1593 1287
729 1852 -617 1021
586 -1959 195 486
1153 -962 151 476
1602 -1875 -528 1119
1815 -1511 -1996 691
1756 56 268 464
1153 1546 -1734 1217
572 -586 -1693 230
500 -976 1410 914
951 873 -52 221
1749 -1 1091 563
1106 -409 582 1843
1192 -504 -1089 768
1634 1052 -218 1412
1987 730 1396 776
909 -1269 -1878 1102
1914 -301 989 647
1511 -1247 1581 1917
1748 16 1070 426
389 -1516 -1020 1903
1444 -1140 -1081 1007
76 560 1145 1073
783 -97 1574 1265
2 625 -1169 1503
508 -1325 438 1086
746 571 1971 647
1470 856 -1320 228
299 1865 894 1701
1291 1943 -828 286
665 618 376 1799
552 1680 1499 1739
202 -1951 -1518 969
1081 149 565 1110
209 -387 1536 1065
1556 1316 -1502 1950
325 463 778 132
221 1048 -1454 1999
762 -989 -193 86
1515 -62 -1617 22
1189 -1437 1911 749
609 1385 1764 976
1419 -1693 -1510 437
997 -825 -1854 1002
1618 1802 -572 1852
907 -660 -521 1313
205 -253 -307 975
1577 910 -1169 1810
723 -265 -747 378
212 314 500 1354
600 -598 -1027 10
801 -1824 1622 870
1826 1678 1622 1246
980 -1958 -1368 868
1700 490 -1573 752
195 -1464 363 1455
245 970 -1774 2000
371 -473 129 1334
1849 -310 -956 329
360 428 1530 1477
389 853 -1922 712
344 887 -805 1912
1710 -1981 -380 1772
600 256 1851 1150
1802 1159 -1389 1375
1085 -1022 -689 1763
1901 -143 1533 1921
891 239 -625 1956
1452 1008 1269 284
840 1445 -1345 1470
812 -366 -230 208
1208 -264 989 1278
850 835 318 1080
146 873 -1813 161
1380 1155 1103 1938
1545 782 1761 1573
150 536 431 1178
19 -876 -1906 85
876 1549 -401 494
708 725 1451 1247
766 -250 -881 618
978 1805 -1072 1489
94 -287 -1616 380
1602 -716 963 166
1123 -1256 -876 1376
617 -972 -1145 93
416 -1540 -958 1924
491 -1835 442 178
1324 951 -1537 325
622 666 -1296 674
700 -1100 621 223
294 -142 1814 1978
1859 -1348 693 1504
202 1532 735 550
1127 1171 -1315 468
1645 -186 118 1334
990 863 1930 713
53 -197 -1191 1172
28 -1123 74 1564
1110 -724 -1157 1806
502 -1699 734 1161
214 1247 1788 801
50 -135 1799 1406
890 -1184 1253 1675
691 186 30 103
1031 1379 -1563 167
1728 -1717 -1969 594
545 443 -301 1524
1085 724 731 763
526 119 -1161 973
1583 1372 1774 896
1411 -1296 538 1681
1580 -695 202 1422
100 771 106 1692
1288 -318 -393 1505
407 -415 1285 1898
487 1723 1053 711
1633 -766 -1271 122
800 -17 -672 780
1190 -727 472 296
1608 1532 833 1214
1357 1631 -68 961
82 1571 -213 218
617 -1760 118 1507
197 1059 529 588
431 88 136 1545
1685 -677 1588 1441
1733 1361 1446 913
1959 97 -319 776
1792 778 -668 264
1904 320 1406 1835
757 -987 -1366 844
1941 -1102 -461 698
1161 -1545 246 1160
140 -768 -1056 32
816 249 -1019 1963
1497 135 -1933 1306
352 495 697 689
1809 -488 -316 102
1661 596 -587 1702
713 1366 -293 161
301 -760 412 457
135 424 -873 1351
917 -1718 752 1814
1102 -710 1590 1878
1482 -1746 -1480 1146
901 59 -1532 251
992 -513 874 1554
1888 1026 631 658
381 -1799 707 220
1364 -768 202 504
1222 1618 395 643
1191 -1446 -1254 59
288 1947 -783 1109
1693 -1973 -61 1272
1871 -193 955 1279
1242 -567 -1640 1947
1513 -131 862 335
1798 1479 -563 1842
1714 692 1633 673
1315 1691 174 394
592 1417 426 1361
1335 -189 923 1087
808 1763 -2 46
168 1370 -1762 750
655 1631 262 1684
1930 1678 1762 1494
1097 -1474 -1876 464
1234 -1062 -1996 945
316 -409 -598 510
917 1447 -1395 1071
1773 1389 -461 1869
137 1743 -1307 763
929 1688 -1727 1690
594 -873 -1332 1154
1292 -788 515 640
1940 -3 -235 802
1876 1268 -209 1405
903 -1182 1873 1960
1229 1761 966 1790
1725 1471 940 1120
590 -14 1661 641
1980 -279 -440 1800
1882 506 -1891 1329
1386 -117 1774 988
454 -1408 -1317 861
587 -1658 -686 1882
281 -1613 1636 752
548 -1970 707 431
1190 261 -258 1513
1995 -649 -1660 503
51 41 921 1636
1043 1841 -885 1072
1828 1174 -1597 30
499 -1236 914 1126
1599 -1725 -250 1140
607 1049 -570 55
537 133 -127 227
492 376 -1639 1679
855 1298 -1804 1304
1551 -1737 38 1980
333 -80 -1617 1328
1278 -1648 605 971
417 1819 -817 200
765 -1836 -1235 1560
584 655 642 222
641 1903 1227 1745
967 1999 -1735 749
463 1397 852 1586
1058 -1672 229 692
348 341 515 1449
1583 -1594 -1068 750
46 1531 717 819
1554 -85 -1503 1466
184 -272 -1794 1196
497 -799 -1984 1732
225 -167 -1065 129
1473 -1249 -542 793
1742 -890 -1187 1921
839 -906 -632 1109
178 60 -1284 1767
951 1254 1439 1591
436 -1268 -28 1344
1815 1780 1531 523
135 1672 1386 1450
556 1579 -1687 1631
1826 1038 1818 65
411 1387 10 1278
138 888 1860 660
136 1589 -568 1638
1394 -197 1685 1229
1193 -1052 999 948
945 -1160 -1013 1228
1650 1042 -384 1094
362 1815 -1417 1211
1322 1094 1279 1687
932 -22 1058 1386
948 -1626 1281 854
916 -1363 372 212
1045 -58 -832 847
365 -459 649 182
1924 -502 421 414
1910 -1133 91 1519
628 185 1593 482
706 980 -226 1337
842 -1461 787 1559
568 1164 -726 740
717 518 -455 506
285 1065 1550 779
592 -1295 523 456
1604 242 430 1787
1817 961 -959 318
1380 -1661 -864 754
1421 1087 694 426
529 1158 1354 1981
1424 891 -408 1431
688 1855 -1565 664
808 -292 -277 1475
1206 -432 1463 1745
1786 -1485 635 748
1048 249 535 788
1130 -896 930 1805
812 -1616 -30 1951
414 -933 327 1157
918 1209 -631 1503
1675 -135 180 992
1195 -1017 -1175 1600
1862 -1694 -1666 1514
1872 -1372 -1802 1679
67 362 180 2
1435 1718 -113 1275
1288 1659 1121 1444
895 -1481 -1794 95
1033 1919 -387 1517
1187 -1741 -843 824
1933 870 -1928 794
1243 -965 1971 1092
695 -69 -156 1800
1756 1414 -1376 1680
1965 -28 -124 581
1836 1548 -330 1160
67 1651 686 1724
127 1387 1111 1257
1967 -164 -304 267
746 -73 -1189 1266
1286 355 -1380 1072
786 -1797 114 126
173 -1956 -251 966
1980 1848 1038 1466
424 -858 753 156
1421 -22 1224 244
1117 1414 1404 1790
603 9 -1389 505
705 1840 -473 1865
634 816 1614 1317
1000 223 899 1065
1215 -1930 -463 310
968 5 1125 1677
1919 -1082 -189 24
150 153 -563 209
1824 -1045 -1555 505
1718 -1798 -1553 1731
710 1819 189 486
238 -1730 1996 1294
54 318 715 1691
1859 -1980 1960 1856
1909 -1468 1526 949
698 -1542 -1683 1718
1784 607 -1579 1155
1111 -252 837 782
1652 1817 -8 1983
672 -1221 -1854 1475
95 987 -1601 1513
1546 -118 1683 1908
1549 -1453 1535 44
201 -1471 341 1276
1155 1529 -1139 1525
1667 -1278 1337 74
279 516 -1950 866
493 1728 -1591 1546
108 -101 1535 16
796 1505 291 1705
9 -882 1045 380
36 23 -639 1460
1762 1738 538 193
1051 -1355 -1092 328
1932 -872 879 175
1030 792 -458 882
1084 1190 364 1329
953 -941 -1681 799
1656 -1709 -1600 4
1498 -1393 396 1388
356 -105 48 551
1454 -130 -1302 1527
1125 1468 -1846 468
969 -1165 -141 1835
496 1578 1115 1499
1809 -1788 -824 199
298 531 223 391
91 175 -1537 934
1625 -1955 -1499 1829
1484 1058 1527 583
1313 1051 -669 835
1016 -361 -830 1942
406 542 1572 1134
389 1005 1749 1376
1408 537 -204 1618
328 -1481 -758 849
1729 266 360 61
837 -361 -418 840
1584 -1114 1817 1787
1522 329 -1753 465
1248 -56 1019 458
820 393 -1680 58
872 -1868 19 1559
1743 1336 621 1262
1437 121 -618 1518
9 -1175 -1782 43
1506 -377 508 1213
359 -718 -102 1774
1230 993 130 1024
1918 301 -863 1413
1236 -1672 -273 1845
962 -1329 -1051 1179
1835 -1113 244 1240
1433 -552 -1085 1103
1336 774 1120 1943
760 -342 -1705 1037
1118 -1776 -1190 895
1923 -847 1562 1633
1204 -1287 -1432 1164
480 1436 605 1034
270 -68 -1910 1804
148 -416 1922 1812
1025 -1942 935 331
1636 -334 -706 1964
818 1002 1469 1927
580 971 301 735
934 -1663 1725 1101
234 -149 135 1930
659 -809 -450 1753
1194 122 -507 1563
1325 750 -1697 360
1915 914 -125 1645
1401 -1042 650 600
352 -1625 591 798
172 1387 529 1350
878 1063 -1227 1148
1995 -1744 1 879
1116 761 -1831 1426
940 374 -1822 815
1741 1933 1035 1599
35 147 -330 739
87 665 1127 1855
1045 -248 1084 761
830 1951 -798 942
1735 183 -666 1086
1896 -1734 -1440 107
1087 1231 1915 510
1930 -1057 -1102 1410
1968 796 -1905 1815
585 -200 120 384
1793 375 382 1061
969 -1796 -1461 386
390 1254 -1778 1654
624 754 -267 661
373 -303 1714 1495
867 316 -960 647
1809 1601 -327 68
199 1189 -598 243
145 104 -330 171
176 -1292 866 1831
697 1491 629 952
212 -849 -1168 17
1630 145 -1811 1769
231 -1875 -288 1788
1829 1026 591 1211
1168 882 -1238 1799
163 1581 1210 842
449 -708 48 1390
110 1433 -524 915
1346 1181 672 846
1354 -1962 91 820
1943 537 -1303 1587
252 -805 117 1610
276 -918 -835 156
1609 -1622 -675 258
94 -1671 374 325
759 1784 574 1255
1292 188 -687 731
1802 -1130 1720 1385
1153 322 745 1132
247 -806 1410 371
1299 651 1191 275
563 -114 1276 643
1831 -1832 -454 1454
659 1868 -813 1173
1217 -1111 -1867 1451
749 -337 1344 951
1431 419 -1967 117
1092 1642 107 725
1422 552 1899 571
447 983 290 541
362 16 1146 632
1842 -433 -287 476
1985 994 -1168 1771
995 1584 -1142 1742
1560 217 -669 288
837 1705 -429 1377
499 497 1875 1956
143 -968 -16 1441
1289 799 15 1988
117 774 -248 1212
989 -1468 1276 1133
28 -776 1198 14
1764 1274 -1519 844
1209 1101 -338 453
1925 -1711 1482 1838
114 524 -1604 862
307 -635 -1103 304
1803 -922 -1009 213
163 292 10 160
1097 -1164 -1218 424
1788 -1602 246 329
193 -959 -279 19
705 1963 1919 954
312 846 1682 1540
360 1280 -638 382
1636 791 -1613 312
373 1380 -1254 788
441 -1937 -884 1147
1758 586 -923 1624
1788 -735 -1188 1930
664 1586 -1540 166
146 1538 -307 516
328 1194 -1558 77
880 -1362 -949 435
178 -1268 554 841
1212 925 -990 951
93 1117 -1717 1271
1802 556 1142 1707
1963 -405 124 485
591 134 -253 1180
1300 1619 699 1710
1152 1954 -930 24
1451 1652 -654 1152
194 379 -853 668
246 1622 625 1336
315 -865 1617 1284
1161 -1664 634 1236
47 -443 -1166 1070
907 -2000 -1711 1455
1091 -979 -32 1655
351 -206 1748 552
332 -1695 -1368 1547
858 -901 -424 1739
1695 1607 -784 487
1475 461 -1461 372
354 -1069 4 1881
1933 -396 -1041 402
153 837 168 1966
926 514 299 193
1865 -332 1050 1731
1626 615 -1069 1646
1255 1672 1106 435
1927 1027 510 918
1640 -1923 1653 1310
1946 -307 -1380 566
226 -372 383 1791
472 918 609 172
25 1573 -376 1620
549 -270 1280 1827
306 536 -1250 1609
263 382 1519 537
946 -742 -610 252
1043 298 -1819 348
926 1626 -181 809
1565 -1017 -977 1639
748 -1138 -401 1310
1691 -1454 575 41
1248 -913 -1369 1160
1954 -956 677 1358
687 740 661 339
1895 927 -1041 1586
238 -934 1227 300
574 -444 -905 1876
995 -188 -1888 1890
733 -365 141 1504
913 -86 115 431
137 -905 561 1731
623 1652 613 243
1958 -1167 730 426
833 -1450 -553 1193
1594 420 757 1090
605 -664 1143 1198
1562 1010 1534 89
1062 -1734 -1760 1937
1306 663 1398 1626
1331 -1097 -541 220
1392 1813 -201 659
1688 1145 -1817 783
1217 -871 -170 1042
698 142 1606 165
642 -149 866 562
1006 -888 369 1707
887 -1469 -1205 562
714 177 -1149 1231
22 -167 -1002 1118
577 -1760 -1603 1918
1572 -1323 1011 3
730 407 -701 1236
405 -1107 1527 253
1849 347 873 383
623 517 524 107
1524 -248 1961 1771
583 1536 -672 1289
1486 1307 1803 390
1169 -782 847 36
1614 1999 1952 924
964 1262 -1068 490
1720 -1724 -1115 1612
211 1359 1289 326
593 -832 1454 512
1411 1596 -1133 1670
590 1129 230 1671
1130 102 905 1416
181 194 -1633 926
1613 1120 1175 279
1721 1258 -509 450
353 1278 49 1778
1985 1481 1320 1471
395 -655 570 372
1313 1782 995 1618
399 -374 -1080 636
719 1107 -1683 1321
1618 -1009 -147 886
110 -176 693 33
507 -950 1388 1327
1173 99 1959 550
93 144 1924 1476
360 1908 -1325 614
1758 -534 723 1474
652 -56 1499 1214
579 166 813 1094
647 -1497 -474 1674
1472 -1017 1557 1581
92 -1346 690 1495
1403 505 853 1300
786 -1708 1545 1364
953 318 -441 761
509 -1668 1915 1787
1358 -1696 -619 103
258 -1769 -1184 12
1776 251 449 1885
1318 -27 939 130
292 1211 -796 1926
927 38 -731 1242
1983 -922 1549 1009
817 -577 280 722
981 915 -677 1962
49 -1797 -1386 1527
668 -393 1996 877
1268 1882 -1179 1669
1273 585 -973 1017
1327 314 1633 282
1552 1559 662 1818
1032 1442 1469 82
1223 1742 28 1901
1475 575 233 1019
83 1377 -462 1423
1781 -2000 943 1250
552 -179 930 542
1571 -145 -327 1827
397 -1257 -867 453
850 -219 -493 1660
1892 789 231 130
1048 1595 -1171 1785
325 -11 1048 1683
1081 826 436 1944
1139 1611 -998 1427
1690 -1820 -390 1525
52 -470 -1742 705
592 -1331 1292 1742
1885 1595 545 1417
128 -506 1235 1776
242 490 -1721 1719
304 -1145 1628 631
905 223 -1766 474
628 -710 -1956 1473
471 1525 1601 302
1521 -1453 -478 10
1105 1064 -596 1904
684 -927 -261 768
1803 -1054 -1660 365
1770 558 999 351
315 1454 240 1618
1409 -24 -1632 1637
453 969 -366 1533
869 513 95 143
1440 940 -981 505
987 1021 -74 1001
943 567 898 964
824 -1430 244 817
1767 -1900 1086 940
978 1902 1316 916
15 810 -432 1116
156 -220 28 669
1802 -368 -1001 707
1709 830 -252 1836
1214 -1330 -1620 189
1913 1169 702 1852
175 1981 1742 326
677 263 472 971
276 493 -1655 77
647 1977 153 1781
192 -1036 -77 1838
754 789 -1043 344
856 -1053 -68 1222
653 -533 -1381 1920
147 -811 193 1986
1852 -549 1407 1115
580 -1255 -1898 847
1813 -1790 -898 326
160 16 342 635
1723 827 -919 797
1806 1191 693 849
341 1633 -1983 414
1697 -164 -974 1807
1783 141 247 197
1919 -1286 569 883
1430 761 -605 1904
940 -176 -1464 520
807 -1851 -1750 747
911 -817 -1041 1581
1408 -21 1459 964
1355 -1053 917 1838
532 -697 64 1400
933 593 -373 359
1802 1320 -570 1491
580 -1810 1873 967
1382 -1599 662 1731
1083 -1198 1582 1786
1566 -1918 1153 948
32 1952 -1307 1661
1125 1690 1339 1124
1223 -1619 1545 797
34 -1886 1066 464
70 -1286 -651 744
425 -1978 -1476 1060
1986 1684 1332 937
1583 509 -557 670
1104 678 -167 702
569 -117 -1152 1034
356 1876 90 1813
941 81 -207 1814
1556 1231 1345 41
830 -766 1449 1070
1429 1970 693 1369
531 -1995 -655 704
875 -1212 432 336
161 -501 233 265
332 230 -1510 205
331 -1338 -1468 1525
1725 1811 -1767 1212
1319 -1731 639 322
787 1903 -1161 730
1659 -1884 569 1916
370 483 536 356
1051 1905 -464 641
1904 1388 1480 1671
1148 -310 -1948 557
865 1808 1599 96
1796 1740 -787 1550
1852 1358 -682 1740
534 343 -850 81
1364 -470 1089 1576
1529 -1327 1056 18
1918 364 558 1122
497 -559 -1339 1167
289 826 1637 1237
1379 -143 1326 180
1744 -1560 1451 1488
1044 -237 884 751
785 1593 475 382
314 464 -56 1549
1432 1647 952 1438
121 -1551 1167 1850
1244 1945 1044 1900
1750 1330 1234 387
528 -58 -479 1700
774 -1361 -1808 23
1161 -1534 -1500 1861
398 -551 1068 1904
1710 159 -1023 1147
1108 622 -1301 1582
306 1819 -1397 19
1692 -411 244 300
1258 230 -1212 1354
907 1208 1211 1431
1133 -1702 407 1454
1894 670 965 45
318 -987 1211 1658
1938 -225 71 1547
1299 1700 69 972
533 -1489 1709 1677
321 1374 -913 18
483 -132 337 673
140 1361 307 1575
193 1324 1457 1732
442 1897 1956 330
1348 928 1676 114
288 -1645 1615 1591
801 1924 1966 1672
1154 931 255 762
302 -913 -883 4
1302 -656 -760 1042
1327 -523 815 627
913 -1597 1206 1195
1113 -482 1626 401
327 376 -1397 1074
1409 681 -867 956
286 1365 -353 68
1532 -898 -1717 337
859 630 -1392 974
1824 70 1051 460
611 -1288 -246 1501
849 1258 1259 731
1098 1202 -852 1119
1396 1327 -643 250
1590 894 671 847
1822 1054 1880 711
1612 1004 1230 1788
229 -748 -1485 974
1760 1226 -1278 305
620 -1210 563 109
201 854 989 1437
458 1194 -1928 864
889 983 666 987
899 850 296 886
856 -1272 -442 826
1436 -800 1186 249
1209 1719 1140 1446
907 -1746 1799 1273
