1084
602 -1161 -1492 585
596 -869 104 180
1399 -938 1712 1914
473 375 -955 399
1365 771 -1617 1349
1081 -1955 1808 1225
1801 -1873 -737 775
1098 -415 1530 816
1015 779 1551 875
400 -1989 -1012 1858
1990 847 -985 1264
1377 1923 742 122
1962 662 1210 947
769 -1012 -1885 1622
1368 1090 -78 1871
501 -1987 -352 1922
884 -360 -1109 723
1523 653 -1209 1501
1781 -1282 -457 252
1888 -183 -1128 178
1310 -139 -878 1173
1728 8 -598 511
822 -626 1229 333
632 660 -190 1777
1728 -1028 1264 1617
334 -1051 330 1957
211 -850 -595 1244
54 -1034 -999 1128
370 -366 -1187 1885
470 839 -1490 534
1539 -929 -1427 592
1122 -481 -325 1710
716 -1580 -1123 627
1584 803 -1850 235
1184 595 523 290
1300 -1005 1535 1643
245 -665 1003 234
1187 -431 1902 1978
80 1623 681 1881
1091 -562 590 327
966 1968 -3 1979
905 -1875 692 1038
124 512 1838 1341
1176 670 486 1211
887 405 285 205
136 180 1879 588
1308 -1121 -1289 1991
140 672 -1645 878
16 1212 115 1720
1097 1545 -1378 1294
1240 -27 1743 237
1589 -1148 682 1368
1385 -175 117 548
1012 1244 -1093 283
1256 1300 -573 793
267 -738 -444 354
361 -760 1694 1082
896 -686 -363 1819
931 1721 -821 1491
280 -609 1700 1843
1802 -196 -556 1633
503 -1943 -1620 1159
82 1797 -493 498
594 1125 -493 1315
322 1912 -86 1121
1567 1025 1087 326
589 1921 -1698 1518
866 -1131 296 299
90 -1696 586 1347
193 1114 -1413 288
1820 1854 1183 1887
768 872 -1493 834
1961 1874 106 1294
117 781 1315 1389
1943 358 -618 1182
372 -218 846 400
1257 898 -1501 1130
1875 -1445 791 566
1269 773 834 594
1478 -1108 464 1022
1568 882 303 192
418 1997 709 1043
943 -1131 -1738 387
1645 229 1828 1858
775 -484 -113 1575
1820 1729 1023 1226
1261 1968 1234 1945
1379 1810 -1135 1815
1702 -1972 -1247 1607
631 -556 -1936 1077
551 224 406 29
926 -458 -794 1026
645 629 -115 1833
812 836 592 1211
1045 496 717 55
1607 -890 1300 589
492 1670 1364 52
1715 -1993 553 1509
1934 -1779 -334 157
1765 -1991 -262 1583
1202 1450 1992 1488
1891 -1287 1444 1193
508 -1326 -1472 1929
1362 58 706 1488
1408 -1344 -1141 1781
1814 1765 1678 993
837 1944 -1911 1714
916 -364 417 89
94 -564 1575 60
226 1275 531 341
1170 1752 1782 1393
804 1751 502 1105
1220 1654 506 252
800 -73 -304 1052
122 -1219 908 300
10 -872 -216 1713
1850 4 1238 382
488 -261 -688 478
1063 -1864 1949 1870
1534 -1242 1948 1103
279 -1922 1417 1001
1250 1169 667 1891
1103 1234 1108 1356
1400 -27 -593 757
1829 -1399 -1185 325
1717 -954 381 404
124 712 1100 752
783 593 -731 187
122 -1853 737 938
1962 1173 296 199
116 538 -633 433
252 561 -1621 119
207 1906 1529 1905
1529 1198 -1473 1703
1487 -1233 1363 807
1335 -178 -335 67
267 341 -370 577
890 -330 1867 553
519 -1364 -1987 187
88 -1660 1715 1638
1480 1835 -363 1202
1829 -1305 1012 199
1970 -67 1272 1828
55 646 -1143 457
12 1306 1180 1101
1810 -1220 -50 264
778 -640 1426 1674
27 1408 -903 963
1536 934 -1463 1225
1336 1065 -589 725
1525 -923 -1243 1766
1149 -1247 -1542 1612
748 186 867 126
1776 -1672 -772 1221
156 -1828 310 1150
1621 974 -287 748
1080 341 1676 1220
1874 -1946 540 1056
1238 -740 1816 157
1883 -1489 -1979 396
1340 619 951 1028
1270 1761 1883 430
557 -1410 -1151 1896
1287 610 -576 99
1919 1775 1753 1109
1603 366 -168 1880
1479 -1387 -1283 393
960 1790 -127 794
1434 -348 216 1024
995 1716 131 757
1613 -936 1457 151
912 -1009 1314 664
197 1683 -1539 1180
1260 1556 1644 1182
295 962 1854 1979
973 -324 1335 725
760 -1662 1758 1585
1063 324 -491 1321
717 -411 694 396
1296 781 1611 1177
1339 -1973 1005 1751
1884 -1252 79 128
1318 -1473 -375 1858
321 1270 -976 845
1141 941 1790 1175
1075 -649 191 923
268 330 -855 1637
1415 747 -1336 520
1983 -936 -481 1224
35 -291 -569 1136
1477 629 143 862
892 1258 -558 498
642 -1936 -238 51
293 -740 487 1865
906 774 905 644
1558 168 -1920 36
467 1520 -1265 1662
514 -1334 356 926
387 -1055 -1921 1647
1886 -372 -1273 1332
1965 245 -223 1747
559 1452 1668 517
567 1769 -65 696
860 -836 -1086 285
1495 -768 1536 1018
1591 -1234 1147 1048
112 -1032 1196 198
1383 -205 1418 356
616 -157 441 521
1233 -823 -1084 622
436 -202 1826 337
825 1757 -1692 1363
1497 -636 -1946 1402
740 195 1865 1296
332 -190 -1523 1106
1560 -740 -707 1489
290 -1013 -171 1668
809 -747 1522 165
640 -553 -1603 192
1085 -559 -1145 1319
539 -1599 1050 1392
1080 1708 1580 53
456 618 1016 643
736 -751 522 300
315 -752 1443 805
1913 -1772 1895 1272
1371 448 -1374 595
457 -859 380 1336
12 -1354 -743 1275
1044 442 791 55
1699 1546 -1032 1401
207 699 -472 1139
1348 297 -930 1963
192 -1840 -383 921
230 -403 -1061 780
1259 -686 -1150 1558
204 401 -240 715
1430 721 -1592 951
429 -1064 1226 1669
694 -199 -1558 1816
1772 1517 -1590 726
1662 280 -1467 1351
799 1108 -833 347
1158 -876 -1067 1985
108 745 -1976 1345
1392 1141 -30 1923
710 1612 -1524 774
1491 -206 1028 90
1315 1440 -983 310
1012 -6 -1979 3
632 -1658 -619 1374
951 -878 -1415 1514
1290 1215 -845 1804
497 -1018 1578 1053
270 83 340 1468
1480 -774 -1578 89
505 -506 101 555
1169 -815 1028 1771
1872 1615 -1870 599
1743 1405 -352 1568
760 -126 -95 732
1594 1804 -952 708
262 130 -1714 1735
20 1190 -512 38
111 -1221 -149 86
1173 1853 1638 673
1960 265 -1438 1301
191 -584 581 1923
54 -122 -397 369
1289 -89 -1722 1097
429 -1308 1994 1336
1784 -724 -1405 880
1812 480 -28 518
512 -1108 1976 1076
1983 1633 -1560 72
1414 1073 -1556 1236
1026 -1598 700 1436
1248 1934 -213 1851
1092 1663 786 158
371 -1690 115 1895
344 -356 1678 1787
1410 -97 330 1893
1396 -1597 168 1185
709 117 -1217 497
702 -497 1089 1676
1198 -973 -1598 1722
137 -1086 -392 1113
1429 -266 -1842 491
1419 1596 -141 1910
444 1463 956 786
1482 1209 627 1854
346 -382 -1037 1948
297 644 1829 545
1204 -39 263 1510
798 1107 -458 921
526 1092 1720 1181
238 1500 1235 117
1981 -160 -949 1069
1534 1511 1583 465
263 -642 -947 1588
1427 551 1727 715
784 1603 -480 111
722 1058 54 1375
1246 792 -941 315
1936 316 -1448 650
1909 554 -1469 1525
34 246 1713 618
1211 -1213 1806 874
989 -500 -711 747
276 -1577 -1965 1590
1173 379 878 1386
310 -1815 1737 231
1185 1137 1732 1492
981 1755 1075 1210
1221 810 186 1799
1767 -1076 1111 60
1893 1495 1573 31
1599 -672 -1447 1882
856 954 -73 554
597 -1467 -901 1697
1345 1084 896 1876
812 -352 -361 1901
807 300 588 1194
1161 -1951 1016 236
1661 505 1489 1402
1970 -1930 -1166 27
1626 563 -414 719
1019 184 -1398 1031
1249 848 690 857
1562 1522 626 1725
344 -1126 -722 178
1539 1150 774 25
1716 1082 -1246 1417
572 -203 1746 906
1771 343 -18 426
425 1128 979 907
1888 810 -1265 594
367 408 316 1914
1689 922 1246 1615
1524 -254 -1190 1988
955 -5 -1834 1229
44 225 873 1814
1835 1510 -136 986
1085 -1269 165 204
142 -567 -255 114
1404 -1840 1753 1828
761 831 262 1330
1916 -1372 -1779 1532
1985 512 1267 1655
1669 1138 93 799
1035 -113 -331 1359
57 476 -1318 1466
539 -1301 1866 1510
143 1717 -1854 1676
200 -217 692 890
1164 -1133 462 1728
1110 1872 -202 230
1924 1180 623 1013
1305 -686 414 1817
844 -1949 1064 710
1816 -196 643 496
1034 -975 -572 33
1398 1091 466 151
1635 -1639 -978 995
874 1334 1932 475
107 416 -724 1064
103 -261 -37 1881
1079 1558 1884 351
708 -1894 801 1423
1005 -792 -1061 627
676 275 -496 1945
81 -1539 -1322 1906
1549 952 -914 372
1833 -1372 -1461 969
821 -1226 -1368 334
1145 -292 466 997
1119 -799 -755 995
1526 1 -262 194
1937 936 -1421 176
1974 261 -819 1871
432 1441 1479 1219
430 -583 1117 663
577 -1780 1893 792
818 877 -450 488
1017 1505 618 652
1127 1783 -1737 47
237 1407 955 1229
1491 520 1040 1481
434 -1772 1764 727
1322 -1940 118 1170
1389 -1174 -459 823
1218 -897 -1954 1561
339 1993 -1298 1387
1599 -45 -843 1305
1209 -1982 -70 1727
1303 511 -330 1312
355 -848 -1567 1792
270 -345 -758 1163
1592 898 -1197 1132
1529 1918 -625 1622
1868 1700 831 1839
1230 -407 1589 832
1107 1457 -246 1094
1122 948 -1575 228
1972 618 -1781 1055
1961 1618 209 1440
1586 -1241 1533 1318
376 341 -1062 785
212 -625 1969 1528
293 981 1961 1684
845 -533 -1997 1987
1524 -121 793 230
1252 1181 -405 1667
1179 1973 -759 723
396 -1201 348 1221
94 -349 597 746
667 -877 804 375
1235 -651 -661 934
1558 -1254 1954 357
1166 1924 -512 1765
291 -252 846 1324
1188 -973 -1081 276
1525 -961 379 297
1691 -1131 1789 1647
1074 -509 -816 426
440 544 -937 325
1007 -1786 -935 140
1758 -476 1933 49
1473 517 -481 1450
1253 874 552 1489
1853 -975 -1463 995
2000 -500 -668 754
568 1327 1601 851
276 -1086 1520 177
1703 -1808 1253 440
1911 1438 1785 1466
1646 -1290 1161 942
1213 676 1641 908
1092 -1298 -381 434
747 -1876 -1718 722
509 -1174 227 1634
1079 1908 1007 170
717 -287 -1565 265
966 555 1347 993
1259 -1664 903 1447
588 1523 1827 1748
1483 1572 -1703 614
574 597 -935 1551
961 1316 -1944 53
1554 1848 -1020 1329
100 837 -295 1840
780 1610 1656 1445
1975 1817 465 1621
1170 -104 314 1353
1104 896 -640 1072
296 -1536 -1847 794
1029 1063 158 1566
1012 -965 -161 741
217 -318 -1702 748
58 -1754 -560 1382
1938 -790 -13 920
1072 -505 819 796
1654 -494 1029 1070
970 -585 -1371 450
888 1187 148 108
1949 1912 1702 1654
334 1241 339 813
143 1198 -1579 901
285 -622 -1194 1329
1685 973 420 779
1162 -833 1907 1330
1571 -1549 -643 551
1690 -236 -1212 1983
1406 948 -1660 1124
770 -560 390 1188
380 -371 579 864
615 -109 -450 46
1777 28 -887 856
477 724 870 715
659 1183 -1772 1385
811 881 -799 103
182 1456 -350 800
469 67 -817 880
1791 -434 972 1177
1168 1935 -1371 866
260 -1933 1564 1906
1008 1713 1988 1850
906 -1242 1444 921
1340 1268 -851 1061
1461 -275 -1086 121
615 -920 66 417
1194 -1711 956 1023
1144 -1463 1605 602
1935 1426 -102 1818
1506 -937 -1812 1741
856 191 281 1621
1372 -1097 677 1224
1211 1112 1390 1583
585 1358 -1832 359
620 -751 1792 643
1839 -1904 1263 407
321 1832 -1823 975
1524 197 469 54
126 -916 -319 271
635 1803 -510 1600
1416 399 1482 706
1482 -64 -1047 1987
1254 -1071 -1992 675
518 -1401 804 1562
1642 1155 195 1313
356 -1884 1634 804
587 627 1933 1079
25 -1358 115 430
797 1850 164 1971
810 724 1949 1235
1622 -1247 298 705
268 748 1053 674
1994 1906 579 1088
1588 1163 -1891 312
1487 -1686 -491 1115
1895 -884 470 752
601 566 1021 992
553 -696 267 1913
414 1209 -1953 780
1457 -135 1435 48
1698 -1898 1815 12
1891 1631 84 1328
1499 1209 834 301
1668 -804 116 296
1357 -679 771 1612
24 1267 1696 5
1469 -1278 427 453
22 916 -305 1970
449 572 -1551 1222
1217 -269 -441 398
1741 -455 1706 300
720 -468 -1147 1029
759 -1468 -894 1892
278 1652 679 1941
675 -1450 133 571
1385 -118 -1531 666
1543 1370 1762 93
143 -1123 420 1729
919 1953 -1130 824
1563 -1906 -848 88
521 -547 -516 1786
979 1734 -806 1371
1889 1347 -828 1501
1676 191 510 391
36 -1929 -1644 1937
76 793 1218 218
328 -1724 1041 1074
1030 1192 -1892 880
818 1563 -845 1148
912 1552 1875 1718
614 1945 -1086 1022
1423 -853 -632 713
409 481 1655 291
536 -689 578 487
1665 1840 77 217
624 1719 729 589
1458 1346 -1828 1308
1611 1154 -640 1350
1858 -1004 -277 443
192 1247 1788 113
357 -1824 -1831 1362
339 -1281 1418 1146
721 439 980 1821
1001 -1264 -1896 1359
346 1710 1230 154
758 154 440 316
821 -1999 -63 1910
369 1819 -1856 1102
1016 674 -686 1437
1437 165 749 530
1576 1576 -1983 1374
1473 -407 118 1814
1336 -354 290 1332
896 -334 -590 1798
1872 877 -355 1374
1009 -1544 1087 1936
1907 196 505 1527
695 -1954 1430 992
502 406 -1871 1933
409 -472 1589 1475
94 -1050 197 732
394 -250 1830 230
242 1558 -1547 1283
576 -208 1552 1415
1044 -28 -359 877
704 407 -707 1154
1979 877 -737 328
1935 -999 -235 805
620 -296 1637 561
291 -1049 -1841 492
155 -761 147 1861
95 -604 -1885 1044
1341 834 -502 1569
697 1548 1140 938
24 525 553 1889
838 1677 1432 1324
1504 1734 -144 484
1595 69 -704 822
379 -1688 -1033 181
1756 -1481 -1958 1190
45 -94 705 626
1856 -1545 403 983
1500 1222 -224 1336
539 -840 -1961 873
1548 1275 575 1075
418 1804 -1063 278
915 -440 521 1970
873 -1692 1929 1069
181 -589 464 624
295 -979 226 1834
311 -343 -722 763
656 1486 -1216 842
175 -704 464 1936
1000 -84 755 955
1281 -1228 980 860
438 1372 1033 1961
1491 -1882 593 1260
813 -1067 474 673
1082 714 31 1260
1891 686 808 657
1609 -594 134 298
974 -1548 -677 1125
1560 -56 460 195
689 -573 1737 1467
1113 965 -936 580
194 -31 -547 1214
1859 -1857 534 554
791 1767 -1082 125
1579 1031 -893 322
1699 1503 1774 1813
917 672 897 488
972 1430 492 641
86 -1352 1704 650
903 -293 137 832
68 -1494 -1460 469
857 -150 -1927 767
1060 1686 1373 262
1415 678 -191 185
1241 1900 -1324 1130
1798 230 1135 1726
27 -638 1682 1726
1851 997 1140 1608
1164 -1977 -1077 1470
1035 -1948 1107 1718
1988 -1776 -526 376
938 944 -944 804
869 1086 118 137
95 -412 1719 31
550 -1768 1318 430
1534 -40 -162 980
972 -834 408 980
1835 -1562 -1508 1793
859 1250 -1044 167
1597 1199 1928 883
1080 709 -1860 102
1928 -1524 1199 1493
633 -870 -1633 812
416 349 -203 246
803 0 -889 151
204 898 -430 963
1849 1685 1162 1076
863 -1027 -1748 647
515 1219 -1401 1839
751 1309 -1463 1537
675 -30 572 1063
1394 88 436 14
1585 34 241 711
155 -1358 -860 681
687 1751 468 1421
512 252 586 241
948 -1537 815 70
710 -1291 898 866
389 -230 1368 1135
1090 -232 -1329 1066
790 -1914 776 1877
649 -1276 2000 85
1548 -1595 -1380 1748
945 -154 -1281 1504
1101 547 -488 154
429 -300 -42 185
1053 1158 -736 884
290 1517 -1887 716
1538 -1567 -1938 1551
1271 -1934 325 1622
1136 -1469 -1069 1640
656 -1055 -402 1844
285 565 1030 1852
706 686 968 1732
477 1691 -1870 1447
34 -183 -757 1234
1190 1818 561 375
116 121 -642 12
828 1831 -1856 1610
527 -308 1120 894
1829 -852 -418 1402
183 1186 -1763 1941
404 -1324 -1188 1159
528 466 -1851 1695
1105 -528 -1096 637
753 976 -218 55
1551 1239 -607 1256
989 -1554 1125 1997
1987 -1488 -998 1414
539 -1692 -1563 331
563 749 -264 1268
222 1990 -1835 832
1507 688 910 351
860 1048 -95 40
41 599 -7 1092
459 17 1834 593
185 -1344 901 1040
1502 1663 -1038 262
217 41 -1563 1871
267 -1414 649 487
1869 -1075 -275 1951
599 1621 -240 1150
1066 -425 1816 1821
855 -984 -588 826
214 977 329 886
1760 1128 1821 7
709 -782 -810 311
551 -1211 790 786
125 -1035 -369 1452
1969 282 498 457
1955 1441 -1658 195
323 -1328 228 424
538 1030 1907 426
482 394 -457 381
714 -1829 -1439 860
1427 -1077 103 1508
1413 668 130 166
219 -755 -482 602
1762 946 1256 1031
527 -1526 1489 1756
1014 338 1385 379
531 202 892 8
53 -1465 -483 1454
1022 1864 965 586
948 -1146 664 1102
947 1118 1083 1887
425 1719 -1981 1224
953 -1709 1140 117
1817 -1391 -1739 1769
643 -180 1195 392
1608 -1802 -233 461
376 891 -54 566
907 1898 590 1139
1867 -1636 -1591 538
1736 -972 260 1030
1955 1846 1611 1251
1267 1403 -183 1476
307 1525 416 750
1185 -305 -930 1802
1409 1875 1102 1847
1145 1330 1949 629
594 1707 -1651 859
1293 -1287 -1372 1025
604 -1835 -1568 247
308 1168 1514 1197
290 -1744 -1726 409
931 -1261 1911 820
890 1845 -1756 1997
1118 -1833 -203 612
217 1274 -966 1888
1226 1241 -663 1402
372 -635 -1673 1328
925 51 -41 67
1936 1031 -579 617
1227 -1814 658 747
1746 -1007 1830 1992
666 -1159 -1861 1953
1854 -278 -1815 1387
542 -300 219 448
475 -1120 -661 1022
1021 -844 -412 102
1485 -152 95 1550
795 -670 1346 1888
1785 575 1838 1049
1821 -469 -1334 826
1283 371 -1320 91
873 -1467 -1625 515
546 1295 992 241
1556 -727 1168 838
1721 1349 -1958 1177
1938 -1044 -978 193
1855 1441 -479 1887
968 -1984 292 481
503 -1341 267 96
940 1726 1114 1171
632 -816 -1127 1833
1698 -934 -1203 916
1269 223 613 200
256 434 -1807 944
532 -320 -902 602
1466 -452 -509 1222
459 1520 1026 1994
86 1383 527 1201
605 1327 -220 1191
616 1132 1665 1087
608 943 -823 462
1477 -1374 1544 989
1641 -941 1697 1898
1715 -1263 1064 167
1277 -1237 186 1818
1031 -1906 -89 1084
321 263 1034 1386
1860 -607 119 1863
826 310 282 344
1250 -1238 -1845 1286
1117 -1374 1173 480
420 1211 821 278
655 1432 -1174 815
1871 -90 -1970 1668
469 -1920 726 1667
1592 -1159 812 1740
996 258 -1916 23
310 780 -1165 1805
1681 74 627 1675
283 -1892 1524 1250
112 598 -823 1097
814 1457 1134 825
280 -1347 308 1616
356 -1646 1424 703
653 -267 532 1340
833 -802 -1871 1169
371 1799 1670 1259
250 -1942 -1916 907
1041 -458 -1938 377
261 -1980 1575 1628
1722 -1360 361 419
838 -1019 1410 1343
1205 1839 653 86
1459 -1822 1182 562
901 469 -1438 2000
560 1817 135 338
1824 -194 -1668 1133
675 -744 257 1964
1980 1328 35 1291
560 1538 1753 1644
1660 1394 1428 1398
685 1599 -1259 193
1862 707 1340 1563
830 -755 -736 918
735 -1068 861 551
968 -347 265 1689
1580 1670 -1815 1016
49 108 362 695
1938 -299 -1224 1226
1534 88 529 1932
1878 1620 1928 1339
1011 -263 1917 151
1949 1458 1788 342
373 -847 1869 1859
1932 227 236 907
1850 -1282 -1348 1118
552 353 1694 1396
790 209 -1789 293
1510 920 -1887 1008
1103 -132 -309 117
507 -1243 -1415 1051
793 438 1514 59
987 -882 210 1666
1113 1434 564 627
1901 -1523 -1413 99
1557 -438 150 1052
1013 -296 -1972 890
674 -1956 -360 593
375 -1829 598 1509
1556 309 724 1888
954 -1126 1202 111
1296 -563 161 1221
33 1916 -1694 375
412 966 491 703
1027 1394 -1933 1162
156 -887 497 41
1651 257 -1434 948
470 -1675 1622 898
1207 1096 -844 450
1998 -1384 -883 1141
69 -1336 767 1425
1706 1524 734 432
1392 -458 1418 1599
1454 1755 -1999 1200
1006 1221 18 1944
1199 1504 -592 257
1204 -1524 559 1337
1619 1825 84 706
151 847 -846 1200
1007 417 -1185 1406
61 1001 1387 1881
1847 1678 -435 691
889 1143 -590 1841
1200 1529 -551 1454
1889 -495 -656 1094
432 1436 -1670 1723
665 1911 561 1140
1883 542 758 1353
1432 1546 -1959 24
1751 -1282 666 995
1058 -154 -1628 1360
1032 -1080 791 808
1276 -423 780 1256
1060 -1936 5 1715
411 -530 -724 973
959 194 255 609
1299 -1316 696 1949
175 -1322 -275 1265
107 821 23 372
1704 1773 787 255
967 -347 -1446 1711
31 -1234 446 1703
171 1208 -1164 1564
1754 559 92 407
286 -689 199 407
253 1884 -242 1772
1395 347 1470 637
1198 1110 -176 1507
1281 1233 -967 1244
1537 -1137 -546 953
459 1041 -516 1968
1132 977 -759 586
231 597 -227 1126
307 -39 1886 212
1691 424 584 1484
28 721 1487 53
346 -705 -1304 1709
683 1003 19 120
778 -949 1142 1833
405 1853 859 1482
1792 -1969 1263 330
880 1362 -655 1130
1201 -574 -1774 335
1745 -793 -433 1299
866 1089 916 132
1932 -873 -110 1732
1624 1523 311 103
1078 -757 1478 824
88 1747 762 84
1157 297 -920 605
71 249 -707 280
589 304 -1198 1456
474 -195 -52 1841
1076 -578 -487 1005
998 1721 1828 699
62 -505 -1102 1763
1439 -628 -851 947
1025 359 -113 1549
700 -1511 1340 1430
1905 -705 1313 1993
833 1311 -39 1090
627 1863 -1521 1764
1186 -1079 1397 1795
1485 -757 1636 523
246 -641 1608 1751
1988 1693 824 314
352 -1215 1346 1418
123 -1244 -1126 48
1031 -131 -172 1737
1210 -1062 -1370 1896
1230 -397 1926 930
340 622 -511 464
1916 -1828 1273 1600
174 1506 -853 629
1140 1423 726 1875
797 1439 1608 547
988 -1738 1718 1253
1016 -1970 1705 153
1178 -1363 602 1621
225 -403 487 306
1281 1774 451 959
1855 181 1046 109
1863 1372 -367 1216
1079 762 676 1301
721 14 -203 358
461 -1152 1878 647
1460 21 1389 1869
1638 -1007 -691 1522
1749 1819 -1829 19
1640 -1901 -1643 386
201 885 -1027 660
1783 -1848 1232 915
1653 -920 -112 13
1145 443 -275 355
1806 1182 544 363
1954 1778 -689 1743
1001 -65 450 1996
1848 -1598 -520 1588
1738 296 -908 940
1519 -1764 -676 238
344 1004 421 1657
221 551 -629 1324
1623 340 -1253 558
22 -719 -1803 937
1467 378 1391 1626
335 -21 20 1843
1595 813 1257 90
382 1441 -1662 823
875 1966 -988 58
1463 1342 -114 1522
1455 396 -616 807
992 -159 283 529
1998 -1481 -967 1598
814 -1438 -578 1984
811 -1836 -574 253
580 -124 774 605
892 -1650 -1538 960
265 -1197 1532 1958
1207 1827 -1764 36
338 -992 -432 1717
1167 896 1778 247
435 43 -246 906
1898 -1614 1355 1605
434 -1243 -756 433
941 1358 -1419 523
1635 281 -1511 1878
1821 -1222 -383 1431
91 484 -956 1511
719 -1615 1870 1973
1984 1512 -305 1186
1528 -1329 -1190 1506
167 182 85 1169
525 1232 -888 1788
1299 1754 -1610 180
1939 -1277 679 1183
1740 1293 861 55
1119 462 224 1240
1492 1659 1674 1670
374 -1546 1278 293
883 -377 -219 1295
1309 263 62 1682
1979 1791 1789 655
1449 906 -1923 1852
1459 1717 1104 1731
206 -1163 -351 1601
1648 1957 1829 808
1667 -875 -367 845
550 -1485 207 1466
459 927 -346 749
1866 -948 -1171 1912
1053 1608 178 975
1650 1107 421 397
445 1182 37 575
1299 -623 1363 631
255 653 966 986
768 16 241 1763
1417 -1563 -228 670
129 1038 1097 1677
1361 446 105 119
904 78 1700 660
218 978 627 722
637 -174 954 1731
1098 -782 -1821 29
722 -1312 1407 1384
55 -104 -123 1764
1406 -1538 -515 1616
100 2 1890 836
534 488 692 584
599 -361 -1138 571
1582 394 619 621
1509 -786 -1617 1684
1131 -1627 -1959 1147
883 -870 -1986 671
1315 378 -1673 1728
1798 582 -1176 1302
1642 1961 719 874
1139 1106 -555 904
374 -1235 987 1412
1103 -1175 1416 1729
811 -91 -1409 1243
1775 274 956 879
1775 -1886 1204 542
695 -983 1186 126
726 -63 1273 1320
1870 -1777 -92 1579
582 632 685 968
1448 -10 -1645 68
1155 -256 -79 1977
1594 1277 877 1764
1362 1319 -1395 1561
