1040
1621 1289 423 1225
1194 108 1335 1746
386 -736 -123 629
525 -1820 1726 1573
1706 -1109 -76 1637
545 1559 61 1342
138 -1089 -26 814
1588 869 -1858 1828
47 1343 1689 1045
978 1257 -1266 970
646 199 1158 1360
1528 1211 -1758 758
91 -1634 141 450
644 8 84 1725
284 1026 1493 1074
1346 1419 1370 499
550 1573 -1883 1108
463 -1455 -1280 846
1382 -1378 -1597 1133
505 1083 499 883
1817 -872 1585 1027
1052 -856 1597 934
1691 863 -1135 57
181 945 -903 765
1723 -295 -1698 934
338 748 -150 1629
740 -666 341 1070
1391 -1072 1359 1851
500 -850 -1315 439
793 1240 960 1883
72 -1340 -1843 1924
318 1816 1549 1811
1021 1117 -659 348
106 301 1698 631
1167 913 795 467
1162 172 1188 542
12 39 460 1934
204 1537 1653 91
930 1882 60 178
1564 -518 -791 1060
1420 576 -34 1540
1559 -1027 -1002 1757
855 577 -834 346
1339 829 1953 44
1394 -1189 -683 1784
1620 -1808 -1638 790
1241 -203 1340 1251
1391 -1794 -1480 80
264 1613 -317 1088
1321 67 -1863 286
237 407 -1238 581
1440 -228 1685 390
1509 423 1289 534
1409 552 -569 748
1869 -1251 -1215 1655
759 -1482 1196 1847
1153 1593 640 32
1009 1339 1999 1754
1392 1178 -399 179
1387 734 437 1643
1205 -299 44 342
659 -1062 -155 1006
542 1103 -1586 287
533 -1886 1275 169
1976 1185 1200 1282
254 1906 57 145
1088 1186 -302 4
1100 -1783 -434 1547
1971 1540 1546 474
571 820 1314 91
221 -1166 -1238 842
536 1645 501 567
1260 -103 -471 568
1120 1860 1166 1332
765 333 1476 1993
1905 1538 -18 406
413 -590 1859 1618
1623 -74 -781 499
1945 151 1850 600
80 -175 847 1216
1134 -1167 -52 1217
472 1374 -1069 1170
1576 1701 349 1952
28 -522 -1331 605
1477 1701 -135 236
905 -732 821 727
1266 -1951 -1137 745
125 -70 537 645
892 -1763 -1013 1805
1220 -676 1927 1691
544 -439 -1198 1179
268 1549 1197 255
1226 -710 -1553 1194
1873 -1500 260 1766
1785 -169 1593 990
1632 -1837 -1006 1908
888 101 -1546 44
374 400 994 335
1493 -787 1259 970
641 -1141 769 1916
669 -174 1908 1563
1437 1205 1301 800
620 659 -435 1702
216 1434 765 447
1185 587 -447 943
110 -434 -756 1503
1671 1550 -191 1211
1628 -1737 1344 916
204 1650 1210 991
1311 -1187 275 1189
29 -1334 -1771 1057
1861 -635 278 1653
7 -1447 -1575 437
698 -1198 -1849 1210
407 -1318 -1386 1056
108 128 -1276 1480
809 -1644 1747 1383
614 -255 567 469
92 1145 647 367
1479 509 -1051 1926
571 1502 -589 942
1500 -1556 -270 1232
1444 629 1951 712
1233 -1804 -474 903
324 -1085 -1294 1570
1955 1736 802 305
343 -646 1513 1857
1295 -186 1519 1187
348 -336 -237 202
339 -538 -1029 1073
46 -1684 723 611
763 1500 -1658 289
1355 566 629 1136
1412 1355 -591 1464
432 -332 1314 1702
1164 1511 -527 522
1194 -1606 1227 1194
1199 -1487 717 558
1221 -1266 -1561 338
954 -973 -67 1687
896 1875 1850 1105
1275 700 1416 1754
342 -991 -139 558
1086 -1477 -1228 1742
405 -1391 158 1309
1264 -669 -371 918
1930 626 -1743 755
1871 -991 161 599
994 -1826 1010 742
1351 -587 86 8
1705 1479 1977 857
901 -1765 1027 1644
1726 -438 -402 1091
1447 -147 -306 1545
1868 274 -287 456
1993 -1406 1769 1635
721 -674 -1133 574
1656 -777 -1330 160
1562 -851 126 264
130 122 -1031 933
1571 903 -1181 1165
723 -1329 -1937 1655
1851 519 547 1585
1816 -1280 987 1802
717 1810 1266 1785
895 227 1691 164
823 209 -708 954
340 517 -1467 762
758 -265 -1676 649
1204 1385 -1021 1425
727 -28 -1739 380
749 -1521 -449 1133
263 473 -1767 631
987 136 270 532
1282 -1077 -175 719
699 521 708 1258
1591 -1976 111 489
1003 -1670 -1204 1173
609 -323 -239 875
1223 -728 1578 922
1086 -13 -1834 1801
1388 560 -560 782
1547 -1157 -1548 1463
1223 -1219 906 1061
740 706 893 1965
566 -1180 -1701 1270
760 1573 -1195 253
774 1822 -359 1795
1810 -1077 1817 1613
1874 -1572 1191 1844
1856 -1577 770 675
1401 855 72 748
159 -316 1239 99
327 -288 262 1825
1628 -318 -98 1458
1658 792 -247 199
291 -1192 -269 1189
1614 -252 -400 1285
803 -743 1329 1698
1536 -185 -491 1166
247 1097 1133 205
1182 -1794 -599 807
1021 1454 -275 235
483 -674 1919 1159
1010 -1162 -1658 401
527 1375 1455 513
1283 -375 1375 836
348 -1279 -541 1099
108 -370 -1575 922
105 -1118 1980 745
108 -674 1288 726
1426 279 -1605 866
574 1122 1946 1519
1957 589 -1582 360
384 -1724 543 1418
1566 -1888 -154 1699
1935 -684 1360 1466
1050 -1362 -419 1574
1000 -1582 -1644 1125
422 -1201 -697 71
1559 1006 1219 17
1008 1055 -1392 283
1258 -755 1488 1442
708 523 579 1191
1231 564 1598 525
1344 1511 -1760 1263
1025 442 -217 248
111 -1664 55 329
654 336 766 1718
1681 -5 58 953
1458 -1900 759 174
1664 34 -735 1589
300 998 1200 1236
1243 1768 -1343 642
1127 1266 266 1197
318 616 -584 309
737 584 1322 1295
1622 982 1 322
423 -295 -178 461
465 337 1711 1647
22 482 -1371 350
107 -1680 501 81
843 115 -716 358
1778 -775 141 1261
1410 1715 -885 1658
1041 416 523 535
89 -907 1150 992
520 -1928 -1530 1093
1038 1920 514 1275
1489 -349 -988 1819
1243 -1537 870 418
1467 -420 1445 896
400 980 575 1801
306 -489 -666 295
361 -1623 1277 581
99 -907 -1585 1061
226 -704 -1217 1084
1644 429 -973 1473
410 1732 -322 1553
1913 810 -1192 1614
28 -773 1113 1835
1511 -1405 490 1202
246 -1582 -1642 1918
276 527 1060 193
132 1063 -234 1471
828 -1948 -275 1857
469 -971 757 1476
1949 -1043 154 343
788 -921 -1305 672
1794 1262 -1996 344
416 862 -418 1978
1114 507 965 1432
692 1116 -42 534
674 -1558 -1961 925
1614 821 913 1225
581 873 -1400 1036
1258 -757 736 745
674 1855 233 1625
71 -1759 1864 922
1350 -1560 878 1962
352 1224 -660 1024
956 682 -1130 804
467 -893 -1992 1954
563 310 -267 1996
237 -54 342 421
1944 -625 -1305 1286
1659 630 -1377 812
598 1962 -40 872
58 -1175 330 302
1436 -425 -1572 1383
1495 -922 -1315 607
663 -1623 1106 1623
878 -339 -586 1780
1234 -1038 -1450 1998
61 1058 -630 1170
1324 1020 1670 1825
1969 -1233 1478 63
1409 852 -1731 1300
1383 688 -1548 734
671 -1773 1841 461
1100 842 80 1830
1042 -1740 652 1585
492 -47 -412 1595
1703 1394 -321 981
805 1760 -1533 1714
252 -1890 1766 381
788 -582 -1024 1217
909 813 -1338 1647
166 -573 1655 1916
1447 -1060 1920 1744
1032 1160 1318 1992
88 1973 752 1604
279 -1363 -764 634
124 -141 -1624 1489
319 -215 -653 535
784 504 -1681 1644
543 1680 1066 1332
929 -1287 -347 1161
242 1313 -1638 1911
1037 -700 17 1055
1686 965 581 1332
209 -1339 1541 1072
1703 -149 -59 256
1944 -1465 -848 388
1828 1199 171 1873
1489 519 -1290 1886
1304 -1858 445 106
1800 1782 -12 1236
194 -162 -433 1378
539 -962 -1993 1627
1197 261 624 1149
1206 538 -1408 1767
1351 -1534 -1314 1760
1446 -773 -916 335
1260 -1227 24 1952
1400 1732 1231 933
1627 941 -189 35
1146 1050 1460 657
1631 542 278 1900
456 461 -604 790
391 -850 -812 754
208 791 -1176 458
1982 1072 -843 666
638 -1599 -73 1922
850 35 -1395 1799
1743 1432 -558 578
495 -851 -812 1695
896 33 1626 1440
468 289 924 1896
1871 1154 762 1233
268 -457 -252 1446
1512 -1726 -14 1129
53 -1275 342 686
921 187 -980 446
1180 -1173 -387 470
830 -1686 -844 1669
1726 528 1033 1249
900 -514 1742 1315
600 1719 -1728 454
1992 99 -1514 28
1366 -42 -188 489
1768 903 -217 694
1431 1301 -1980 991
448 -1405 330 534
246 1696 1176 1886
1566 -1741 -1177 1888
1233 130 -123 409
925 -1074 -1220 154
1061 1029 -144 743
1148 -948 933 137
862 1455 -1023 620
552 -297 629 49
267 1033 693 589
349 1456 585 824
263 1902 389 1808
488 1580 1461 1987
1968 1825 1370 680
678 -187 1785 263
531 888 -751 796
101 33 915 104
1613 1744 -1777 992
1937 -1971 1312 92
1211 -1201 455 265
1879 -775 624 968
1209 1455 662 1613
1589 -745 885 832
1109 1239 1121 831
791 1076 999 410
1084 -1206 402 502
315 372 -1547 155
347 -1247 -1482 710
652 -628 -1062 648
1055 1989 1615 836
1609 -754 -583 1861
1237 -1244 -840 534
255 808 675 1416
1673 1278 -1125 1999
137 -93 -1655 1813
1193 86 -1050 1366
310 -1372 1335 211
194 -1424 1535 1775
1987 -1163 -363 1493
1393 -1598 -338 1280
859 528 1823 224
35 -1885 636 188
29 -1149 -1263 843
421 1888 565 394
790 -1841 -1931 1785
115 1514 177 221
65 284 1597 976
1323 584 585 1581
285 1482 1183 580
1066 -1340 863 1804
1431 -1656 588 1740
509 -681 825 784
1034 -832 -1648 618
129 -1955 -341 431
405 365 1362 1414
1506 -1069 237 141
373 1215 -716 1267
943 126 758 1711
661 1268 -410 584
1619 -973 1391 1514
1428 -1480 1982 71
492 -1178 1632 1940
1023 1922 1852 1624
1831 1508 -635 800
337 1741 -801 222
864 -1424 -1656 773
777 -36 -1960 607
38 -998 323 1463
1891 1552 1000 895
260 873 -943 684
1277 -446 -1191 565
1896 -1458 1599 551
1091 1652 628 484
1215 1135 630 719
1858 -951 1682 321
310 835 212 712
1272 1053 1474 675
1546 1826 -1817 1831
833 1936 52 301
1527 -70 264 1777
1354 -229 482 948
1787 1306 -1308 1036
1953 159 -642 1567
595 -750 798 123
914 -1964 587 1793
1660 -1235 767 373
730 1653 569 1792
1779 -1752 -729 1614
6 1633 -595 193
597 -1110 1688 364
1604 1310 870 1032
1054 1417 355 1554
192 1829 -1271 1227
796 203 1510 1671
1384 984 -1063 1247
1165 1754 -1808 351
872 1131 1382 968
1387 1742 276 911
1965 -1576 -31 332
806 -1107 -112 844
293 1266 379 1408
922 -1743 -1154 1196
1179 -974 1356 392
1235 -1164 -1271 771
1471 606 944 651
367 393 -1776 438
587 1084 2 1100
523 218 -210 250
1630 -1419 -50 1504
1924 -413 1886 1316
628 -1273 377 1502
1335 -240 -1945 522
1835 -398 385 1417
1201 -1728 -492 1103
1566 -796 -938 742
1406 1886 55 1850
1517 1547 1346 1468
508 -1386 92 255
1778 -1781 1655 1806
504 -567 1572 1188
1900 268 1390 1058
271 1195 -1500 108
583 1102 1906 412
1134 -1810 -1542 494
1840 -1800 306 1763
577 -873 -246 1406
341 212 1899 522
550 -518 1244 1521
2 -160 -1741 1126
603 471 -477 1293
101 -1406 1248 1966
379 -1610 -1085 805
1738 -381 -615 165
1443 -1778 -681 1568
1166 -957 -671 1088
34 -1913 -965 1938
974 -1102 1171 294
1588 1319 -1640 1488
1752 187 433 1738
133 -1320 -621 1296
1944 1963 -1367 1330
355 1510 1756 1301
1851 958 1987 1778
795 -947 -433 1430
47 1195 -1627 1809
1690 -1269 -327 423
1728 384 801 162
1244 -400 -1447 1149
1964 950 -934 1450
848 -1009 -589 526
1438 -333 -1162 1520
1361 1544 1055 813
661 -470 -223 1191
1373 1598 9 209
1758 1651 782 101
817 -573 1759 1934
692 1554 666 1982
1306 -380 -256 1065
679 -1880 -278 568
1444 -175 -855 1240
1809 -462 -1935 952
798 1106 322 462
721 1414 -1158 67
1075 -1153 603 962
1459 343 -752 1405
1009 26 -970 216
1812 -1002 -795 44
1317 -205 -1757 1238
210 1998 -1718 1333
188 1297 844 287
1705 -1697 679 588
1538 -965 387 250
1654 45 -1900 1160
1094 558 -1582 1851
423 -1805 -1611 1195
1603 1791 276 1223
1736 1330 -1189 1997
1719 323 1421 835
262 -772 -941 1297
1519 1248 1136 1460
655 483 -1928 669
263 -1611 506 880
671 -1335 -1914 1830
350 -959 -1115 1163
275 -1996 -214 1984
911 1572 -617 1674
489 1438 556 1329
120 -1234 104 1346
509 -467 1815 1822
1654 -262 52 585
1804 1419 1199 1979
70 -1406 -1963 1426
51 1487 1915 1086
1285 1601 -392 20
64 957 776 1020
1567 -579 -1654 867
976 -222 -1098 154
595 553 993 997
1022 -1679 888 60
844 981 -812 317
121 -369 -887 248
1400 801 -125 1570
973 -1288 -1835 1459
564 -870 -128 424
280 -817 834 1041
1292 -883 195 1156
742 269 711 1080
607 203 185 1499
244 305 -1673 445
1224 1621 -456 67
1488 1225 420 1925
1109 479 1274 1007
1622 -653 -2000 1476
963 -1153 -429 1174
1795 563 42 1488
1119 -1374 512 620
628 539 1701 1981
565 187 88 1847
631 -1766 575 338
1348 342 -614 330
1945 7 905 562
1175 716 83 1116
885 -920 -1333 674
1788 31 651 1297
1162 1256 401 345
800 1775 1550 1934
740 571 1060 1546
432 1552 431 984
305 1719 -1365 683
8 -1091 1395 37
1821 -1702 202 288
999 -1392 -220 1577
197 455 -39 255
1320 226 1483 1513
838 -1693 -1965 1069
1737 -1914 -1279 218
1022 -8 -247 655
1255 714 1559 513
793 -1825 -1479 1433
623 310 1807 1844
1733 -1023 750 1873
1197 -1186 612 886
1982 1424 806 1804
1216 -1446 931 190
449 1453 -1802 110
451 -939 302 193
491 1063 1843 1662
1316 944 -896 1698
778 906 -1936 958
1152 1285 -949 1623
666 -713 -1059 598
1923 1428 -1598 678
201 -1174 251 121
1292 -37 -1995 739
418 -831 1304 381
406 125 197 659
1397 -1960 -432 87
1183 630 844 412
636 701 803 523
1428 -264 -411 33
1574 633 49 1967
914 -850 207 873
1039 -1896 -1202 584
710 -479 -1185 888
36 -1513 -337 442
1148 -1545 -1481 1123
835 737 408 556
99 944 1871 240
1336 -1897 1684 1424
22 -880 -468 162
1281 -1900 -273 62
1091 -1083 -222 976
1977 618 1820 1817
230 -1943 387 62
223 -317 -1261 903
382 -1359 565 401
352 -585 1359 1853
838 -468 1674 1695
1528 -1987 55 543
29 -377 -1354 1515
548 -1975 172 1267
1918 -1411 568 492
161 -150 -1911 1870
1575 -504 -1402 310
973 27 -865 1349
516 -902 -176 1262
1844 481 -235 1628
388 1516 -453 714
1907 563 444 601
1618 1211 -621 1054
632 213 170 1489
413 1405 1978 1758
991 -1159 984 1288
960 -479 -1541 1425
1221 1741 747 1380
1385 1442 663 604
200 426 344 730
692 1461 1482 850
1748 -1017 794 1070
608 -1617 -417 506
1862 -587 -577 1126
856 -1713 1687 1448
972 -1 -1640 391
411 724 477 1361
754 -1805 1584 1637
148 587 1732 570
549 -1824 -1447 1783
1680 1100 728 104
835 -1008 -1796 272
1662 1378 1049 1873
328 10 -332 1381
1882 -1007 -1985 1321
1489 -247 1242 285
1488 -936 218 933
92 1714 -1512 699
670 -270 71 1610
117 -57 851 948
753 -1157 -1414 302
153 1897 1830 1967
662 375 807 340
390 1919 1256 1615
1578 1820 823 1107
1368 -968 -429 202
105 1109 32 815
1676 -1521 993 1556
1329 -1502 1081 238
543 -943 -774 1780
1520 -38 -1025 435
1471 1654 1271 1709
1121 -1575 1875 1477
1209 1426 -1602 180
1921 -998 -1230 1944
600 1893 1924 1840
255 -734 -1107 1953
1931 -1265 -1214 276
1654 -1963 1933 1877
1950 -546 715 534
69 -537 1099 1194
1407 1744 -899 1290
1447 794 464 1651
1994 -1070 -1904 1174
1226 -876 463 167
1660 -1927 -1757 1135
507 -422 -269 154
1907 -200 -105 986
1814 1619 1980 1010
43 938 194 1867
154 664 -1682 306
1681 -37 -42 456
1074 -1257 1395 1937
1682 1066 -710 230
1788 1379 1880 243
300 332 1783 1353
773 1757 470 1277
1883 608 255 1783
154 -523 -1115 308
1533 1108 222 1189
359 1104 -1232 1342
1390 -1130 -1803 1384
779 1522 -17 1359
1963 -697 1322 900
241 939 1919 28
433 1812 -221 1711
1239 -1183 1250 186
254 -1504 865 733
1258 -824 927 78
1230 441 1279 21
918 488 -1379 1678
79 1013 229 1226
282 968 1925 1453
1773 1503 693 1586
225 -1826 1521 1458
1221 -848 -435 865
889 1779 414 674
1908 -1633 339 1005
879 -1580 -970 1104
504 -260 -748 635
1472 1729 -236 1475
893 1548 938 1359
521 -1359 -1580 702
753 -1268 1841 528
1143 -451 -855 520
480 -1306 64 977
502 -1656 263 1589
759 302 -1711 1911
148 1123 -1009 731
1171 705 -1470 1385
750 -1887 61 957
82 1566 1247 1002
1857 -475 228 162
1152 -429 188 1488
1497 -1178 1267 1118
43 1804 164 607
1029 -198 -946 1958
750 964 1081 1549
1152 -158 -764 352
264 -274 -1068 1855
920 1350 1900 1359
1606 1016 -1017 906
1754 1992 398 954
436 1977 622 1746
819 -1862 922 1941
1455 270 337 1805
1824 -484 -1792 1029
740 -458 -331 80
1181 111 1998 1328
673 -655 -1031 927
72 439 -889 458
674 1976 -284 1408
1519 -755 1629 1463
532 326 -1285 1496
252 107 1894 1438
37 1051 971 1499
95 118 38 868
1777 1746 -743 1488
1540 -623 -852 1644
1253 131 -510 1849
535 1768 1048 1789
1135 469 773 1022
1030 -1937 425 1034
331 -387 -765 258
782 -617 -353 27
1158 1721 687 1643
796 125 -1557 1826
590 328 -1146 350
349 -488 -419 1349
1279 -496 626 64
462 -1954 1351 1098
1478 951 826 1269
443 758 1435 821
1521 -56 -1544 1667
82 78 1882 1339
956 -1240 -1981 1374
416 -1341 -1750 785
1396 1393 -932 796
466 1720 1437 460
1511 -741 315 1346
1461 -1345 450 1714
353 -1049 1190 1381
1925 -1282 -508 1335
383 1370 1557 1081
1633 -1919 -259 304
559 -1576 1629 820
1252 607 -98 1026
61 302 -1278 619
860 -1590 -1756 483
710 -1827 -1716 1922
54 333 531 967
1208 -356 -1026 224
1006 443 1427 1554
1327 -857 -699 1239
1555 -48 -983 411
472 1330 569 1103
256 1465 -1748 663
545 1600 -460 1099
371 351 -1443 1369
1638 -83 1811 321
1289 -660 -408 40
1572 -229 -1645 1894
1103 1853 -319 536
376 -1375 864 494
354 1868 1630 1566
1200 1838 -518 975
846 -1336 -1506 879
1273 1368 1529 606
1169 -456 1095 1121
78 353 53 2000
137 1371 1604 1000
1454 1780 -913 1033
993 -1431 -1818 1288
997 -652 -1918 1759
166 -36 -988 57
1985 -1241 -246 1126
359 1529 1562 1805
62 -36 1685 1685
1535 -1071 1838 410
377 -1038 -1018 1567
1549 1668 884 822
1984 1124 747 569
396 786 1884 517
30 -203 -1612 858
1562 -1344 -1491 1484
1603 -1898 468 533
1123 -1549 -1102 721
1721 1398 -239 1328
1542 1102 -1166 791
655 696 1307 1791
1694 1228 1156 1509
1249 1861 1099 776
1113 -808 749 1695
141 613 426 224
1413 1354 1222 1946
1647 1755 1441 268
12 -997 1779 59
276 285 -823 608
1070 -1687 1033 8
217 148 1278 1074
423 -619 1445 1397
1068 652 1053 39
339 -581 -940 1319
1033 -600 594 788
720 -1868 62 515
1438 1554 232 93
1771 585 799 1854
326 -876 1111 1432
1249 -1593 1911 1646
1457 1394 607 1065
751 635 885 502
1465 -1457 -644 694
1745 275 334 1469
429 1685 1193 1012
1414 452 -82 440
681 -1330 -1569 552
1993 382 -1729 682
970 -1038 -181 854
1592 382 1376 1002
190 -1010 -324 404
784 -1071 1004 443
1857 -1319 214 919
1005 -538 535 1540
625 1240 1140 1588
1454 -46 -26 1914
1849 -1040 -1778 1663
734 -179 -1278 864
1641 778 1183 190
107 -56 722 157
1867 -175 1110 645
1906 1377 -1510 276
1950 861 -296 1226
608 553 -116 60
622 -928 494 146
337 -846 -1881 218
872 301 1399 1922
1636 527 667 1441
58 -525 -641 159
228 -1427 -26 1016
640 -51 -1848 1773
1839 1231 -1462 1426
231 1033 1093 577
322 -610 876 886
317 -1208 1857 1250
1722 1182 1840 1001
1134 -819 -317 947
851 510 -1179 382
488 1296 -1569 90
940 1248 -257 1724
358 -1384 36 284
832 -1278 -1010 39
55 -1083 -651 1949
1261 380 -1430 340
952 1153 -40 291
1216 -1677 557 152
1092 1459 891 307
1302 1369 1227 1528
218 -1219 -877 1521
1339 -1846 -272 1546
1767 1937 1724 1475
574 149 -1545 162
774 227 -1572 1470
1978 637 -371 677
1638 1151 -886 1335
1245 1303 -1447 1192
580 812 -990 146
404 1974 -1174 113
1019 -1097 1850 1701
716 1350 -1503 1459
10 1918 -1748 1044
977 481 1843 1813
222 -1925 -458 1526
897 403 -1335 603
1218 -226 1376 414
522 1067 694 474
1941 -1144 439 466
631 263 1847 1944
1299 -1194 300 1590
357 146 -593 1161
826 -345 -729 1616
1251 -1691 -663 1345
534 -1091 -1103 165
1085 461 -683 1128
1236 -1798 -83 362
1231 476 103 688
1218 1737 -553 83
1943 1018 552 399
924 37 459 326
1778 438 792 219
527 -404 -223 1656
1005 -1149 862 1656
137 275 531 1805
1156 1324 1846 1083
1206 486 -485 587
1030 408 -1987 1257
1555 -394 338 1623
190 -407 -277 1768
333 1777 149 853
1994 -1461 1152 1996
498 880 1246 1275
1447 -649 -337 793
1615 713 1310 1294
1346 1093 386 135
1295 -1502 1056 1891
1912 -1550 196 1448
609 1378 -369 734
117 -81 365 1042
1409 -1390 -1866 1477
807 892 1626 443
493 1669 -1939 141
1883 -672 -1993 711
1937 -1142 1959 1274
1182 1349 1129 651
266 -537 -939 1266
285 1165 -1407 621
1717 -213 1294 1290
1493 -178 -382 128
1984 -433 -276 1671
50 1031 1138 107
1319 276 -766 813
1250 1021 530 898
1800 1031 868 1618
1618 -912 1223 1770
303 340 296 875
1759 -1011 -14 184
665 -416 156 892
598 -527 -1172 1682
1779 -947 1586 1403
1379 1289 -705 1772
1499 821 838 1885
1237 -904 -196 1323
1949 646 -12 1430
1415 152 612 1028
1879 -1018 1386 972
919 -646 -952 1708
1029 -146 1575 1444
1458 821 -1216 1481
932 1365 -1355 291
292 -1843 1931 1518
65 -19 -261 1277
588 1582 823 658
1626 1244 397 136
1093 -80 -1814 1946
1227 -1036 1810 552
1133 -282 -749 793
290 1995 -648 20
449 1379 1126 1478
90 1075 -7 1279
1502 1289 383 68
1090 91 260 975
289 149 -291 762
1623 1058 -1212 1544
1350 -400 -267 301
133 -1026 974 400
1580 169 -191 1552
409 1696 -1996 1244
894 -1869 -1337 1098
1232 -588 -309 1921
330 -882 889 910
1320 -18 -886 755
733 1399 -207 819
1309 1723 1351 152
275 -174 553 446
1692 572 794 37
1243 1997 -340 882
1331 -403 550 1678
96 911 -1656 646
798 1176 1270 1577
1536 -1479 810 1133
715 -1958 670 571
248 1563 618 1599
997 1906 1667 1289
549 267 59 382
1435 -1040 1720 199
35 1395 737 1872
458 1914 -735 1963
401 -74 968 1595
1229 143 1296 1097
1706 1548 -406 499
355 284 -695 776
