2000
1370 1852 571 791
1279 -1248 125 207
714 1532 -1766 1696
1351 1090 1581 575
1428 -190 -890 230
1140 1900 1802 1443
93 -2000 309 408
249 935 -270 1753
249 1295 -1486 1777
1613 239 -1943 909
1357 423 806 1343
595 1698 -800 492
559 1520 -1006 1167
1410 173 565 836
1987 948 -964 125
1645 173 -1776 49
687 -164 1011 1288
1274 -1432 -889 176
967 290 1433 795
319 -1916 1066 799
1488 1762 -291 1316
719 1937 1435 1449
1809 -1495 -1599 448
1200 1561 852 1486
1868 -1288 1065 1452
1671 -951 -620 1352
728 1080 91 965
585 -1773 -892 1686
153 -819 -1230 183
1467 775 493 1700
421 225 1683 624
178 -496 1935 1104
721 1641 -1384 653
19 1951 1331 1494
1761 -158 1984 1243
291 -337 1641 1683
522 1500 716 1111
1511 -1172 -138 1893
17 663 1948 638
980 -1961 1383 488
269 1736 1456 1772
1215 -1660 908 1305
1136 1638 1173 447
892 1969 -1145 821
1457 1234 913 1060
114 1203 1866 1226
853 1485 -1397 696
501 -1420 36 1108
1872 -1985 -218 1112
697 1182 736 865
711 -222 433 577
1461 -1216 607 45
544 -293 -1741 1935
1132 767 -1979 1493
31 -294 1461 496
1765 1063 -1447 103
1242 1791 -52 1041
851 -1869 1322 1806
1301 -257 35 735
1772 -722 -739 1930
1350 -13 -457 279
694 1198 1152 1269
1121 -1307 1318 197
276 1224 1851 702
988 -1936 90 1896
956 997 -374 1249
1963 -517 -1267 315
963 337 -1162 331
1315 -892 1294 12
1614 738 309 410
554 -341 -476 680
1778 -41 -1363 282
1397 -620 1041 492
836 749 -704 361
328 272 -241 180
297 1915 -65 1203
1608 1220 1357 1038
438 969 -1712 565
1835 1046 1854 904
1168 1925 250 1996
1493 -1351 -423 717
636 -418 -1868 182
1212 466 1612 1978
895 -1467 1440 1439
116 -609 1962 1262
1037 -1661 1500 1061
1522 1850 1921 4
1069 -138 -1244 1395
1340 -1852 1837 251
1235 900 -5 1256
1591 -1888 -1319 302
419 824 58 561
1831 645 791 443
1348 1878 -116 170
737 253 -1092 1167
1529 55 -785 1248
1643 1490 1655 326
169 -706 235 1248
729 781 -1253 575
1559 710 -1867 1016
1265 221 -1807 149
457 928 1075 1492
1207 907 1249 342
1509 -1242 146 1857
33 -1032 -681 1791
1774 -750 -1028 941
1827 -545 -842 685
762 -649 -1747 916
146 622 41 1964
1582 -387 912 1331
1588 -281 -1770 763
655 1694 1141 536
798 964 1975 1701
595 -1732 5 1263
212 683 -1080 56
1789 388 1701 1973
11 -697 1226 1841
1187 -1884 1822 1240
1385 14 212 1821
89 -1878 614 1508
530 502 -20 1992
294 -76 705 470
988 832 -868 385
878 -1040 -571 1500
315 63 942 1251
1942 597 -1129 1234
389 -1454 26 1804
1027 -1015 -1718 901
62 -1838 -182 953
425 206 -1852 1603
1836 -1770 756 582
383 1635 683 1800
467 -1612 1728 786
1257 1649 -1072 705
1272 -1021 -1273 968
491 -1462 -166 1532
1121 -647 1341 86
380 288 -1429 117
1490 -1744 -673 809
1407 1274 586 393
721 1241 1271 542
427 1941 711 1574
882 -1177 -1264 114
707 287 -652 216
203 740 -1748 641
269 -1127 -1964 988
1424 -174 -693 762
1150 -104 332 672
519 711 1784 616
1004 -1687 -651 1568
404 848 455 169
762 -1987 -1335 1801
1532 -860 1289 1466
126 -1682 829 329
101 -89 1010 1607
1645 1793 -1629 1371
980 199 1305 1391
876 1022 1867 1007
349 -1233 1016 1869
128 -1367 1808 655
1365 -1969 224 1967
1342 -420 542 1002
66 -1892 -200 418
651 -189 88 220
1080 1871 -1902 1683
1692 201 554 403
765 -131 426 558
902 -161 1441 635
117 -1465 -544 1170
1613 1348 1293 689
1238 -1356 -226 1674
1656 1169 -397 1699
1748 462 -1057 52
699 202 -126 1292
1572 -1735 253 797
282 -1763 -589 1212
860 -209 -707 1314
252 -512 -1473 1805
1681 -1472 -1751 559
1396 -389 822 1438
1638 847 46 1779
345 -1325 -681 603
131 -253 -551 1593
190 850 -1996 1730
218 1869 496 607
1818 960 -1268 831
1043 -94 730 162
960 -1131 -1077 1183
800 32 272 1711
1894 -28 -1484 1807
1833 -83 -1937 1890
882 -1754 -82 333
1856 1570 -1813 1338
263 -630 1464 1445
988 1214 -1045 754
619 -97 -790 1685
34 67 -413 376
547 -807 619 248
758 -1176 67 841
788 1414 -1635 990
1069 -867 -1976 481
771 -1471 -1917 1
1853 -719 1739 383
341 631 -29 1568
1434 -205 1648 974
799 -298 207 55
1002 340 1188 396
1462 -724 -1696 579
129 -1374 1753 1062
623 687 -1250 866
1941 -1937 1975 1817
1886 -1429 893 944
170 229 1213 930
1258 1737 -1865 1947
1382 -169 1180 1805
503 -909 -782 1983
781 1667 1708 1256
1449 585 1885 1401
836 -1436 -1922 449
87 1216 -31 1910
529 -163 221 1507
117 1288 80 516
1096 1193 774 1259
1191 164 1205 495
1583 132 -420 1432
403 586 -458 612
443 -622 -1957 485
639 633 682 241
975 56 1646 897
174 170 1495 146
1698 -1327 630 807
1831 -1587 1395 228
521 1871 1444 1925
765 -235 1558 885
680 -1556 575 423
1174 702 -827 1233
1237 -19 1101 204
1575 -954 155 1478
1716 1883 -1145 495
101 -132 -206 1647
1306 1928 743 1263
789 -530 29 827
797 735 485 839
140 923 -1073 1239
706 -1844 -25 21
1999 1102 1077 1934
1948 1612 1274 1541
739 -722 665 1407
979 -1793 1574 358
1645 1227 244 1591
1401 -321 611 707
1954 228 -1107 1057
886 1905 620 1338
615 -284 -1362 1388
1660 -398 1768 1145
1089 1429 -269 213
498 -1833 -406 602
1812 -629 -1298 695
1965 1215 -230 189
1991 -1129 1080 529
1425 -838 -696 190
845 316 1925 1936
1299 -588 -1336 1993
781 -828 1588 79
1897 -620 1810 1772
939 -1865 -1745 1725
8 -1612 656 1172
1355 1221 -1664 198
1939 -1764 1145 1342
1363 -1822 -513 1240
1666 -1526 -1329 1719
937 1506 -562 1023
679 1788 -1741 1515
1648 -1319 161 1832
1210 -1203 1534 1464
686 -267 -576 801
477 1529 1711 1196
505 -803 -1950 534
711 1632 -1381 1186
1236 844 -1625 1812
1597 1342 247 1495
149 -1930 1624 265
483 -1235 -396 1114
433 1138 1656 1089
686 -355 -191 710
141 1418 -1261 905
468 1524 1699 1978
1054 599 1215 302
361 114 -665 497
201 -1748 -797 1278
355 -641 -1443 1193
1491 1869 743 1558
166 -1867 515 863
1985 1811 636 193
1656 -882 -377 1967
935 743 458 510
13 1972 -1857 1272
1260 1054 1456 9
491 -1626 1151 757
1796 -1851 513 800
742 1223 -1790 1060
1236 -829 1616 1695
99 282 -1538 1090
272 -554 305 595
1976 721 -1566 1180
1391 -1340 -1545 137
826 1181 -1598 1838
1076 -291 1046 1023
1373 1569 -528 54
598 122 -1947 961
1094 -627 1499 178
840 -1559 362 845
1355 326 968 1933
225 453 292 31
1632 -74 -1578 965
932 1112 1312 1700
1019 -1295 -924 774
1191 250 -784 649
1536 -1677 1699 1263
1151 -272 1554 220
1268 972 -1850 1451
322 1111 -328 1961
1230 -22 -1039 1192
1043 122 -901 1582
720 -1427 -1767 1619
1032 22 -1013 231
129 50 -1112 345
278 -783 1258 641
85 -1179 58 231
514 369 220 457
1954 -500 101 1433
1473 29 -710 221
1389 11 854 1758
1752 646 -1393 249
249 1242 -598 1553
924 -169 1216 427
94 -1879 1318 240
513 -986 409 1086
1262 -764 694 1512
1454 265 -1959 322
32 1066 244 1205
1783 840 -252 145
1321 -184 -1124 710
97 1761 239 810
1821 -1371 -1843 582
1152 1612 1478 393
1121 1839 -1986 1203
1499 1054 282 1531
827 -472 -1058 234
37 -1921 556 1726
1408 -1614 -1542 72
1925 597 1370 1214
1204 402 1100 474
1998 -1513 -254 104
364 -1194 -1323 1308
487 734 -693 842
62 -1452 -796 604
595 -1086 -1324 1712
1262 282 23 695
1608 82 1337 1832
1601 1861 -260 90
1036 -1347 1960 1805
1982 -412 915 706
1202 -402 -1500 974
39 1722 362 1932
320 422 -838 360
355 -619 -958 196
747 751 1217 1782
1815 -665 -1124 424
1704 -1329 1139 1719
247 -905 -430 741
1132 885 -861 1832
1560 990 -1672 904
1068 -725 -579 69
864 -1204 -990 1278
1773 -965 -962 91
403 630 -1605 836
372 538 1971 1399
199 -1980 1632 6
1958 730 1904 1655
1472 534 -1197 1042
488 1660 -1873 423
1892 -136 1265 1157
1822 -666 -533 900
1399 -1155 509 76
1775 1956 755 812
1726 992 469 1156
383 -1592 -425 26
31 1408 1237 1369
1890 -1113 -1115 1486
1743 1042 1280 1818
1103 1727 -973 1042
1074 1529 -1151 194
1849 -16 1152 1429
1197 -1104 -729 367
1543 1745 1653 836
694 63 -171 1278
812 -1988 -833 1258
545 -1681 1244 1595
1327 245 -144 374
772 481 -535 293
675 580 -1689 1077
1859 -159 1661 791
606 44 1046 1586
1971 -1092 531 895
629 -440 -1295 1948
187 -164 -520 1674
430 430 1024 1983
253 -943 197 821
1804 -1581 736 905
1456 -113 209 1757
725 599 696 902
664 -1013 -427 1710
1982 324 -1148 1379
1115 1897 -1431 230
1452 199 1554 494
382 -340 -1655 1059
260 -782 1393 1827
581 -137 987 975
619 52 -1690 607
709 1142 -426 522
501 1690 -790 991
1971 -1375 1055 1088
1801 -427 195 817
1270 447 954 1325
827 631 -667 1505
1504 -484 1318 15
2000 1732 1793 1405
552 42 7 276
1756 882 692 721
1363 -1518 424 582
790 -729 -879 1306
1973 -365 -319 1253
610 1540 1351 1110
1315 1199 1124 733
1300 -1502 -1407 256
1507 1140 903 682
1043 1766 537 1624
217 707 518 90
1042 -316 494 1880
1675 -1591 762 1082
39 -1555 1085 511
1581 -1027 -1010 103
504 1921 105 1817
197 -1556 1681 94
1720 1998 1961 516
279 1390 1240 1276
109 1396 985 667
1401 1364 388 701
1516 -1029 941 670
959 -1481 1913 1007
1867 542 143 119
238 198 244 1071
1213 -1421 -770 1381
1580 80 -999 74
680 766 1939 532
974 1248 1193 1341
1377 548 793 450
1352 1339 -1776 1492
525 1224 -38 522
895 1575 1774 446
65 1719 1662 811
329 -1399 -229 374
1569 -233 360 1282
1274 -930 -644 1258
708 553 -1416 939
648 203 1719 1350
846 -674 1882 1107
1479 -1432 -1928 1577
372 1312 727 487
1548 -537 -2 1615
90 -925 1230 197
781 -1499 -1733 1556
1751 -185 -957 601
1375 1577 1548 1206
127 -247 -1288 1232
758 1340 -529 1202
1158 157 1129 872
535 -1907 736 1445
675 -523 1301 797
1608 -1778 -668 891
265 973 -706 1677
1581 520 -73 1091
1263 1920 1187 1763
1804 -1332 -1406 1768
88 -1764 440 542
1017 1744 1094 744
394 -191 -1331 1739
1834 -1259 -778 1456
394 -1588 -1374 1798
1875 1297 348 1661
1182 1333 -1980 188
1369 -1477 -1835 859
1785 1236 1113 618
1074 386 356 1113
1857 1128 468 1950
1715 519 1572 1970
1371 1363 -1145 1508
640 -1867 -940 132
828 -906 -1304 553
1742 1439 -980 844
761 1836 -1392 1451
1459 -332 947 823
55 818 1680 1718
947 1129 1288 113
683 915 14 1831
52 645 220 361
1050 1881 1176 268
1098 -665 -1879 506
1256 1835 -1228 401
1963 -1831 -316 1362
188 -1987 941 899
91 -1769 -632 782
1146 -1636 -1209 640
1648 457 739 74
423 -417 1324 1908
765 1819 1582 1781
183 159 -1185 1084
346 131 1780 874
641 1749 751 1126
1114 -1071 96 1464
744 -1949 675 1998
130 1767 879 1738
1043 -681 1471 417
408 726 -1151 941
949 658 1904 1229
320 250 -620 992
1956 1230 -622 253
208 730 1285 815
1782 -937 -629 1153
108 119 1255 1270
1694 -1527 134 1395
1914 954 1768 19
674 1257 253 1074
1294 -866 1607 1283
1927 1521 -39 1275
93 -274 1162 1331
1443 819 1118 1241
1405 -505 -891 303
1417 459 -1140 731
547 -1107 1729 1798
975 -456 33 957
83 -1704 554 1411
618 780 -1647 1837
1746 1061 -1755 628
1775 -1438 603 423
774 870 -1521 534
1106 1604 1587 872
1715 1987 341 198
554 1030 1320 1902
63 1081 -1384 897
971 -1010 1322 1252
670 -1365 -1231 1603
874 -1628 -1008 1434
166 1419 1313 330
1564 -430 -832 1786
1531 1322 825 1267
1349 52 -1424 1347
1682 1234 171 91
1612 -955 -256 1025
401 338 1807 1455
1348 1413 1459 402
492 1819 -732 1259
676 -261 -236 962
633 -513 1794 526
1983 246 -1504 1534
1869 1780 -920 1363
204 -243 1646 259
667 -903 -767 888
1438 -428 1890 719
1291 1958 -1924 602
988 329 -1655 638
319 -185 579 1558
201 1886 655 622
1999 1998 978 168
763 -394 707 763
93 -1638 -1472 1759
1815 1652 -1200 194
320 1908 -7 1830
1794 -1882 -395 368
1901 -36 506 1755
1906 707 756 1155
392 -1026 -1265 1995
506 -1130 -1813 903
326 -1019 -1041 482
1504 -921 262 506
461 -352 -1348 351
1481 1591 -1104 520
401 431 1688 253
729 -1713 424 1182
1080 -1143 -1062 1514
615 -1863 -1732 857
726 -1676 581 1491
1575 1020 -399 1095
1777 -1011 163 133
1870 445 -894 500
1053 -510 943 1773
49 11 -1661 973
256 -758 -93 519
388 1007 723 1920
174 -910 35 1794
734 1196 1576 1657
28 -1134 -388 233
1059 1714 957 1670
304 -1945 193 698
1719 -273 -933 258
222 -1865 -1492 1761
1441 -408 1354 892
844 -397 -653 1917
1380 997 -1672 1921
1854 852 -1272 442
1574 614 769 365
746 334 1390 484
189 -1667 -267 1389
1956 364 -364 1385
108 447 1074 462
1314 1305 1818 470
537 1528 807 638
888 -1640 -692 840
1753 251 -1674 153
1228 761 1725 1595
2 -749 -724 572
434 1414 -126 702
151 -50 1619 533
1695 1403 -1031 252
254 1378 1002 1440
73 1166 677 1971
1132 138 370 170
1109 1049 -378 432
1542 -1744 1411 1745
342 -481 23 223
1809 -1471 -799 849
1140 1015 -1571 1071
674 -536 772 1495
273 1288 1212 43
1085 1480 -518 1329
677 18 1005 562
1049 -1866 773 571
242 589 -1140 703
1434 186 -1952 1154
47 1091 600 223
1925 -1514 -39 468
417 1903 482 1441
142 -1242 -1839 285
188 -186 94 1073
988 1373 -903 1066
1925 -1762 -1434 731
1522 -1616 1762 1721
962 1019 -455 1005
519 -569 -701 774
56 -562 924 372
1806 1656 -473 1102
10 -1185 705 1597
1054 -297 -1140 1423
752 -1141 -1086 1797
1162 -1087 1008 1717
1260 -145 1220 312
1577 539 1775 1677
341 -1121 -1170 725
1806 975 -468 453
1552 -431 853 1447
1983 -957 -1070 1848
1041 -1000 -598 124
65 -1762 1871 198
1246 -553 1539 240
873 -976 -256 1449
683 1118 1209 1986
268 -950 -1362 896
173 -1132 -575 1694
1199 549 -689 855
1066 -1879 1522 352
999 925 121 220
1574 -770 898 1766
1561 1000 -1051 395
1143 648 835 1933
938 -151 -1437 225
1857 -18 -1037 210
1503 -497 -292 396
1274 1734 925 1361
1309 1322 1418 456
166 -699 -82 1097
1529 -1659 727 1698
331 1451 971 197
263 1418 -1192 1287
109 -1843 1065 1459
1598 1136 691 1717
1537 -1728 404 176
130 1086 581 456
1757 52 -895 777
1847 -487 1327 1518
566 -1886 -216 1610
1476 1563 -915 147
448 -938 -917 146
1804 41 -1575 212
176 932 1525 1260
1382 -1456 -1421 975
204 568 -1863 454
1541 1453 -1674 1823
1016 940 -834 653
47 -1037 425 1428
1818 -1104 959 1837
410 136 -1101 1432
1574 -1703 717 1557
793 1155 1661 266
1377 -902 90 1344
1858 1048 -1627 1366
945 -366 -1994 1997
1610 -1604 89 474
1419 1801 -6 935
614 -1705 989 1
1811 -165 -1569 1211
1227 1504 -1409 986
734 863 -847 296
1950 -1503 -1321 690
450 1873 -1242 1210
1860 166 -593 805
996 -1751 359 493
1666 -941 -1825 576
1911 -1137 748 1423
1037 796 -1543 1344
1682 -1648 1143 413
1370 441 898 899
58 1101 1583 84
1918 -493 1823 1269
1843 -823 -1063 1025
1309 1314 1691 100
307 -38 -1374 1984
1294 1119 413 1643
286 571 -920 367
741 -1447 774 1385
1161 -1542 875 1067
1398 -759 1977 395
1034 -1597 1270 929
424 -1698 1730 1613
886 -1587 -382 1822
238 -1075 405 124
465 1003 1018 1247
15 -255 583 725
336 -1102 -719 256
1214 -1666 -1162 838
1993 1980 -824 799
898 -1682 -1587 1067
752 1754 856 202
1758 3 1530 497
1562 -1360 -706 1532
120 -1289 236 1270
1614 1725 1075 626
1909 1540 634 662
686 -927 -1555 1595
602 1217 -58 494
257 -1857 18 1362
237 1864 1691 204
892 1182 839 197
1537 -1080 -652 828
482 203 -1908 770
476 -910 -1518 1931
1787 -1653 1186 1379
1923 -1011 -101 615
1690 -1732 1088 120
155 526 -733 412
1188 402 -627 1645
1912 -1648 691 71
191 -546 -1584 798
561 1124 1399 662
1679 -1861 -1781 25
602 1110 -475 741
762 393 -500 443
1352 -1093 -1581 449
740 -545 -236 1745
1392 -1632 36 344
1282 1115 -1522 1608
454 -548 885 1734
1946 -1878 431 1068
305 393 -1270 1288
465 485 -219 1676
868 1540 -488 1788
123 1861 652 99
870 -550 -349 1486
1677 -1570 1219 847
1626 692 400 1339
1101 -1626 -543 1693
535 -1422 -1063 113
1487 1326 -517 1705
176 1089 -1015 1004
425 876 -28 1970
251 1505 1726 1721
1231 -1151 1563 643
254 -1521 -181 598
1558 -603 -653 842
1404 1094 -1434 1007
741 -36 -1134 1908
875 -808 -507 1457
1342 373 1888 1582
1088 1954 -1754 1498
712 835 -1027 1909
1600 86 1362 1061
535 1939 -209 1845
1408 -1217 476 658
1409 362 794 669
133 -911 -724 507
1419 -1933 149 1400
1620 -1204 -1185 1967
360 1376 1837 1876
1826 1454 -1073 426
1616 -65 -1499 1757
196 265 -1118 1434
597 165 -1268 306
1759 1443 -1595 1083
1599 6 -1216 846
1880 -558 1495 186
1936 603 -1387 1024
1523 -139 -848 1925
1407 1310 -1891 1267
1271 -1685 367 1655
801 -1144 1869 309
760 -739 -486 2000
1658 -1634 750 1090
506 -160 -660 906
623 1105 1208 441
1428 1727 141 1812
1718 -744 548 853
153 866 -164 1834
1171 -1409 -1361 69
1231 512 824 1194
332 868 1755 1572
668 186 1212 1744
1621 1045 -489 447
531 1039 -1005 1337
420 -1388 -1973 181
1130 1238 958 1106
1085 -1754 -1686 1810
39 436 -1123 1817
1750 1150 1812 1554
1549 218 1406 1658
835 274 -798 1395
1650 -737 -1391 1539
1065 -556 381 1890
91 -1568 -129 1840
462 -1814 559 252
397 545 1145 1886
1351 -1505 -124 1902
141 -1761 290 266
1480 867 1622 1204
288 1080 -343 1474
998 617 1031 637
1931 -493 -1139 1282
1095 -195 -153 36
1011 1475 -1077 727
1455 -1280 -993 359
13 -1286 -1881 1983
1619 778 -550 851
542 1780 1655 1974
442 1274 -444 1828
1626 -1386 904 410
422 -1058 -1697 1433
568 -580 1942 1911
686 216 -1348 1933
812 -543 -829 778
631 939 -269 254
1114 876 -1102 1424
181 -617 -1624 825
1561 -1552 667 1975
1709 -183 -1603 667
1836 83 -1405 1211
389 -105 -979 944
986 1280 -910 1337
1633 -1544 487 183
374 792 -1265 1183
1047 -617 559 939
214 -1431 1214 1369
651 549 -422 1482
816 -278 329 308
931 76 1044 433
1479 -804 1272 830
1731 1606 1868 1533
1233 1152 -1540 867
1888 -1806 797 1323
1763 394 -1981 1537
1040 301 614 487
1490 1209 -136 899
840 -1510 -322 927
963 -1818 76 1272
1708 1630 -1008 832
828 -748 771 1965
289 1949 1465 1431
687 1327 1382 1981
1853 -1007 -1709 609
756 -610 -477 1927
468 1491 1943 1274
1263 1400 -1617 232
380 -1086 1636 1617
453 -1965 766 443
377 1095 -1409 1969
1707 -1739 -1307 111
225 -529 -29 1912
150 -1776 165 1153
1192 -979 -749 211
906 1186 483 1196
1187 -430 667 1199
1966 -1444 441 1519
936 -1478 30 1368
1574 -682 -401 231
1628 -1534 -1783 1420
1974 -790 -957 783
1395 -969 521 1193
1845 666 775 1910
690 1180 -757 1210
118 -793 184 1353
431 31 -35 1532
32 -519 -1449 1907
654 -901 -862 158
1494 -934 1567 211
117 -1997 -345 1276
1054 -1991 -734 565
632 -184 499 1186
1741 -1493 -1763 695
1549 -873 -604 238
1753 -474 1081 1125
760 -1140 -1383 1005
165 1614 -664 524
1278 995 1214 1852
1959 -457 -1796 602
1589 1919 -731 1559
404 291 -1913 1403
1714 1572 1230 1229
1105 -818 -655 1820
937 908 1171 1449
915 604 -1637 250
463 945 -422 1945
511 1954 -76 1939
1402 753 -1641 282
1194 -1503 312 580
894 1344 1858 793
1865 -1153 1194 40
225 -912 1985 1747
1633 1425 1009 1726
1671 802 -161 1988
502 1482 1054 866
198 1210 437 346
159 -1393 1159 82
898 410 -1247 562
1568 936 1740 346
800 -599 156 1097
1629 1886 1664 1239
534 -32 1926 924
1901 882 9 790
936 -419 450 72
659 -706 -900 709
796 -665 -660 1865
582 1591 365 560
935 -228 -700 333
1961 -1962 783 1861
364 -538 -334 897
195 501 -943 1472
707 1764 1341 1330
359 -856 -1338 398
1726 1435 -1741 493
875 -1695 -959 892
1285 -1934 684 606
629 426 -665 216
986 541 99 1364
1080 1738 1836 942
1956 -1866 213 890
362 1727 1589 1772
88 -33 -465 1054
480 -237 469 782
746 240 1279 1069
959 -248 793 369
799 1685 248 595
60 1697 -1213 258
269 324 831 111
1212 1406 1353 479
1704 -439 1504 1548
1188 -198 476 68
182 177 -1207 328
1465 -1041 -639 431
1019 -1493 -388 1440
1504 -1817 -1292 139
1533 -1044 642 1425
1901 -1067 1382 936
512 -86 -331 136
55 -602 -128 1040
426 101 961 593
146 1615 720 722
1919 1310 -1735 11
738 1284 -1215 1098
1092 -836 1817 705
350 -821 -747 949
1759 -1066 169 769
1274 425 -1299 1121
564 326 686 1736
1562 1230 -1735 410
1993 954 -21 1362
1108 -1394 -453 413
50 230 -1630 1374
1694 142 352 152
1477 -1987 1342 311
1787 -514 -1794 1751
1174 -431 1903 1659
1218 -1061 -1730 1544
1979 -1084 1153 743
230 1124 -1638 710
1976 -1727 -1396 472
861 58 452 1392
467 -448 -707 186
652 -1756 -1489 1443
1568 136 1012 940
1176 -437 1335 122
644 1416 1438 9
246 -1489 1990 325
1045 -896 1978 1823
1739 -558 -1907 350
88 62 -1527 43
812 1758 -388 1844
368 1077 -1514 1178
190 -348 -1654 147
149 -1606 -451 744
1638 -692 1407 1992
1801 1137 1570 115
649 -1257 1269 1137
308 -1634 -5 1849
1948 1031 783 1946
728 -1873 768 1989
83 439 879 1920
1324 -790 -809 117
1477 -875 1289 1217
1637 764 186 1525
1222 -586 -1662 665
775 -1190 -519 244
746 1654 244 709
951 1874 1802 1405
712 1879 -194 898
539 -1942 215 334
1075 -704 406 126
1656 209 632 884
162 -106 -1829 38
1153 -1535 -966 1308
1000 -1697 -507 1813
1726 -1178 905 211
1676 533 1385 1322
1985 1366 1825 1877
945 -162 563 1938
449 -1459 -292 993
461 -150 -459 728
211 1366 919 530
518 -276 -486 491
843 1468 1942 870
303 1897 567 951
239 -1782 -176 298
622 -897 -1821 858
1699 309 -1974 1194
88 -86 -1317 1536
1164 -815 1655 1957
290 1372 -862 1782
1248 -1035 -64 374
1041 1177 -1661 1354
707 -64 -1402 1883
1194 700 -198 280
763 381 1079 1409
1906 -713 -487 1101
508 -1422 -1946 1669
1102 798 1542 1510
1916 839 -573 163
1698 720 756 465
175 1609 -1965 1418
357 1723 1649 1866
91 -1455 -525 1749
1067 -1929 478 1631
1956 611 -194 722
1113 1538 1928 764
1455 984 -483 1246
627 510 21 1422
1746 1733 1052 214
496 634 -244 1875
338 1774 938 134
1667 -1619 440 662
579 1803 1595 749
1779 -1575 1167 1143
1946 -1061 1361 166
483 -1656 917 784
397 360 292 479
1786 -1364 1036 1968
1584 -1783 -1876 533
843 -7 -1960 1315
105 -1532 -1101 277
1372 -1493 483 967
1276 -719 792 171
162 1871 1530 951
526 134 1336 741
19 -233 -588 947
1269 183 502 817
1234 533 1185 1733
1414 1607 -1442 26
101 88 13 492
1941 -164 1416 1934
1505 -1887 -685 692
1575 -1824 -736 841
475 -1261 -652 1083
1826 884 -1822 1402
1944 -1836 1370 1164
1290 884 -1372 44
749 1489 -1572 566
1509 919 -301 1981
1599 -1916 -1342 1782
23 669 1097 1738
1506 -1394 -1947 1448
1558 945 593 1200
1485 1085 -1690 1465
1494 1101 -1480 1916
724 -548 -964 198
701 -133 175 42
940 998 -399 365
1871 -1985 162 408
601 525 -1672 170
337 -953 205 132
1410 -1169 -1474 650
1257 1166 360 1128
490 1552 -401 1051
396 -1604 1028 324
248 1508 1949 1593
1566 1438 -899 116
1775 -783 -758 1634
452 -165 403 36
1382 884 315 1889
836 41 -626 1587
656 -1984 1910 69
1810 199 1442 60
1891 -285 -1320 731
1827 1380 -953 189
69 1514 1508 687
1182 1014 -632 210
1033 606 -410 1454
309 -1407 755 1994
1125 531 -241 725
671 306 -601 1456
1806 1305 1430 466
1873 1524 -1211 3
281 -512 1663 737
1678 -1884 1805 1102
1355 1395 -601 1279
734 1087 682 1919
553 609 -855 1674
1636 883 -679 1666
1288 1400 -225 1950
245 -686 375 1430
429 1185 156 472
967 1356 -195 438
765 -421 213 86
1358 -578 -959 1200
669 1489 172 996
320 -1531 1148 65
193 -1867 -793 271
1713 903 1051 1750
1520 -424 -254 293
534 -1255 1689 1276
1982 -545 989 978
1093 -1198 -1860 1936
687 -1139 -957 355
1059 1733 -887 1406
314 -422 1165 1334
1795 1806 1806 1604
674 -1921 -1200 1975
221 1419 826 559
174 -151 1244 771
980 -1477 281 1196
817 -1471 -1606 808
1597 1983 1623 1352
1794 -843 337 1393
1406 962 -1407 287
212 1753 801 542
1899 1527 629 95
1837 -1437 -316 1225
825 -485 24 517
466 -907 356 1041
527 -1058 -1829 1422
1353 1843 1480 163
1167 1532 -1595 1175
485 -218 -143 58
1584 210 -956 45
92 612 1284 677
6 35 1394 828
1027 -1574 168 1760
39 428 -1718 1571
1567 1924 460 1817
376 -1686 -1208 1373
1269 856 1603 636
1084 748 -168 1128
346 1511 523 1654
1755 1176 387 400
1778 -1174 -1187 341
695 -51 -1029 1316
340 -209 -1811 964
1864 1547 1671 719
164 -1595 -106 3
880 231 1389 1616
1511 1466 -645 316
1414 1152 -1577 66
273 -497 -1649 670
1647 631 -713 1043
1225 -1839 -509 1365
1407 883 -1007 1439
1107 1798 -1800 1343
955 -62 1620 1205
19 -703 1301 1192
969 1106 1356 1360
128 995 378 1485
1437 892 58 1455
957 522 23 971
397 -1510 -1465 205
368 963 -877 2000
509 1007 -479 1848
735 1106 1951 1160
387 -781 -1117 396
1197 -78 526 625
1171 1584 621 8
1920 999 900 487
307 886 285 1895
301 -1436 1791 1207
679 -519 842 615
746 1977 -1501 670
1140 1080 961 5
442 -1057 -1896 314
1296 1227 598 270
19 -1116 623 279
1264 -1691 -567 895
1546 -1245 -194 1315
1240 -905 -1316 196
1060 -106 -227 1338
29 43 -1975 28
998 844 396 1993
293 -335 228 930
1620 -1112 -24 973
324 -1003 -346 1620
1381 1791 -1219 548
831 -106 539 1615
685 -1266 -1671 1642
1773 1286 89 1775
1137 -848 327 764
1408 476 1078 547
1141 -1618 -1468 1800
1151 -1451 1184 1110
1664 -906 388 26
1871 1977 -1472 1382
998 -893 -287 160
1652 983 893 928
827 -1021 896 1797
1203 1295 1092 721
886 1078 1593 376
930 1129 -1558 1606
1722 -1094 1514 198
181 -343 -1606 1659
1150 -1363 -1663 1803
1730 1327 -1714 942
1637 -979 -1035 1828
1245 1159 -671 972
453 1954 395 158
1564 -1977 998 594
739 -527 941 1303
1443 -296 -1713 1133
149 1053 -15 1419
807 1958 -478 1706
366 -140 1157 1847
94 -622 -1056 1157
1300 861 -1334 793
781 -208 793 1228
924 641 1009 1421
1944 1179 -1285 1868
1675 464 -239 1680
1764 1373 -685 1042
1910 -1095 91 624
231 -954 -922 1227
450 231 190 649
181 1078 1255 372
1012 -1023 1653 1352
1012 900 -1848 1241
1809 -1506 1067 907
536 -1365 1069 824
93 -1849 -66 158
135 262 1821 1278
1887 1115 -1219 1502
917 1483 455 1800
299 731 -339 1577
615 1263 -1475 995
1941 -1408 -1209 635
147 1903 1178 587
1524 1085 145 833
526 -1198 1219 1199
300 1463 -109 457
588 -1487 -81 714
1313 377 -1341 975
610 1151 965 426
1994 1625 82 2000
22 -1258 -101 1324
602 266 1227 1050
188 864 -573 972
1847 -517 -1910 153
554 -1265 52 217
55 1002 -922 1258
1332 -463 -489 558
909 1258 -1150 1211
1440 397 -1731 1945
1727 304 152 1784
1890 -1616 -1270 759
130 1310 -1903 846
687 1199 374 1989
1451 -1073 1620 1450
477 -1193 246 1216
32 234 1431 1002
1153 -782 718 20
1956 1512 -309 235
1743 -430 -899 463
1613 228 -1428 200
1644 -1884 1612 1854
1952 155 -612 1616
222 -1115 -740 1742
33 1690 -1150 1503
1273 -279 592 572
359 197 -1379 1571
83 717 -956 1541
1878 55 625 1960
1568 1147 1839 421
1123 -139 -645 763
902 -422 854 1466
419 -1593 1656 1049
1481 75 1090 114
602 -132 -727 464
1950 1026 -818 23
751 -397 -542 380
91 1008 531 777
853 -699 656 747
468 -13 1388 1940
1555 1267 -991 1273
1631 1316 1687 1524
188 1724 -1383 1379
929 -441 -1073 887
1431 361 345 871
205 -455 -330 378
263 -776 1959 1376
731 -69 1714 762
1603 -1948 833 574
413 467 419 1396
414 1183 -1637 427
1946 173 640 724
254 915 -1271 1654
7 -1451 -810 1433
1448 1147 1611 683
1800 -1540 160 1070
161 -1523 84 392
947 1191 -1763 1249
974 1990 -1313 168
652 1680 185 1071
757 -1017 -1364 1242
424 -808 1788 469
569 -955 -270 603
1645 -901 708 1519
16 827 -1992 1879
1247 837 1475 1483
1822 1771 -250 1147
1204 466 -259 1111
362 -508 -1940 884
1008 -764 1206 1822
1752 1457 -1757 560
969 -1635 127 509
77 712 -1832 1611
963 509 -521 3
1758 1716 -1457 1795
675 1111 -1113 236
1023 -1868 582 979
608 464 -962 372
343 914 1286 1962
444 971 1722 1129
1481 -525 657 1605
1470 61 -1093 1496
60 -1833 716 1888
186 1118 1739 158
948 -737 1018 968
518 2 -1823 295
101 1306 466 554
1254 -545 -1792 1298
1861 581 -453 676
752 -1280 1966 282
1706 -1764 -1928 322
200 -102 643 1277
1655 1045 -1796 689
1764 -365 1143 1240
2 556 -1479 1199
1336 -155 1838 24
80 -1543 -845 648
90 -120 1129 1977
87 -1115 510 985
926 942 -1985 138
122 258 -166 1040
1385 1429 -1876 310
1839 339 1138 1977
385 -536 398 251
1883 1419 -1835 577
1371 -214 881 1990
387 -956 -1887 22
1914 -1715 1370 1652
364 770 -552 868
1222 -650 374 1201
443 -1953 1185 1497
993 570 -1986 924
676 -1104 600 880
979 904 -742 912
1118 -1446 1523 1848
94 -1134 82 251
749 -1540 1316 1277
1385 148 836 1578
982 1047 -783 381
1145 1005 1315 1113
1005 -815 -515 196
1042 1965 1269 1479
1353 -1503 716 1519
25 -1137 -1296 607
1869 1394 1312 1996
1796 332 -616 1999
1552 -39 420 311
600 736 1381 1828
917 -1147 679 1949
8 1932 -1926 1019
371 1356 1513 748
1436 739 1118 625
1741 104 1154 208
678 -1631 1068 1538
522 1601 -208 470
1709 -1824 508 77
765 921 1211 764
1270 844 378 253
1516 902 781 1726
325 -1982 814 864
444 1530 1681 681
896 -1111 734 147
1074 -1600 691 459
475 -1337 -1280 706
1539 263 -28 1983
75 705 211 1676
900 163 58 1765
902 -1855 1228 844
1098 -40 -1489 39
1264 612 810 720
906 -869 -190 932
47 -1651 -87 869
1673 -1243 1556 1352
103 -464 142 1864
332 -739 -287 337
446 1534 1875 549
136 -1490 1536 347
504 -1437 830 1771
1698 115 -995 195
267 -725 -291 133
510 687 1410 727
539 483 -360 1441
627 1445 1148 754
781 444 217 1324
533 1545 687 1732
1975 1367 -581 963
1208 307 704 615
1534 1566 -277 466
995 -688 -7 1066
1702 1020 454 136
601 -552 1843 585
1716 -4 1380 1584
529 384 1216 642
1838 19 -1538 1144
958 -69 1302 1201
1272 1092 -1780 813
662 924 1109 291
1160 -775 1555 204
1263 -1670 -1118 901
226 705 1152 1761
1772 -1904 496 1653
1115 -277 1632 1035
147 -409 -261 271
905 1251 -556 341
1193 -239 325 1
881 1337 -101 685
227 -1596 -1672 1655
487 -160 1092 528
150 -297 -22 1742
1872 -1127 -730 1354
1959 -290 -1794 883
1890 -1982 381 1146
539 -66 1394 1956
1041 10 -1261 763
55 440 1060 1581
1203 -727 -1741 1499
1376 -998 -859 43
1276 -1392 340 647
107 698 -43 1388
1442 -1922 -1442 1276
477 -1271 -1209 1196
1513 1580 -1012 487
1834 1911 -244 1913
1431 -1246 -1480 1332
713 170 410 1599
992 -1954 -941 1714
350 1539 144 27
201 495 -303 1260
493 -329 1244 666
920 1487 -1654 512
1549 1950 -692 1818
1922 -507 -254 1290
673 -1738 -43 439
602 905 1607 137
1312 1674 1871 1950
56 -1102 1264 1400
1757 1478 -845 1773
1583 1370 714 1526
1423 704 -518 1904
1108 -293 -876 622
1161 -1541 -874 1380
572 1311 -251 590
49 -1417 1374 1047
1598 -867 1079 34
1484 -386 -1505 1557
1292 1714 1913 921
1343 1997 998 476
1437 851 -1901 1134
1136 -1111 -14 1415
1814 1415 -1487 1200
1522 -999 1606 1253
298 1482 306 490
427 258 1472 771
529 -644 464 1898
1056 1087 -1785 1372
222 -157 1796 732
1494 1369 -462 767
1030 246 927 1023
929 1380 1633 1833
991 -268 -792 990
824 1880 -431 469
1933 65 -549 1608
1823 -394 904 322
869 -1383 -1433 184
1259 -1987 -272 253
1022 -1107 -575 1211
976 -1822 580 513
714 1935 -809 1648
533 141 -964 493
368 -1864 -1028 291
366 428 689 334
1301 1743 -119 960
991 344 -515 271
1884 38 -208 1701
319 -1094 -326 271
173 -1843 1927 1279
1713 -667 -644 1003
1115 -85 -421 1259
604 -849 -1134 1230
219 1001 -1205 342
51 1068 1334 1543
83 -585 657 1900
1660 -851 -317 1890
1639 1818 -670 667
1997 -803 590 1661
620 -1255 1118 145
1129 1240 1502 532
1464 -1407 -1443 873
1366 1074 -1711 820
1776 -139 543 1600
409 836 310 1883
152 1500 1998 1749
471 -1237 -871 1237
1221 1910 1035 1331
1061 -1169 -263 1791
13 746 -1341 1369
88 -286 120 1366
773 1445 -906 1666
773 -1810 -785 152
784 1104 -637 1276
65 311 8 1106
1142 -258 1491 708
33 -1328 -1940 847
649 663 1354 806
1098 1893 -265 222
1745 -782 -931 1361
960 -1393 -1055 1963
1056 -254 -653 304
378 1031 -231 1300
861 -476 -332 401
1452 -1370 1845 709
269 1071 824 1441
666 -1256 -978 587
1396 265 -1565 317
1531 -42 270 1155
1815 228 1129 609
323 1591 688 1307
1804 -1278 -1673 1084
566 -1547 1781 1743
1063 -520 -548 1977
1338 -1261 1096 1789
894 395 1472 1254
789 1541 505 1025
1829 323 1720 1744
1914 -352 7 120
1618 -1091 -1186 195
1359 -715 -12 1135
857 382 266 1662
1898 1576 -58 980
1776 341 -789 1452
254 -652 -74 1379
843 -464 1374 1979
1249 -1572 808 1754
1263 1609 512 1032
440 528 -745 549
1490 -311 -1680 672
600 -1470 1719 1041
313 854 1372 224
966 443 -626 875
263 -937 -1976 1445
1447 -16 -807 593
596 1541 1991 683
1840 -1283 1159 1039
819 -399 -320 1968
262 1898 289 1971
665 1926 -883 689
1134 701 384 1512
1611 311 1517 1099
13 -1774 1819 302
1248 -1497 -1351 362
1415 562 -1376 1839
1738 770 -1340 317
931 -428 1267 1738
304 676 -1538 639
357 0 -1074 363
1063 -832 -891 1598
961 1951 1711 1231
1411 -99 -542 135
222 1427 -988 1572
1929 -376 546 1303
879 466 -449 358
1167 424 336 747
1339 -894 1120 1170
1769 460 -542 1983
1173 -1498 -1175 1942
1357 516 -649 1345
1827 -951 816 942
1775 -282 -1508 1822
1787 729 623 56
821 1299 -1219 1283
272 1823 1716 751
1059 -784 -1374 909
1384 -1132 -1763 466
1710 -1416 -1446 345
1976 1531 -1537 1406
188 -1132 705 307
869 1453 948 318
402 422 -573 185
1380 960 56 1218
164 408 -511 456
938 1140 1555 436
1719 516 -1111 765
460 1789 -476 835
1041 -1060 152 1605
1055 1003 -1291 907
1126 1072 198 893
1672 -774 998 1977
316 1191 1528 81
188 -258 1457 1019
1895 -1697 1614 143
1952 -1196 851 1021
1821 1590 217 1748
1641 -112 1382 140
1906 1452 -806 1997
1003 -1235 -1855 758
219 205 490 1879
1469 -1748 -424 423
190 883 -1210 1662
915 439 695 1292
1552 -387 622 1441
1793 -1790 -1153 274
1605 -222 965 923
1534 -1156 1750 1783
450 33 -1601 378
909 1274 465 1048
1757 -1430 -15 1819
276 -1396 1167 448
1706 -188 -882 1226
1321 755 604 1022
191 -448 1790 1814
79 -655 -243 943
528 641 -757 154
540 -1606 -483 1230
259 1723 -751 1204
422 -246 1555 58
1932 -1848 266 1921
448 -1185 -355 1983
1872 251 -1013 94
752 1382 -337 923
1157 -1552 1880 1896
91 -466 716 874
1616 519 -1555 683
1894 20 188 825
453 -1589 948 997
566 649 -805 1750
857 994 -496 1444
1472 -806 1936 301
834 -405 1229 818
57 72 -1800 747
580 1125 -1321 1823
1206 1714 -1670 957
629 1780 -785 1495
1420 -297 -624 529
569 -1373 488 966
1823 -995 -210 563
1237 212 -753 747
1878 -1348 1833 433
1472 -1026 -995 1249
853 1306 -110 471
1996 1678 -697 1446
1792 -977 1622 754
960 -1830 -1946 1830
334 -1618 -1104 640
1200 1301 549 944
1026 766 1484 1900
1522 -1703 -789 607
867 644 -147 358
715 1070 771 1249
340 1803 1280 1304
350 950 -41 403
412 601 1045 1425
659 -167 -983 642
1422 -971 1878 221
1212 -1429 605 955
688 1375 -501 1130
16 678 -1534 827
1496 -1776 -489 1091
100 -108 -703 110
1305 -1939 1825 136
28 193 1005 210
409 -1048 136 1011
1502 -1276 -1879 772
285 1002 72 995
718 1514 964 1953
1690 1616 -1740 1860
1233 1220 1212 822
1349 1526 1785 340
253 -859 1235 47
1427 -629 -166 1406
454 1996 -1005 171
649 -192 -275 433
1154 156 -115 773
716 -499 -769 1370
1221 -1375 1809 1611
769 -1083 -425 1061
1317 1138 -367 329
268 -588 1931 911
598 -1699 227 1646
1188 -98 683 1749
77 -468 -1387 1862
1869 -275 879 869
1233 -545 543 333
1819 -328 1366 1195
596 -862 228 1201
773 -1413 1017 644
397 353 -207 303
671 -1534 613 1390
736 -366 1449 788
1469 931 -1754 1429
851 -310 772 1628
741 1719 -628 311
826 345 -896 1510
1501 1815 -624 1375
1803 344 37 1405
1336 709 -744 1532
1146 1184 703 975
44 -1423 -209 1195
1997 -768 148 41
847 -796 -758 1448
1304 -534 -421 1032
1476 1728 1420 1744
1521 26 -110 1016
1617 1697 -1201 176
1004 1924 -102 1864
1115 992 -1263 294
334 1251 775 1475
871 -1507 581 670
1725 571 969 1351
330 -862 28 517
1741 -1417 175 1601
1113 -754 1756 473
1268 243 -177 526
1177 1455 1664 22
535 -628 1962 170
1055 -465 123 1305
489 131 1285 1764
1376 -1169 1733 336
962 921 -666 535
1537 -584 -742 71
1284 654 -1192 97
1814 -1681 -1028 1851
902 -217 -342 191
1030 -1897 438 1050
1021 315 -47 1758
725 -464 1607 880
1245 -1396 780 1930
1719 1146 131 378
1483 1950 -1155 1825
611 148 -581 966
61 -597 176 353
1468 -507 -78 960
759 527 -815 21
1049 292 -209 533
1103 476 1388 442
1101 -574 -1935 1267
458 1856 -492 79
1567 -292 -1371 757
747 1796 492 1696
1058 -604 1967 1803
1945 1371 -224 537
524 1091 1780 287
1721 -1977 -1568 584
1138 -1206 1766 992
639 1585 -461 1210
826 -637 1846 1371
1 1498 -1947 1644
711 -116 1133 395
1619 -944 -816 442
127 823 595 175
474 1699 1828 99
343 -786 845 355
1180 -440 127 1730
932 147 191 565
1613 1295 566 389
603 1261 -1290 417
1075 753 -1809 1305
385 310 1422 1220
674 447 -907 1499
1803 -1102 1106 1244
592 1541 -1437 1928
1037 1070 914 1620
1089 1602 -1278 1036
1886 -538 -1823 588
635 -940 1734 5
162 1033 1684 526
1490 914 178 976
494 725 -488 57
219 1737 -1022 1194
182 1676 -916 937
1660 929 1624 1872
145 1403 1222 1132
1098 1232 1234 1935
1730 -688 -1720 1438
1433 -184 1772 1443
1856 -764 644 620
382 -241 -630 1578
174 -1203 -1380 163
1423 -546 -1833 1281
531 105 -1225 1105
1712 -1080 -1031 1701
1842 1962 1236 146
1783 736 1134 819
97 659 212 932
1192 85 -1246 1351
405 -1639 1484 419
504 -1475 559 1616
36 -815 1680 124
973 -1983 805 521
1633 -1210 -1714 876
876 -1618 -1993 864
1730 1091 1399 1217
1689 725 -905 66
1884 -1695 -1146 311
73 -347 -215 1163
724 1720 254 1740
610 -1251 -381 570
1823 1796 -1101 1084
664 1135 -434 1674
66 -1062 -1119 1460
993 -480 410 825
1298 1224 503 97
737 1700 833 1236
1843 -1827 1457 481
1550 906 -1234 1000
604 658 -1289 1776
1724 -805 -428 834
113 575 -1446 1403
1473 1545 -1327 1278
1287 -113 534 128
945 -344 -1665 939
370 -1305 -1363 1307
1489 -1512 1097 20
1193 728 1396 810
119 -159 524 727
799 385 413 696
232 1160 -326 592
1803 -1342 1332 181
1655 -1922 -1658 1438
1744 -605 235 331
1452 1638 -471 1469
1413 1555 -1314 969
1802 1058 1161 1929
1517 -439 -1215 1867
1494 -1656 -1239 448
1982 -1324 1160 174
1973 1896 -189 335
1998 -114 -223 1056
125 -111 512 995
1040 -176 -652 349
771 1379 917 1272
1930 794 562 1538
379 172 -1998 493
769 -1977 822 301
1323 -1069 -1263 1885
250 1897 290 1706
822 1110 -922 598
682 1910 -1235 422
308 1425 -540 661
1926 -893 969 15
152 1406 1571 1670
1331 58 -1169 417
519 -833 -714 168
102 -406 119 681
487 -1179 277 1926
388 370 -1688 613
1084 64 1510 847
1266 -1597 -135 353
171 1349 1818 1134
260 -898 -1028 1050
155 1082 713 1425
705 119 173 1534
1550 -651 274 1012
1885 -543 1618 1705
347 -239 -594 1590
1900 1753 1591 1160
1847 -1472 817 338
933 -1848 -1794 1881
1237 1674 -1821 838
1275 -625 -343 712
493 -1571 -1879 527
613 1311 -1424 978
850 45 -1888 730
390 210 157 613
1881 4 907 532
1509 1313 -1405 269
8 -745 -1595 9
1973 68 -1968 647
931 -1632 1051 1464
1948 -840 299 1233
351 836 -968 1724
879 -804 -266 1767
1954 971 822 403
1795 1021 1182 1446
273 -1228 -718 41
350 102 -1737 1259
1440 -296 103 1581
83 821 1437 612
1860 1528 827 1339
232 -870 -1122 638
1811 1584 -1040 1759
1618 536 867 1556
1682 1443 1855 807
342 -856 -164 997
1572 -298 -1915 1760
457 -1073 -653 1549
145 1249 1987 1111
1167 -1245 -13 1626
923 -1345 -124 1736
1567 -1793 1433 1688
730 -559 1168 706
829 1683 1830 1684
1360 -628 -1896 1696
1134 276 -866 1771
1796 726 1551 1776
1382 1161 -978 75
187 -155 113 15
1836 1589 -187 1905
361 1544 -1136 1386
436 -857 -244 1752
163 1881 -620 1517
1362 1399 -317 271
1055 1190 592 1383
765 1777 -33 1506
657 1674 -625 1299
360 -1188 1488 1103
559 1472 -860 1455
521 -686 1491 1761
1117 -1419 -1974 1560
1094 -1895 1180 632
1009 950 979 1306
1442 -603 1587 1966
815 965 1867 292
1075 287 -1736 1970
253 266 -1025 1537
1614 -139 -1779 720
1839 -687 -386 880
1337 453 -1636 1750
26 14 -1925 252
423 1263 1270 111
308 -32 520 1282
1294 1819 261 554
1170 380 -1608 1249
1971 1522 -274 1604
1655 -1386 -513 901
475 -741 -1504 985
123 -259 -1817 1466
1227 1278 -484 374
1489 -1242 -1649 126
1831 -1870 -1312 1704
