2000
1819 -593 -1070 1275
140 1720 -1540 1077
1796 121 160 1632
1115 372 1458 791
1022 -614 -409 983
1068 -1081 -803 660
1112 843 -1814 1076
1658 -676 933 226
1998 -1748 -1491 253
1827 421 -1159 1862
60 592 -1806 1238
1475 -1448 -1217 261
321 881 1753 772
152 -155 -48 756
1289 -497 -1815 685
1662 -1015 1731 664
753 1052 1831 1781
179 -620 1068 1542
1718 -1986 -572 498
1747 1485 1937 819
1078 311 -807 1768
1356 -513 1259 452
732 -1812 -767 77
539 1722 -61 1758
470 1152 365 373
604 -1460 -600 358
1618 -1286 1014 198
989 1590 -1164 1328
1979 -1250 -485 1012
987 -1603 1338 355
336 1044 1818 100
386 -1847 448 1667
140 -358 673 716
223 -1355 -30 1060
1662 1003 1338 721
1184 -577 -379 525
1330 1095 -824 1127
1058 1438 -1187 1617
261 867 1390 339
625 113 1572 1015
644 1633 -1093 1547
1643 1292 -246 338
1004 1401 1601 51
1805 1704 1621 616
1418 -921 958 833
1555 1389 -1430 223
683 -1107 1231 793
538 -474 -1508 1274
60 -1723 1590 448
1248 1031 790 1711
1227 -1210 -1689 1100
274 -372 1223 259
1075 1321 -529 1314
29 -1626 1564 139
1955 1225 1970 998
780 396 308 1836
1430 651 -908 1357
975 1039 137 1627
939 565 1010 1693
353 865 910 589
1582 -1123 1239 1130
48 -1466 -262 711
811 1016 1190 218
1096 -184 1591 1790
1009 557 1360 81
1463 -298 986 1415
1004 861 345 341
41 -308 1660 167
441 -1782 746 666
636 2000 1813 1378
1941 33 1605 1270
1789 1824 992 543
1006 1023 183 93
712 -1693 -1508 306
1295 -1376 749 1364
1355 -901 743 143
886 1170 -895 817
1298 -52 297 13
1809 -189 -1954 953
1275 734 -758 1695
363 -1011 -1177 927
18 429 1295 1644
883 -899 -1090 731
1845 -1223 -180 599
485 -1425 -372 224
1329 -927 462 1798
125 -927 926 1795
130 206 219 495
1962 -1869 138 457
1334 236 -116 469
1416 -164 346 120
217 -1416 1142 1518
740 -1804 -1013 1861
425 1162 1212 239
1051 -401 -1015 372
834 30 -525 574
762 -1559 -20 923
1986 565 -1321 1182
1118 1540 555 1229
1430 1207 1760 181
1349 907 1923 658
1402 -142 -730 1416
202 1960 -77 797
940 -1965 527 188
332 88 1405 1667
984 -115 -158 1749
1238 -1217 -494 650
1244 -512 1469 1098
391 1102 -129 1110
1653 1294 -1065 1311
74 -429 -1175 428
127 147 -1870 1577
1822 -84 969 243
1848 -215 1888 1436
1311 219 196 861
588 378 -667 1039
1114 819 -1466 849
1145 -686 1063 1622
1772 1573 -236 692
1387 1511 1536 1221
1026 1175 -148 761
208 -324 615 1267
857 654 -1079 1624
741 -754 785 259
142 -465 1437 1332
406 1926 464 1084
1711 -626 -1422 1746
1825 -1051 -1241 609
1223 -1514 -1770 360
1698 1570 -852 1496
1557 -1926 -1486 266
1143 528 109 919
1364 -1422 195 1549
1292 1984 1881 33
115 -704 266 1335
1711 1585 414 828
990 19 -1985 1501
637 -186 -1248 925
1681 34 290 403
1538 1962 1212 1881
555 -1260 -190 1550
1004 -744 1890 933
1128 1819 1540 1108
1335 -386 89 38
1077 795 -500 90
641 -380 -700 737
95 637 -1862 739
1367 1118 695 1131
1427 -553 -1220 1207
917 682 1839 505
783 -1848 -315 552
473 461 -901 176
1374 -1253 284 126
127 -20 -975 1924
334 -602 -162 1099
293 80 647 1148
317 -174 930 790
519 1744 -961 172
967 -1934 523 532
323 1065 -1979 136
456 -114 1598 1977
950 -307 597 599
1583 -1705 -1648 1162
1180 1387 -677 493
1672 -1263 -1189 301
1538 524 -1265 1070
1088 -297 -716 1670
1655 -151 1226 752
484 -1461 -1064 667
518 1534 -956 489
1745 -1763 1686 704
1596 -491 1552 972
756 -1006 -1106 1675
119 -390 1550 911
1994 -1698 443 1152
676 1184 -1317 808
592 191 1785 693
111 -1228 1869 554
36 -67 -1001 1918
374 -26 -1021 347
1329 1696 1249 464
645 1404 1021 800
1925 1584 -93 1057
666 1713 -1912 654
846 -1416 1532 502
401 -329 -671 682
1176 1256 -1183 514
457 -424 -335 41
1311 1605 1012 1021
1932 -1912 -1095 512
146 -853 -1183 1818
265 71 1373 724
1693 -1659 -409 1118
493 256 619 1626
1021 1367 -1166 1966
1925 1801 -330 1094
1375 -1986 -229 1761
589 54 -1100 1807
1920 -1241 -1369 1753
50 1959 577 857
1854 -1507 -1830 1469
178 273 -193 1529
1012 -857 -209 66
394 -215 870 1459
1376 -1417 1690 492
1430 -602 1012 1966
464 -973 -907 1648
1812 -108 1152 1773
735 -358 -182 1508
1393 171 -1392 1335
1772 54 -538 924
777 -516 -411 463
978 -396 251 1358
697 1742 1310 187
1440 265 1939 1310
319 -1218 111 321
562 23 -903 434
40 137 -960 1812
1893 377 -1181 990
240 598 1831 1562
1686 -1702 -174 1719
245 592 589 1752
1730 203 640 1667
1220 615 948 1267
1430 706 471 999
425 -213 -1905 224
1583 -1859 1479 1367
65 -1757 -192 1076
379 549 613 1208
699 -957 -305 1460
437 877 1368 416
1121 1013 135 53
92 -102 -11 371
1971 -758 180 1740
1595 -1399 620 295
1740 1094 1356 1678
257 693 -608 176
265 1109 1750 1952
1049 -1073 512 740
1288 836 -592 407
610 -1205 1964 1687
1750 782 1745 391
152 -44 326 1070
1743 -1426 -185 375
1896 654 1898 1247
1889 -1681 -1122 203
1823 -1667 -596 1039
1481 -55 -1986 903
442 -970 -360 866
1971 -1832 -1487 1490
1094 -636 1535 93
1068 -1372 1905 335
1248 1227 1962 38
1378 1618 965 404
1622 607 123 177
1922 1575 -83 295
3 -1663 -1293 804
1448 1662 -1420 1131
358 -1514 -733 867
562 -1029 830 662
1466 -426 -153 196
1821 66 -945 1982
398 1001 -1120 155
1589 1010 -1779 1846
1006 1833 -504 269
151 -1918 -1682 580
1894 1955 -657 832
450 1431 -526 1821
901 -777 -1746 1401
1936 -1858 -409 1926
759 -1955 -1433 12
593 -1586 897 1572
1801 -800 1853 206
864 1591 -818 1164
680 1039 491 1365
1210 242 1103 3
1825 91 -1169 981
205 -423 -1879 94
546 1295 1727 1588
1254 794 1795 1058
1574 522 -1987 1318
1585 319 474 819
1515 1784 1706 1088
1260 303 532 1592
895 1384 1817 1033
1812 -1275 894 1957
190 -1122 848 611
1637 -248 -1382 1166
1156 639 1656 373
1596 817 880 378
816 1739 -850 435
1975 1879 -704 236
1742 -450 -153 195
723 -1512 -1111 667
651 -415 -1464 1338
28 1523 133 1338
452 1967 1024 379
448 1876 753 1200
134 -460 331 286
1324 62 1632 928
1230 1067 1127 997
140 202 -687 1072
1785 -502 332 807
1181 -1766 1619 1910
1524 1631 -1379 761
829 146 1250 165
1980 -541 1792 1967
137 -1666 -214 403
1791 1643 -190 127
1661 1887 -913 69
1736 -529 -843 1629
1223 1900 1278 640
950 -1518 -1271 1502
996 894 -832 1049
1269 -1098 -225 856
1264 -1544 -343 437
977 370 1781 303
1129 -432 1339 745
1929 -643 -30 1753
107 -70 1103 682
1353 1159 -1396 1418
1604 -173 1726 1517
14 -1356 1753 552
160 1819 1374 70
197 -940 703 1783
93 -43 -1887 1548
395 327 351 1612
1128 665 1961 1971
1534 -1928 457 1693
221 -538 -473 95
1513 -457 1152 815
841 -1526 -920 1159
1994 -1204 -1761 198
1963 -1848 1861 1358
1999 1408 1227 1415
1230 -1224 1223 1131
1011 -782 -1459 1256
1471 1707 -652 433
1413 1852 594 1053
1628 549 -1934 7
1536 -1340 -542 1132
786 405 1969 752
1107 -450 1030 553
285 1367 -1872 1218
1146 949 703 826
1995 -1 -684 947
1202 -298 -1295 867
744 -782 1176 1302
1176 -578 1692 1162
1778 276 -1182 81
489 779 56 659
1525 1201 -160 649
146 -225 1473 1427
1759 -1386 953 179
1088 -1863 -155 1344
445 395 448 1284
529 1739 1333 430
427 1045 1684 1889
336 1934 278 1891
119 -590 -866 463
555 1085 1050 1828
1277 1801 -865 1763
288 -30 853 964
1531 494 310 354
1643 -1339 1808 1002
1150 -1230 1847 1409
792 608 1884 1147
610 -815 -1585 452
774 1498 1988 11
837 803 -910 978
849 1574 1304 592
435 -985 676 15
182 -811 1936 270
922 -1069 -640 239
530 1002 1152 1466
454 1447 -88 841
1522 1701 -1030 506
1989 1069 1054 1184
755 -206 -1278 530
84 1017 -1741 1659
370 -467 -482 1976
1519 750 452 1421
1453 1529 1241 1201
420 106 -239 445
223 -1909 145 1824
543 336 -780 1918
743 199 -120 860
1966 1164 -88 1990
1040 273 1590 1418
205 690 -364 1802
585 1571 1890 974
442 -582 1949 656
1805 -822 -502 526
274 1783 438 1963
347 167 -996 1102
1297 -1650 469 1249
1983 -523 -933 1875
261 1991 1697 311
630 154 -757 403
810 1066 -1599 946
989 1975 978 1074
1982 780 -198 567
1617 -1465 -459 598
238 -1471 -1360 1611
1567 1537 -913 307
278 -1378 401 915
53 378 -338 831
1379 -1562 -791 115
1614 -1243 551 318
1764 -63 61 578
872 1897 -1463 38
1380 43 -1160 740
273 -1207 1895 1803
1952 408 -833 605
948 -473 -1067 850
582 1320 1145 340
672 1500 928 945
787 1187 -462 157
1681 1537 -1053 189
1731 -1176 403 844
612 -1457 866 26
739 -712 -305 1928
1478 1312 1799 1309
466 1602 -1502 180
1075 197 1584 1500
1419 -116 -327 534
1979 1734 -1844 891
587 -1390 1374 676
8 -1120 -321 1968
1520 1836 754 513
280 1458 -1585 95
1399 -1106 -1730 1779
1192 696 806 93
908 -1455 1524 1888
661 401 1854 992
1469 672 -1406 1915
221 -503 263 1133
422 1280 -974 1354
75 1901 457 1480
1461 1782 -70 1490
174 302 508 342
6 453 1045 1384
1410 1965 -1725 1517
1927 -313 1812 1809
1139 1865 266 1969
1509 -101 -478 1634
1456 -843 1361 1656
1660 38 732 560
501 255 -947 646
586 1627 348 47
1679 -668 214 1265
1964 -1891 -1541 1990
1947 1195 1307 45
157 -119 -660 1241
470 146 -1260 1024
205 625 1247 605
1613 115 1531 1086
1959 15 1491 790
1486 -1065 557 124
1241 1743 -1212 1275
692 543 -1149 1344
1343 33 -1793 1839
190 -1282 1863 991
359 921 461 1305
263 -425 -1553 748
1117 -430 610 796
766 636 1723 1391
1791 1518 -38 1871
1182 -21 1106 1386
1802 -192 1955 533
886 -731 303 309
970 29 -1394 196
802 904 -1755 562
1709 716 -249 1650
319 132 1933 1176
63 307 -1743 1362
1722 -1806 -262 1404
1966 1144 -394 442
192 -332 -1444 690
551 692 -354 1055
206 1905 -784 271
1750 -384 -486 1638
1681 -1544 1560 745
1352 -1545 -55 1332
343 -2 -431 1973
1868 510 -371 1870
1755 578 -578 343
588 -1158 -1014 361
987 1898 1902 1556
1592 -1330 -1058 1914
37 534 -1597 1186
155 -1476 -899 438
469 -1832 -1105 581
322 -326 -1160 1538
935 -1720 -498 1522
1083 -401 -340 1346
1386 -1365 1973 1808
1539 -829 -44 1901
138 -175 -1235 1089
614 175 701 711
1268 -372 -1596 1580
802 -1276 421 84
1925 -720 1185 710
1764 813 960 587
618 550 -1644 322
552 271 1348 463
976 1770 277 1672
1611 781 1067 487
116 -487 -699 1563
315 -352 -44 70
1716 -1229 -1557 1792
1397 -1409 -1959 1602
635 793 817 1037
709 1317 1902 657
648 -135 -62 1926
489 940 -1098 1142
774 -870 -1373 384
910 -1784 1485 1159
500 567 -1155 225
1472 1037 -936 425
317 1280 232 1342
1260 -828 -1433 482
1072 1535 1370 667
1681 -231 550 1221
457 -506 -286 189
1753 -445 -282 1576
1941 1925 1527 954
356 1437 1763 16
1249 875 -903 295
1117 873 -1980 1362
618 -82 -822 839
1777 746 315 915
733 923 -1549 1266
1966 -1960 307 55
520 -1752 -1681 10
577 907 939 1893
1014 -935 1698 1191
1014 203 1725 1649
533 -1396 57 1611
443 -1217 233 1152
1139 -1420 1541 1549
508 1726 -932 598
731 -1495 971 130
407 823 1604 1322
1708 445 866 510
1097 1238 -1946 1855
978 954 -985 134
254 -1504 484 380
1258 -1361 4 1888
724 -1211 1408 20
1536 1555 -51 624
951 -1114 798 1758
51 -724 -1996 1196
549 -1613 1163 125
1071 -281 -1417 1400
1738 1565 1743 88
1442 860 -805 1834
196 -1584 1282 1026
247 533 478 1190
1664 470 -955 1505
876 546 1031 1122
634 -1130 -1304 1578
1166 -1266 406 1922
480 -1313 484 1986
1467 716 1407 763
510 1667 1397 271
1534 -954 -1325 1971
1938 1738 -106 4
582 630 1321 719
665 -215 1041 1335
975 1744 971 1986
303 -818 -995 221
1621 -1840 1740 180
610 -1907 -1756 459
1991 47 -348 40
334 632 834 53
705 -1570 -317 1827
1409 776 44 882
576 1661 -257 1242
1511 264 669 950
1057 95 -1845 84
1358 -550 1341 70
593 -645 -1208 467
1634 793 233 438
781 -1255 1931 1118
1298 1552 -18 957
1971 580 -1883 1290
1832 437 458 79
1982 1037 -285 1771
1396 -629 1286 1680
1197 -1007 1931 1606
1808 -1037 -1717 1879
1467 -1592 -1340 817
1580 847 47 1095
503 1964 998 384
643 1805 -1788 822
1740 380 1000 441
898 -385 -1880 1834
1529 563 -766 352
424 374 83 950
378 1305 253 523
879 -1661 400 1392
1484 -742 840 126
1399 -464 1770 1758
732 -1992 -1221 302
1515 -1325 -436 579
775 -486 1774 1585
184 1185 1548 469
554 860 1771 1292
316 849 -587 361
1618 -1166 1472 531
1236 -479 1008 916
1693 -173 1894 763
284 705 -991 891
406 957 -348 730
1458 -197 -1501 1043
1723 1537 1158 1172
1890 154 -1143 977
1578 816 1203 159
202 -76 631 266
31 -243 961 111
87 1125 -492 450
1702 1199 -1093 794
1669 890 281 704
558 1123 -243 1236
1970 -1273 1174 440
643 1411 -491 130
426 1906 728 158
546 -1528 -1389 698
1467 1401 1740 1369
1032 1317 667 833
1 -785 1379 349
1058 1026 1433 1339
26 -97 -649 1214
1645 1494 -459 525
1123 -940 1931 227
662 -507 1703 1693
568 -702 -689 1807
235 -588 510 1791
615 1384 -1268 1192
1447 962 14 889
1244 551 -517 1652
1464 -134 366 351
357 -741 -1730 966
44 -745 -711 151
1662 1774 -167 1284
559 -359 287 501
1493 -1210 -86 755
157 -516 1677 1214
1847 -155 889 1336
245 11 -1732 360
672 1078 -1563 1657
1587 1281 -1645 664
286 -1602 -817 1529
1588 -854 249 1522
269 1743 -1131 14
101 -753 -944 43
843 -605 -361 844
355 -1106 -79 889
1349 1751 1037 650
251 1718 847 416
791 1180 -405 1548
811 -1584 541 54
318 450 -1615 631
1582 441 -1157 1183
265 -1183 1993 608
658 -1709 898 848
1378 -1552 1520 171
613 -1493 257 1968
633 -1048 1401 383
1522 1502 31 1921
1241 1186 -488 1552
1064 1931 -487 1146
1711 -393 1860 1298
1667 -519 1638 1663
826 -1360 1371 1596
1088 -221 -1721 742
1156 17 305 401
1019 1681 1281 804
1053 -870 1274 392
1363 1485 -13 492
1247 1308 -876 84
1172 -792 1339 1142
1418 -1070 1395 1819
444 -377 235 420
601 -995 -606 1267
662 -837 1324 685
1482 461 484 1919
1040 922 -1607 134
1145 436 -1854 1333
439 171 1859 1267
1443 1527 -809 154
249 1318 -228 426
1911 1040 248 755
1649 -397 230 127
1808 -197 -1390 1813
1950 0 200 967
555 -432 -1843 1221
412 -765 -1963 1208
1606 -1771 -1801 728
135 -232 -895 646
638 -32 -48 1811
1278 -923 1201 1495
1119 -784 1899 619
221 971 685 159
503 -1555 -1139 1829
1633 1951 -406 1076
1682 250 -1275 902
1335 1597 801 762
1470 -805 1287 227
1900 119 1730 1046
744 -1115 1063 336
1885 1749 -1895 1070
716 783 -625 1828
616 -1699 1022 951
504 1703 -1036 450
1960 -814 1643 1333
120 559 1170 785
539 1859 1594 333
1834 1765 1662 1428
655 -1855 319 1589
1978 -1538 -313 162
816 -382 -480 1025
22 1813 1746 750
282 -1904 -111 983
1435 -1789 1444 655
1356 -191 1534 123
1365 1226 -1966 968
1506 184 587 1891
1058 510 -988 911
1817 -1169 1536 883
1246 -1090 -317 1657
78 -1830 -424 1601
407 -879 716 748
1166 -1127 -1146 1057
1578 1048 827 1595
198 184 81 216
371 1418 1521 1708
1587 381 160 620
623 -1396 -636 1844
467 212 1831 1217
1597 -1727 1324 376
321 -1303 -1871 221
727 1195 -1473 493
91 -1138 240 1541
1821 471 -1244 680
719 -647 1446 1372
746 -1939 385 1005
1881 -878 1391 841
395 -448 -751 1155
1301 1346 -980 369
910 1499 -501 1614
1314 1214 -1765 632
1920 760 993 227
844 514 1210 1556
1885 1430 -318 374
672 963 1068 249
1027 1780 1762 494
1819 -1224 1020 716
62 1490 1259 1022
746 -897 853 835
428 1866 -1862 781
1370 -993 1771 994
1562 -1636 -468 766
1544 1070 1523 335
1108 917 -708 1416
674 -1955 -1336 431
88 -1111 -1884 14
1859 1858 1255 933
1730 1582 1014 1062
281 -507 -1568 968
176 -81 -219 1142
1170 -607 -1611 733
31 -1739 1827 801
1818 1744 -1799 680
475 -699 -1962 1885
701 977 -1389 1663
1265 662 647 783
538 820 1439 470
799 -1031 -979 972
1005 -1886 1027 1074
1202 490 1290 825
643 -1114 836 633
743 423 1237 1243
1513 1105 -35 1183
1114 -900 -91 1191
204 1365 769 1594
1320 -1948 1453 818
457 -1333 318 1582
815 1902 213 1825
318 981 -1417 1025
1564 -1025 254 537
1958 -1895 -1639 1287
715 -1210 -1269 943
1903 -1066 -1431 54
26 1235 -1532 103
1527 -542 1530 146
661 1780 339 1096
1465 295 623 256
970 -536 -668 950
1396 1254 -424 1526
1478 1299 972 341
404 -549 1729 537
1237 560 -1885 1804
1333 -402 863 1837
197 521 -1717 814
1062 -707 1605 1335
1602 -1184 1290 1218
851 -414 1458 1133
314 1514 -1698 187
1417 1784 1663 35
937 -1242 326 1791
1429 1237 1127 1615
461 579 1969 1076
757 -617 -1125 613
35 -38 2000 1261
1652 768 226 10
1687 323 -1405 1664
224 581 -352 484
23 -792 1762 1042
439 -311 -1625 440
63 -1586 -397 168
1460 1531 -621 346
1997 -1961 -1534 1159
1318 -1898 490 1423
254 -1154 -1807 1732
1032 -973 1812 13
1326 1282 -1016 1076
265 46 -1005 1192
602 -1823 -531 1628
837 -1041 -1151 1958
1089 -154 1070 1889
1385 -1540 -128 1051
285 -599 -574 1400
1394 -1428 1150 1261
1294 593 406 1094
1645 -1658 -1617 448
1919 1414 300 1855
311 788 11 1498
45 -106 247 1946
1437 1246 1028 159
1479 -1388 991 1515
525 -1529 -302 468
151 1674 1884 1030
98 -365 1715 639
1997 -423 -471 306
1018 990 -609 1749
1891 635 -1418 1394
1843 1769 905 153
713 434 -1929 397
633 -704 1796 1939
650 -651 -362 1110
1672 -1872 -1490 1701
819 118 -507 1939
1055 -565 -35 951
1283 -1139 962 1498
394 -902 664 1307
1492 1283 537 526
1494 -844 -927 184
1974 -258 950 805
432 467 -801 1651
708 1352 -1897 436
325 -1253 -1105 160
1883 -1087 1775 1569
1362 320 -103 1540
489 1055 -742 879
372 78 11 1509
1131 -1415 -240 1540
1192 -1416 346 200
1901 -1481 -1910 773
1068 -1914 240 945
1661 -352 -1156 278
1771 539 193 1429
103 -1615 1357 46
1028 1921 -1075 1578
121 1894 -1449 1729
1058 -1907 840 308
208 -596 -765 916
996 1979 -1690 1832
136 1846 97 540
1622 -891 -1288 93
1870 1395 781 205
725 -701 -1873 677
577 -151 -314 798
1166 -184 543 1815
1676 850 -1118 947
670 -729 694 1704
1100 -1554 -469 1872
946 1838 505 1979
975 603 -374 1116
1399 -630 1917 344
1282 -737 938 394
490 1712 1546 1426
1777 -152 -89 1393
1305 858 434 1486
425 -1470 707 1940
1823 1861 -705 2
1801 1247 1634 1913
1642 592 702 114
812 -616 -277 454
872 -1205 -280 1635
1615 346 -1440 1198
437 1813 728 203
144 -1473 246 1159
813 -182 -1520 255
1996 865 812 662
1807 -1872 -794 675
1695 -1525 128 1744
1719 217 -502 156
1607 1961 456 1130
642 1470 -1668 1184
288 -525 972 1593
125 1185 -1294 436
1976 1696 -655 1938
901 -1001 -120 1579
652 1047 1760 810
1943 206 252 1581
200 482 -973 1878
240 1989 1287 1980
1129 -233 -93 507
1502 -1804 -751 799
830 1575 1792 701
300 1631 -82 11
1377 928 1606 755
1257 1158 1754 948
978 -950 469 529
1696 -1819 -1113 1456
60 623 1192 203
928 874 -1084 1283
300 1131 -67 1256
613 -891 -1854 98
1408 1509 1480 1804
555 0 193 275
501 -141 -1664 1163
369 618 -1181 1098
919 -1985 699 539
755 35 -1567 1181
1092 -1685 64 802
1118 654 926 688
569 -89 -91 595
1759 356 -680 985
1042 -1049 -283 468
36 1952 -1671 1900
1868 -815 -1908 731
808 437 1839 1887
1446 -1543 456 1115
1913 1816 -1316 22
234 1735 1362 1066
1925 699 -1001 342
1288 -1148 -1275 1917
55 -1982 -922 613
1099 -948 1118 553
1294 -29 -1059 1896
192 294 -1215 1443
1349 -243 -642 706
1237 -1839 1965 768
171 -888 -119 891
263 894 884 1733
668 209 1314 1574
1762 -114 1193 1271
1893 -1102 472 1832
436 1745 1821 1963
19 -688 -1623 454
1961 403 -102 1333
1939 1025 636 775
1199 -1111 122 268
1202 772 -961 909
819 -467 -1361 980
1837 131 1145 511
705 -1492 667 881
178 1627 842 1954
1111 1104 -445 1034
236 -1067 246 1290
1073 -793 1828 1571
1321 -1629 -1406 92
301 -60 947 1392
727 -469 626 766
647 1295 -56 888
913 1141 -758 1476
1021 1528 1352 110
854 -400 1474 324
940 -1491 533 1832
306 -395 1701 1730
1344 1789 1275 1148
130 -60 -1474 196
695 438 1082 1613
1891 -300 -226 1566
605 -459 -893 737
594 -1440 1476 725
1744 1693 -1356 1885
428 761 -781 1967
1084 -533 -510 1318
1806 -1193 -51 1041
1840 -632 -186 65
1045 1395 -1144 991
326 1941 -1539 355
206 -502 571 1678
93 766 -1802 33
1799 -281 -715 596
1026 106 -1340 1920
27 461 -1067 869
642 684 1647 1189
249 -375 1266 1815
569 -1926 1327 165
1676 -1274 1948 1230
1652 -1603 1224 101
1827 403 1020 1440
1521 1264 1477 1418
250 -401 -1206 321
845 -1865 -1000 1672
622 166 -1029 1670
1972 -1396 1703 182
1724 -1089 1866 661
1972 185 1264 1671
1617 -247 -1956 291
1561 1959 1576 1650
714 272 -640 1716
449 1835 1998 795
868 1016 1448 797
969 837 -1209 1846
1084 978 359 84
1085 418 -1840 1097
447 -269 1577 141
11 1465 1855 810
1691 -1808 -1813 366
1999 772 -998 620
1483 1243 904 763
615 -981 1863 949
942 -760 1165 1914
752 -1329 1716 219
944 481 -1788 399
1238 1129 258 1041
1325 1982 -1581 1839
614 -1473 -1234 1805
660 -877 -1187 1728
1438 1897 292 628
1601 -1172 1446 455
187 565 1267 523
209 -1146 449 1064
58 -1331 -448 711
1681 -361 -1072 712
230 720 -1943 621
158 -263 1862 653
383 1997 1320 290
1381 -1709 -1916 1083
1072 1857 23 1387
1203 1356 370 1864
1223 -158 1514 1197
1030 867 -692 264
384 1321 -602 1308
1961 1999 136 1088
121 1008 -1589 1967
1275 1777 554 1318
1150 -1903 -1319 1754
295 1333 1056 591
1869 34 623 577
1276 1334 -1722 639
179 -1535 226 475
1478 1680 874 1659
1468 786 908 459
1025 -769 946 265
1862 -242 -1104 1528
1244 933 -517 414
685 320 1080 1621
579 -188 -370 829
1535 1869 -56 1369
371 511 16 958
1672 833 1427 615
1081 655 -1965 1891
1702 -10 -1451 1621
1587 687 -1458 1939
1126 867 319 88
1708 -238 -1577 499
1812 61 839 1542
1890 -824 223 1127
1870 1913 -539 2
1539 -333 1552 245
304 79 -1752 594
922 1460 -344 177
88 -63 -659 171
1958 -1418 -1317 144
1523 -112 -1334 2
226 726 976 1864
77 1892 -734 780
189 1824 -143 1693
755 -1188 1381 1022
1331 1000 -214 1045
1684 -824 -801 61
1425 1084 -519 52
1226 955 459 558
900 1648 802 1792
85 1991 -306 1413
249 -427 1988 957
16 1387 1658 1993
637 -572 882 1824
1128 399 1686 1822
1565 -617 -289 1903
1595 -1736 687 488
1335 1603 -583 591
22 1766 1515 1758
1078 84 -1543 228
277 1000 -627 1683
888 966 1208 1475
374 557 527 414
1851 16 -325 786
246 1632 1529 498
10 884 583 789
1009 -910 574 646
820 443 -920 66
1972 -1206 -1157 941
53 -1792 -1032 1229
189 -828 1116 829
954 -270 129 1644
1657 -75 -369 44
1952 -949 -773 419
661 1187 1818 653
1172 -872 -1456 408
940 980 -261 1494
1123 -1904 1103 1087
878 -620 -804 348
1466 702 -336 1469
1446 1374 1219 1044
518 -256 1047 1704
962 1234 354 1891
292 994 759 1860
910 -41 -1871 1182
338 1844 1981 967
344 1557 1890 538
107 81 972 262
1116 1639 -445 172
926 -117 831 1284
872 1524 366 1129
22 846 -592 568
1897 1442 1097 934
930 1087 1009 1527
1547 781 1882 1351
1934 1598 -353 469
363 1822 804 1907
1047 -365 -710 216
1208 1510 392 1550
634 648 343 1732
1148 518 -1313 396
1876 1121 -660 78
39 1269 -1141 964
370 1677 1094 252
516 -490 -1686 921
97 468 1278 1298
1712 1294 -730 642
1518 914 -145 1206
602 1040 766 1458
310 990 -773 1325
572 1865 -248 1456
1287 1020 -1705 1818
214 1532 -274 271
1004 1969 -358 612
1619 -854 451 645
836 1662 517 1840
464 979 -49 823
218 1182 475 370
1243 350 -1049 1867
1949 -1616 586 1840
1857 -364 590 692
889 1832 -1731 254
782 -1521 1876 856
1611 -1472 678 1153
816 -1528 -853 1564
624 297 -806 1423
1875 1248 1619 741
773 -505 -1597 476
1861 -946 100 920
55 -218 1765 1694
210 -1311 -957 778
1027 1540 -795 249
553 1766 955 688
1174 -335 -1645 979
1924 1628 1152 334
942 -2 1000 928
1394 1877 -639 1963
358 -1577 -362 518
1696 -597 378 1099
317 -1674 -312 457
139 1017 849 50
654 -1314 1943 1646
1119 -1908 -1711 1719
536 -194 58 1675
1081 1367 1458 286
1175 -953 -1588 1909
103 -174 375 715
1367 -1737 98 1552
1382 1028 240 1669
1351 1894 -1968 929
1474 119 -430 399
1491 50 -579 910
153 -302 -906 1375
40 -580 -1023 1195
1096 -1225 -1536 491
1331 253 758 1534
475 1472 1038 1110
1170 -1219 1246 1707
1199 1830 -210 902
1840 1776 -1851 343
739 876 20 544
715 905 -787 968
1921 1210 302 298
1889 -180 424 1507
473 -660 501 183
1917 829 -1252 1852
1814 232 -1454 157
686 293 -856 40
805 -987 -1384 1617
1519 753 -552 45
372 -1170 27 1384
1215 -271 -1715 1327
1200 244 -594 1767
570 -1617 -1909 1748
117 -1455 -1851 1411
749 125 1695 512
1489 775 1065 1024
1349 -673 72 1673
704 -1572 -732 1381
1871 -607 1061 1779
16 -745 686 182
648 307 -812 692
1598 -1932 1308 344
1565 1038 -569 608
742 -334 1428 1567
219 -1600 -1709 428
1286 -475 -1681 1954
640 1673 1557 14
1610 -801 1493 1636
663 -1424 1890 1691
576 1245 690 444
975 -1988 -1129 118
708 870 1885 557
947 -1868 344 1575
1956 40 731 1886
66 1423 1582 1536
765 864 -776 642
504 -376 -1273 681
939 810 1032 111
1810 823 1156 1540
636 382 433 43
1693 1569 1719 616
1628 -1952 659 329
1654 801 238 250
1177 33 -984 1567
314 594 -1950 1422
527 1694 134 1250
278 -673 -621 153
412 1430 1695 455
1527 -1982 -89 785
1389 -567 -1013 1923
1018 912 179 1371
286 -11 -371 1515
93 1987 -377 411
1101 407 1427 308
619 1434 -271 1286
1958 -180 -967 1043
547 1232 -44 770
1911 -214 975 493
1552 1617 1502 1299
1725 1435 830 1286
1793 1517 -229 414
1348 -127 1608 149
866 -819 -1340 778
1322 1387 -631 1950
400 -1577 -1065 633
1195 364 -570 1078
1256 724 -1836 626
21 -1434 -501 641
327 1217 -527 921
1732 -1433 -1599 406
1722 1952 -1963 1684
1590 -866 1795 1944
558 1018 -1659 1624
1976 1721 -767 1774
1616 -1676 1015 1865
86 -1428 -924 491
877 -20 -817 1564
1262 -79 467 1269
387 -223 -1539 183
1324 -1685 1605 626
973 -82 683 1982
190 1348 1649 1349
1098 763 981 918
1936 -371 1562 420
341 -343 -176 885
1328 636 -1093 820
173 1748 1582 448
1147 1022 558 683
1278 -598 914 1851
1901 -544 -1876 124
1685 950 -452 1051
1924 -207 1002 1837
1151 824 316 1494
172 943 864 179
1081 -61 -506 1297
243 636 1720 99
960 -787 55 767
1942 1103 -1851 1890
1697 1405 194 8
1809 -142 -582 1908
1033 695 1999 14
994 820 -1901 1552
694 675 -552 88
357 -680 -375 746
1347 484 329 1003
24 880 269 455
1007 -309 -1791 1243
1959 32 -281 1323
213 -156 -1510 542
992 242 -242 445
964 339 -1755 1656
160 1413 223 1376
952 -632 -898 222
483 997 114 891
893 -872 1789 998
1431 -1319 -1911 1601
1442 1888 1958 1300
712 -565 1138 1993
1251 1194 485 846
516 1745 -991 1030
1453 821 1484 1320
935 -1135 1592 1647
605 -285 1387 1128
1871 -1771 913 663
208 -701 365 658
985 -907 950 1892
228 -12 -1045 1788
849 1953 322 1723
1220 1412 1446 346
1141 966 -1754 1969
1679 1048 415 881
1745 1504 -273 700
1952 -1089 1614 951
691 453 80 159
6 1864 774 897
232 -709 1152 1984
1644 28 -248 1378
1308 1431 1663 1492
1841 -709 -1089 1410
1500 -652 -790 607
801 -178 -74 643
1430 193 936 952
873 33 -784 1997
535 -1675 -267 1251
502 1295 427 1490
172 1669 1250 1797
1877 57 -250 986
433 -809 -279 1203
1347 -1449 1238 1415
627 28 235 673
1549 1538 -801 656
2000 763 -1616 1014
1344 -1213 610 634
373 1045 -710 1878
666 1020 801 1257
446 -1139 -721 469
934 -226 1433 1506
857 -546 -1151 1914
307 -213 372 155
1251 -226 -727 264
524 406 -1287 1752
1992 -1772 -350 197
1056 -816 1715 1391
725 -588 1245 711
1867 -649 1741 1924
280 -1777 100 545
1306 1954 1597 125
1774 1363 -1346 633
202 -1551 874 1710
1267 -1707 -1598 1013
88 -889 -1842 1964
1413 -56 945 1864
977 1255 -844 861
753 1795 -1761 1560
946 275 1598 1590
1827 1053 1312 1114
536 490 1409 427
1081 570 1288 1603
1536 -67 -1950 673
1215 -765 -1355 392
360 -1068 -180 1742
291 -1642 -142 1294
1755 -387 -894 806
1505 248 194 122
680 1801 -1961 431
23 -1465 -1805 1441
106 -102 1958 1741
1185 -1998 90 663
1296 -874 1636 1878
1950 854 -1993 1155
438 -1272 1891 142
584 -1937 -1363 553
857 914 1993 1050
926 -1199 939 445
614 -1530 1673 640
269 -363 -1233 1062
842 1476 -577 869
594 1135 -1222 360
1938 -1200 185 173
297 654 -1217 391
123 153 -1162 1037
1375 -962 -1934 1913
1010 146 -1456 1595
258 -1459 -1791 1972
308 1066 -1958 251
1983 1667 154 123
367 1597 -1884 595
1779 1508 528 1621
254 582 1522 503
841 583 -1580 741
544 1304 137 1949
753 -786 -258 1793
576 1700 -1028 1689
1238 478 467 590
1245 -1507 99 64
1478 -1689 1286 1425
867 255 -886 504
1373 1819 688 303
1215 1031 435 1782
425 1017 -458 1054
46 1553 -1892 1662
1414 857 -462 1808
157 1606 152 597
594 -511 -491 733
105 274 -1502 689
1001 1735 265 1913
287 861 80 278
297 -307 1704 553
1004 -1011 -538 1322
543 21 647 514
638 994 -924 1841
759 1715 106 1897
1744 1675 1809 1440
15 -1921 259 1122
417 1275 1299 1565
212 383 1663 1572
700 853 1019 1901
1282 -1338 1481 1827
1888 -1182 1638 1620
1526 -83 -1513 1699
1128 -580 -18 519
446 -230 1309 779
1571 -1698 -114 604
1943 -1506 862 654
1517 1318 10 920
1117 -1377 1711 723
1187 -481 -1517 430
1390 1572 -1119 1485
1138 1888 1187 1430
1879 1818 1608 482
71 626 1051 530
180 -529 1283 296
1423 1218 -12 1593
930 -1232 -1303 450
104 -566 -1703 1680
1247 -1504 411 1430
605 -346 -167 91
1544 -458 1356 745
1373 -1639 413 1600
1850 -45 -458 1168
435 -960 -1939 354
320 -1426 -613 1472
1822 1436 -1534 1737
1130 -608 -1163 1374
1305 1586 -437 1960
1251 1694 -652 223
35 -443 239 708
905 -58 1635 472
232 329 -1921 1171
280 -1059 656 910
613 1558 -1518 457
558 1177 1577 118
1543 762 -845 796
1383 645 -1953 149
1419 -1923 -611 832
785 -241 -567 63
830 102 1614 378
121 964 -1072 1547
1213 -1295 37 960
1387 1658 1218 1805
693 331 -400 1591
1636 -523 1341 1449
20 2000 1935 339
1043 -1985 1522 1318
1989 -353 -571 57
451 -807 1800 39
727 1018 780 271
1537 -941 -886 307
421 952 -1324 969
395 727 -1208 1981
814 -220 1515 1389
446 1761 1524 1676
814 -987 -66 1551
1478 279 -1669 1859
98 -1947 525 1109
497 1225 1291 1704
1750 766 -662 1523
427 534 -486 128
1497 -597 -970 463
1378 -826 -589 1329
1192 -1580 -434 429
1074 1833 1362 430
1934 -1490 1402 1954
1833 -433 -1138 621
105 -268 1621 916
1348 1615 590 883
854 863 -1103 327
783 -376 1890 1765
371 -1619 -881 81
1464 709 830 1224
283 -1697 1092 1543
555 -900 1661 1201
1901 342 603 1196
342 -686 -950 692
692 -1108 -1981 615
998 1964 1741 1896
1775 -1530 910 1773
1943 1913 -1912 17
1610 -1149 -1056 674
87 -504 -1183 388
1346 -714 417 940
1250 -1420 -1796 869
899 -451 123 1535
966 -160 -1168 1035
460 1027 -986 736
1567 -303 -1525 1353
762 -1205 1474 1669
11 1752 1966 182
1416 -122 -115 82
631 -25 -580 309
1396 866 -497 1405
31 197 -1948 365
1931 1200 1744 554
689 934 -333 1073
1963 -375 -1183 239
1305 -1213 657 55
1567 893 1708 688
1701 868 33 165
1542 305 -1559 1507
1857 -437 -324 910
27 1046 620 508
1387 -1249 923 1224
205 -770 -1973 113
400 476 -917 136
1464 1324 1895 454
1820 -1167 -651 371
1193 1295 1158 480
813 -1137 -1795 1886
701 -1957 711 325
1583 364 1727 190
721 -1176 1528 1881
1632 798 -998 216
306 1756 -800 1266
1741 1279 1145 705
1469 -851 -451 1524
1746 -1076 548 798
1983 -1138 -105 1733
1197 -144 215 1492
1382 -1821 1368 441
1034 1709 743 1944
973 863 -1205 1174
631 1056 214 1470
722 1569 -1631 1232
1568 -853 1035 893
1523 1311 -637 92
803 1833 -263 361
1116 1611 364 384
973 -1147 -443 1686
1913 1321 854 1137
906 873 1482 139
185 -1688 -582 67
135 296 -1687 699
776 1251 967 1531
1379 596 -457 941
899 -1495 664 1423
25 -1993 1847 1668
567 -1760 -951 1379
486 1370 1618 774
1377 -1698 792 1597
248 -509 1483 1785
302 1284 -1745 929
60 1370 -1237 1472
556 1765 1543 148
1918 804 1364 817
550 1110 24 1532
1836 991 1242 1489
10 -1991 687 1566
882 816 580 693
342 -931 66 606
878 -1104 849 674
1238 -370 -1722 209
844 -1455 -488 1629
70 -1096 71 381
1163 -1143 1886 1963
1509 -1224 -64 582
1061 998 -1245 449
1919 -1846 -1755 418
73 -649 1491 1252
849 -1608 135 1333
1316 409 730 1561
328 1782 711 933
1539 1665 -245 1237
33 -260 627 1910
1650 -956 1477 92
249 -1540 -1297 958
1710 -1676 -1170 1333
541 1164 -1873 913
1525 -886 -1964 308
1818 1263 48 404
916 -1980 935 941
110 -31 1145 1021
1415 69 1276 695
884 408 1562 65
1132 -1157 1350 133
1515 1258 646 99
720 380 -1263 1358
1566 -175 -40 1787
1551 -1327 -152 1237
1356 -1432 -318 635
102 1351 559 848
81 -563 -1041 123
1075 -569 -309 741
778 -792 1042 909
883 16 42 807
67 608 1804 1944
690 370 -696 1484
587 -753 -260 1009
1390 -1796 96 953
1087 557 -1266 1676
1572 -809 -1349 35
1290 161 -1064 814
1184 1559 -730 832
1978 -164 503 1805
1215 1312 -364 355
1868 1314 1006 270
1344 -1752 -1837 1746
574 1122 -835 5
1629 1021 -103 1409
1947 771 1768 215
470 -245 -596 663
114 -1551 -66 378
246 725 1263 1960
1006 602 1025 802
1546 -978 -866 1209
1262 413 1032 1940
688 1148 1917 447
1310 642 -1014 1206
1461 -189 -328 1742
1787 1709 -740 765
1029 -1478 1168 589
1505 -892 -282 1757
446 300 445 368
1199 -1409 119 203
349 -502 1281 1803
834 573 112 269
1294 -1408 -351 1989
1157 1468 -1574 1976
1422 561 -429 881
1542 -1116 637 704
779 1601 1686 1702
1138 210 -582 1418
946 -1566 -699 1223
103 -1324 -1253 1292
1903 -1895 -1228 746
1712 700 -332 1082
1488 981 -10 37
1980 1240 -1600 937
770 -1839 1668 1995
998 -1758 -339 447
81 309 1903 258
1853 -1726 -1052 1121
1482 1501 354 1103
877 -1863 14 1427
588 -1396 1222 1751
1459 1967 1306 442
449 1608 -1403 767
332 -446 -1722 124
1913 175 390 556
1285 -1057 643 238
1231 1659 -1570 51
1643 1011 -1716 291
1568 -1410 -697 505
1387 1281 776 1411
970 -1606 -1223 1075
1666 179 711 48
1722 1289 -1299 726
1838 1438 -325 321
540 219 957 790
1898 1539 176 347
1230 1557 -1118 922
68 1265 284 578
1885 -74 1566 118
1450 1050 733 204
1604 -1781 1014 270
1256 -1363 -208 1629
1571 -326 -961 1353
1754 -115 -1780 138
1573 -86 605 426
1631 -150 653 153
792 -1206 151 1896
1795 127 370 526
1848 1964 844 390
163 -1036 -1881 1087
915 800 1453 1691
1612 1372 541 1328
294 1981 -794 874
1947 -780 1525 1335
1405 425 -1735 1401
989 116 -958 232
1381 -310 -491 686
560 -1198 1612 1785
1196 -1916 -585 492
511 -1582 -499 78
799 605 757 1753
1096 1396 -1482 540
506 1363 817 618
1529 -1488 190 329
11 1356 -1696 1620
1310 -166 392 490
655 -1470 -829 1068
1683 -1198 1665 482
1938 -1863 -1510 1767
1975 -500 1437 169
898 1479 -1521 1322
710 97 997 1377
587 1176 -73 346
333 178 292 1026
1451 -1303 -804 1116
409 1385 313 1198
686 -1445 420 228
103 -82 -133 28
1586 -1955 1955 1033
340 -571 337 769
644 438 -1563 1407
573 -1091 495 1361
880 1489 68 1834
1263 1584 469 338
707 541 1702 1345
520 -696 671 856
1372 -371 -1880 568
435 1683 -1188 1416
1798 -1448 1936 451
1695 1795 1858 1368
718 1738 -1332 1529
1111 -440 1337 1708
1698 1499 1490 1245
266 -1112 643 1930
1647 -1565 935 5
196 -863 -401 1190
1889 1434 53 1879
1153 -1615 -98 70
1589 275 -411 294
1488 1228 1308 1550
1274 -1550 -1226 1656
829 878 1050 1155
1435 429 702 962
373 1150 -13 1883
293 -1621 -1828 969
1430 -344 395 171
1574 -1867 -311 1090
459 1516 -650 1911
635 847 696 1394
1762 982 44 884
1216 1926 -177 1838
1865 318 1433 1656
3 374 1167 923
1355 737 411 1687
912 784 980 942
1831 -1340 -127 247
1125 1204 -681 332
392 335 -317 652
1615 534 776 10
349 1724 1277 1084
1034 -818 361 1437
450 -1823 -591 187
1172 -417 -907 377
1683 1648 872 766
265 -581 -1028 1781
1279 492 -1749 1003
615 1383 -1947 1284
1538 1440 -549 1239
1434 -524 -286 909
1337 345 1149 1878
1072 -429 1128 1668
226 1714 -1387 1117
1190 1487 847 925
392 -277 1103 1650
56 1037 -970 1790
937 -1132 510 457
1284 -500 93 1181
1971 1218 -1148 1000
854 825 -2 1421
1777 -1423 -831 1939
1916 -1810 1200 68
882 -438 -68 1264
290 479 -1634 888
1761 -1904 1153 1171
582 -231 -1262 284
1997 -1585 -140 305
1829 790 -200 1494
1570 -906 1887 624
1419 1111 -450 1627
861 283 1133 1653
1174 1789 -1091 1520
1883 1111 160 1588
402 1699 1224 506
1609 828 214 610
1661 1972 -489 910
1188 295 217 1109
1860 -671 -215 401
777 -613 -801 1681
547 -66 -156 8
805 861 -1874 1868
1271 762 -1687 823
965 208 -1450 890
943 1007 1225 1813
1879 -178 1282 480
1542 707 1775 918
1750 -1684 -475 564
473 1868 1000 1791
625 -471 -1572 459
166 -1016 -1871 964
836 446 -664 825
1770 -1644 -294 1468
1515 -1838 1173 1715
1 1129 -17 1066
949 1624 439 191
984 604 1343 1669
798 1331 -1971 818
686 1383 836 2000
1331 1341 454 1119
158 595 624 242
1617 -884 588 686
1909 1924 195 382
1093 -411 -1353 1553
865 1785 1755 986
636 424 703 639
783 1353 -48 731
1252 1806 -663 269
1131 -976 608 1239
1128 92 -1447 287
1075 1902 759 1665
1638 -1768 -580 683
1395 536 -1151 111
12 1938 -380 1028
537 -1887 -756 950
1477 1423 -248 98
929 1679 1115 1595
1968 1472 -106 1688
985 1840 -1145 1059
1641 -1705 -1732 1163
1486 -890 -401 323
125 -1276 -1970 1201
300 -1028 -1069 1424
905 72 91 830
1169 1521 -1784 78
1194 -1697 1879 792
1578 -1841 -1326 1748
1917 1466 471 1315
1426 132 163 454
1423 253 -1459 36
1529 -1209 479 1705
333 70 -107 465
1306 937 -721 497
916 -335 1787 1423
387 275 -861 485
338 1714 917 1858
288 1387 1648 1000
1058 792 1828 1871
1183 -1656 -1207 1537
1779 177 396 1052
1916 251 776 1939
240 1499 -932 333
1045 1980 869 1541
1704 -1189 1811 632
871 420 -1387 1818
743 1258 -633 673
1710 -1792 1345 1800
1129 -647 -369 1358
1464 -1019 1199 1765
1293 2 548 1795
1633 -338 1052 1380
783 1371 1811 230
663 1114 595 1899
1948 1875 -1402 1131
791 -113 -1640 1583
1170 410 -1222 743
1181 -1188 -1637 917
1932 1118 -1272 640
502 -1968 870 1666
1768 -1630 -847 1066
1009 -1894 -866 411
1619 222 1494 379
1848 -202 1478 549
395 -1674 567 727
1099 -1548 678 1077
1915 1678 1638 468
1125 1315 -490 1968
98 -87 1150 406
1635 -1128 1979 1675
1404 1980 -990 387
3 1539 1628 1434
6 1480 444 735
1298 48 -1948 212
892 913 -1913 1152
940 -840 -1903 1821
653 813 638 1978
767 -398 -844 361
949 -600 -1256 674
376 663 1031 1039
961 1284 -318 1854
1459 -1540 -1151 1746
575 208 502 1554
1085 -647 490 1705
970 -576 -349 1988
1300 1888 1706 615
1664 433 -1674 680
1205 -802 -342 1331
1727 -1654 -611 1076
396 180 -1275 1536
706 -339 -117 1596
1335 522 -478 932
72 1814 297 1878
275 -1607 790 1348
476 1690 -192 1526
540 -1760 92 678
1373 -67 -190 722
1023 -1353 -393 749
1991 614 628 430
1435 815 1987 1407
295 -1493 -1061 559
1594 613 -1259 1745
314 -921 -1097 827
1244 1789 332 632
1949 -1816 1165 726
460 -1670 1367 537
1469 1101 1691 1958
1975 -793 -858 1001
919 -1736 -1439 15
827 -1612 -890 908
536 954 1773 1543
277 171 -338 665
701 1304 -1188 130
1345 -620 -1036 468
948 845 -1217 38
749 -1566 851 322
680 805 -1262 1271
1637 -393 -395 1207
1080 -708 -913 1962
1063 -1807 -1935 458
16 -1044 -206 613
176 247 -1228 687
1308 -1964 1998 1997
428 1726 -1341 1530
1595 -964 -1889 422
1049 -1998 -192 1346
121 -838 202 1077
691 -1072 1943 1962
339 -1373 436 16
712 -1075 51 968
982 1004 -588 955
1716 -659 -941 722
1471 -830 -567 924
1701 -974 485 747
43 113 1827 679
1512 1147 1920 1897
1560 -157 1281 1345
1721 -96 1355 1729
897 -1766 1063 720
598 1062 -117 841
1492 -824 -217 1417
1147 1294 867 772
1903 751 -1189 1584
1558 -900 -1960 1368
1949 -753 756 634
1524 -1728 -1373 1162
221 -983 -1744 29
1777 -565 375 959
235 427 1653 1549
1611 -1578 -1368 684
1652 -1804 -437 1328
542 676 601 1893
1141 -499 -1639 1882
1768 1517 333 225
571 1429 522 49
405 -1126 351 1716
915 -1314 -1297 425
1283 1299 1811 1379
1578 -1406 -133 40
1630 68 -1158 1138
1901 -1218 -516 114
245 -190 -1639 1272
1577 45 -1624 476
514 550 734 281
684 505 302 604
805 447 645 425
17 1181 -407 487
1816 47 -925 1903
