2000
183 -867 -1265 1846
1367 -1028 -160 919
735 -418 1531 460
442 -1376 1156 1507
1320 -694 -1781 78
1388 -942 1033 1636
863 -1674 210 720
299 -753 -167 1473
1152 -1359 15 1209
1602 -635 -1481 1567
1929 1129 -784 557
1199 -905 1577 482
1942 1956 998 1248
720 1233 -538 1983
1781 1819 1520 729
1840 927 -1044 796
386 -1438 -1444 1867
750 -22 -1024 733
923 1793 -1270 1340
1638 -1139 1481 1928
1005 741 -1565 850
1684 1476 -950 721
468 1337 131 1072
247 -212 -45 1790
1678 1325 -1149 1644
123 -1876 1119 1363
615 1991 -1582 1836
541 -14 -1806 1973
285 945 1776 1699
138 -1821 1696 1290
1708 -1950 -1331 71
847 1899 -74 1671
1154 -459 -976 13
186 -1262 761 1344
1180 -1121 284 250
582 666 422 794
1798 -1197 -358 1539
1041 344 -1068 1419
686 -1655 -842 1277
137 -870 -1053 1847
945 1192 629 1453
121 -134 229 868
170 -1324 1604 1464
576 -1590 -1640 1286
1385 -1306 1281 1826
186 -1793 -1712 1267
1673 -1944 108 50
1987 -1742 1913 655
1144 274 -1260 60
1034 983 -1956 1119
994 -1453 181 628
811 1077 136 569
1605 -345 -162 1009
291 -420 -764 1986
909 -435 444 1815
1407 -1661 -1015 1918
216 -327 870 586
828 -483 -1470 18
1395 1556 -1184 673
1976 112 -1120 612
1338 1467 -331 1135
158 126 123 1064
827 917 -854 1994
1292 1456 -964 292
1010 1519 1160 1848
1232 -56 -1066 1116
189 -117 -1474 380
1733 -1633 1671 438
1192 -1251 1378 556
426 895 -516 1318
1937 1179 1894 1837
187 -675 -263 65
1269 1591 -997 404
884 151 -547 93
464 1993 875 1047
1524 -681 -250 927
96 930 1226 1353
1671 -563 1179 1963
977 -1948 -1732 496
1450 -1788 -142 1494
1233 255 939 1921
1690 -840 1741 358
221 -1199 683 960
1333 732 147 1615
1665 1134 -1518 1076
1814 1874 -1829 1975
1195 -453 -1207 289
1835 -295 -27 1762
87 -1253 -748 1996
1538 275 -333 709
531 1719 1691 170
1430 -1695 67 951
299 -1457 1750 735
1590 -461 -1361 1898
1533 1137 -1542 450
1597 -1732 -1042 501
1622 1698 1698 54
1994 -6 -1680 1740
1810 1703 -413 1618
1897 1022 -1949 1525
47 1449 1443 1113
71 -1379 307 213
1321 -1638 1693 1602
1137 731 1066 1439
1678 369 -1538 560
836 -884 71 251
618 -1274 -1045 1577
413 -1419 -1055 1179
43 -793 251 1427
25 1850 -1677 518
302 729 1955 1089
1061 -1433 994 1185
1951 -1928 -1269 121
1551 -1914 1660 1392
1644 1972 1912 224
594 1989 1017 1977
1681 -931 453 779
1549 -982 -271 544
876 -829 -11 432
1147 301 600 1418
1738 1807 1278 578
779 -1517 589 909
359 -621 1256 390
137 1673 -329 1805
448 1552 -1452 163
177 718 -849 1184
1700 210 1139 1725
1794 1787 -423 1098
1229 -1188 300 1257
328 -93 -1269 673
283 444 1227 1852
32 363 -1816 1065
1017 -860 -356 379
23 855 -284 951
1780 -813 599 1802
123 1340 -408 1729
1642 455 -1419 304
1575 -1416 661 940
680 726 1589 896
1897 -939 -549 1788
1274 692 -1943 449
495 1413 45 22
670 211 1724 1670
1268 1785 332 1120
1153 1396 -479 1286
567 -151 1000 1646
863 -419 -1307 324
20 1169 -967 1830
229 -120 -126 455
1751 -1978 1284 1820
369 189 1000 1026
1135 -684 489 86
1072 1545 -366 1963
184 -71 442 40
1230 449 -2 1271
1439 -74 914 1640
1065 -1285 945 1356
929 -505 1850 186
1262 -1809 -1393 1549
27 1650 -624 1555
1849 -773 19 864
474 1572 1989 73
936 -1907 1777 154
220 1211 1194 1872
551 -1726 -701 224
44 1186 -1469 1870
1972 592 1381 855
793 378 -1043 40
795 -1216 -1927 1604
350 1366 -468 1057
586 -828 1812 651
490 123 -1203 96
1421 -826 295 1459
1512 -1119 -801 1930
1491 1039 1484 1920
743 -127 -1331 611
790 948 -1685 791
627 -1629 1573 1825
1622 1645 -325 1388
1209 1687 1781 1496
1837 1637 -1692 1526
566 908 -1023 909
1355 1493 93 408
999 -1568 -901 838
811 1944 -1937 617
425 434 182 967
1226 1684 1537 1884
1818 1384 -167 1638
503 -1655 -1624 888
101 -290 56 1688
1404 730 -1939 1776
360 1859 -1945 384
1977 -271 1871 1690
1345 709 264 1589
392 -462 1897 892
1131 -1527 603 1548
217 -56 1877 409
1301 414 -1772 1865
487 161 -541 1687
843 816 -901 914
1312 1950 -1165 1787
281 1627 -1664 139
512 651 866 154
1390 377 1539 105
885 754 -647 1465
1110 228 419 802
1099 -10 1778 717
1470 -1798 -1093 170
656 -442 -1954 1563
883 -881 1790 1127
800 712 829 856
1091 -965 -472 653
873 -703 -499 1705
1785 -170 -1865 770
504 -694 -1458 771
915 1031 -1311 1050
857 1612 289 1515
1439 -370 1387 1435
1530 1558 1323 261
264 -850 407 1305
328 1339 1028 1816
349 1412 941 361
1055 1105 -1271 280
1769 63 -587 1985
1260 -688 116 537
1147 -1019 1876 1846
173 614 -681 1362
847 -1280 1440 1724
687 -1935 1775 262
386 -1972 289 1192
654 596 1913 60
817 -171 1544 128
920 1152 1466 167
841 -1479 634 200
1930 1264 -664 573
279 1471 1143 422
1792 -1922 970 36
8 -1147 -1608 1694
1703 1364 -251 1231
1529 -708 -1595 1541
1357 -529 579 980
1656 -176 177 1537
1423 325 -1870 1784
64 834 -1066 1735
1386 1213 492 1088
672 -253 1310 363
1065 1964 30 385
1555 -1907 -860 1298
924 1728 726 176
584 1254 -311 242
734 -1153 -88 1442
491 1927 -1106 1183
941 1080 -504 1964
232 -1912 -656 1167
901 690 335 979
1726 -1581 -931 822
1428 97 1164 1132
1865 1741 106 330
1670 1836 -1973 1852
646 -1038 274 1615
537 1911 656 1623
322 1404 994 795
1610 883 -1637 596
1371 -532 -1350 210
1477 -1601 3 727
540 -1474 1006 1497
152 910 1257 996
899 1723 -1506 598
591 -1686 1514 322
1310 236 1845 478
248 -556 468 1108
824 -543 -86 484
1807 1603 768 465
1152 975 688 320
1346 -11 -50 156
1954 -1853 -1255 21
1982 1488 -1634 555
250 891 -796 168
1055 -268 1499 244
1655 -1734 -906 734
723 915 -837 426
1237 1602 1563 1741
662 238 -734 1763
1169 -1439 -388 1146
1574 -820 -1170 404
1816 976 -1827 1193
1983 1987 1914 1619
535 59 1742 624
271 -868 -1513 771
1355 881 -1083 1666
579 216 -200 522
194 -882 -1004 1639
679 72 437 1197
631 -73 952 2
329 -25 1704 1057
825 1885 1401 312
1301 1265 -1960 618
1267 389 -488 767
1769 1002 1286 1151
1860 -370 -1712 283
1074 -1565 -193 388
1543 -540 130 1681
1548 1615 851 1470
1371 -1344 1036 1864
1973 76 -1418 1777
1468 -640 -442 1314
361 -405 -161 1076
1655 22 277 1558
310 -808 -215 1579
345 -1957 -968 1321
184 918 725 26
1167 327 992 94
237 446 -772 936
1446 1505 1748 1261
658 -754 114 552
1851 -635 651 1097
611 1343 536 1185
12 130 1822 887
302 -802 -1432 182
388 222 685 1565
1983 -439 -1978 189
162 -971 -1156 1215
292 1690 -20 988
177 1196 1978 1634
105 143 1507 582
1168 1015 782 380
732 1195 -1781 1297
1115 -890 38 1554
58 877 -1526 194
1054 677 -336 1384
1439 1254 -1073 350
776 1941 597 1603
1385 178 -444 1130
1189 -1814 1346 585
1428 -978 1026 1323
594 1612 -344 367
1806 1537 -623 1478
1964 1421 780 360
1924 -577 1497 368
496 299 244 1628
498 -934 -1263 1214
1020 1688 -666 1133
1526 1189 1890 1253
107 1114 1369 35
1580 1210 1926 985
1003 1925 -386 1168
946 974 644 833
1626 501 -703 1547
1444 -995 -1179 97
1076 118 -1607 1113
1488 -1415 -281 1981
1237 944 1968 622
1587 1195 1566 492
412 1356 -1580 1759
1161 -318 386 1730
1653 -781 297 418
623 -1065 1976 1395
1901 1701 -99 1499
532 1615 1858 885
433 345 -1676 1072
1251 1339 643 1262
1390 700 -832 597
1865 391 1135 417
1201 -33 622 1360
1252 479 -1510 436
647 1934 1795 213
337 -549 1004 557
429 -489 1977 1802
1804 1412 -995 415
1521 74 -1193 1491
403 821 695 1760
270 -802 473 1573
818 1824 1402 1317
498 -599 -725 1478
439 42 1723 1603
795 -1828 -877 1067
1838 1643 1198 1887
389 357 -1170 599
1702 971 -1728 1006
636 -13 1972 66
617 762 673 1413
1519 324 -1483 1839
742 -1173 598 745
874 1873 910 1299
506 912 -667 79
314 -353 -782 1315
1074 1981 -986 635
300 -527 -1205 1942
442 896 -468 1684
1805 1081 -841 590
1887 810 719 590
891 742 -1469 658
1135 359 258 1390
1937 -1204 -1965 1607
743 -600 -1047 712
1981 -156 986 641
1699 1755 1797 723
509 -1566 -1585 1829
1009 -1044 1438 130
940 -413 268 1785
382 -672 -1926 828
1929 -1360 -261 1681
22 -1332 -971 1108
1311 -1116 -1488 1299
1302 -1829 139 1616
1309 -1972 -870 1523
1756 1440 -1109 1510
1231 1566 -548 1623
1397 -1317 -1884 473
978 1002 -1806 259
701 860 -243 383
1603 -1874 -594 332
1010 191 -43 365
895 780 -1651 312
1729 122 -495 552
979 -123 -213 204
822 -1638 -24 1477
348 -1474 164 1452
958 576 -813 1113
200 -1199 1102 125
808 1909 836 1241
2 1733 -293 549
78 1650 1415 378
1945 -1203 802 1336
1408 -1547 51 1057
472 1296 -1419 588
905 1216 -484 963
158 -832 1508 1205
422 -1594 -33 213
1254 -747 -1469 553
69 -1139 -1887 908
1663 -1420 -1597 860
1075 -982 -390 1676
37 -11 601 835
636 -1663 1779 492
597 -218 1772 1764
350 1753 571 48
1212 -1671 471 1972
486 -294 -103 668
1799 1030 -1571 103
1936 -1893 192 615
371 -875 1201 1698
937 -673 -153 180
1005 684 -614 1659
111 -1038 1100 137
771 -1768 -1854 86
431 -166 234 812
176 -1342 1372 681
293 -1664 -937 16
1667 -1374 1368 1352
1279 -8 368 667
1911 487 -1255 1817
1850 420 -190 595
1003 -1206 -1299 1552
242 721 1893 1259
1387 -1821 -844 882
1316 1422 1695 89
1875 -758 566 1141
479 1282 -410 242
1394 1248 1138 1390
813 -614 -370 443
260 -767 955 545
1374 -624 921 1513
1494 1483 897 355
125 -1514 -1321 17
517 -1858 -1221 1226
455 1988 438 1112
1566 375 -409 1850
1322 1596 -715 1011
1759 651 -118 345
323 -861 -997 135
675 -1856 -469 11
1966 1699 1708 88
1272 -1084 252 1621
1913 1133 -1337 189
1644 1816 -849 878
177 -633 -197 1290
299 -531 -1881 1608
1522 -1759 1534 1363
657 -1260 -495 1754
345 73 1922 1183
845 -1124 1010 1752
1156 -858 1638 1761
507 1258 -206 1560
416 -1008 372 1824
1048 1773 -298 943
489 -279 -1819 895
1553 -601 -1560 1296
1661 -1100 -13 517
1043 -15 -1121 1571
537 484 -683 837
875 1209 -1040 298
937 1559 -347 165
1878 -740 -1473 1228
666 -1741 -725 1275
513 1411 183 1358
426 1727 -1371 1514
1865 -1724 732 1812
1014 1946 681 1272
508 -455 1359 1844
1418 197 1028 1306
661 -1134 989 690
1332 -931 1274 1109
611 193 -1214 1651
1329 672 -611 510
290 -766 -938 1725
253 410 992 698
30 100 -1215 772
374 1252 547 1342
1750 -1831 -349 942
696 1897 508 1951
486 -1665 -297 1311
1985 1234 49 706
1387 1895 -768 909
1309 -1747 -392 635
1970 716 1036 300
858 612 996 1217
200 1527 -1329 1649
613 1032 -1647 1208
1707 1603 -1835 530
74 -1395 -1832 404
1462 1090 -1072 708
1814 652 1146 108
343 -108 -1817 443
1656 -1370 2000 1523
1084 974 -345 1052
91 -1625 302 768
912 1942 -1875 1933
1260 -984 235 582
1106 -1458 -1980 226
393 -1107 -771 1420
749 -1798 103 129
1215 1733 403 1221
2000 293 -785 574
1050 87 245 263
1575 -1196 -622 1695
728 227 -738 616
1007 -569 -360 728
997 1775 -1537 187
5 -344 968 1023
1119 304 118 870
550 -1517 1651 1608
1922 1805 -1785 1102
767 1269 -380 1304
76 1367 1228 104
621 -1616 -708 325
970 -1909 -1173 1289
1854 -1237 1227 691
1240 1444 407 1334
1533 1032 582 1752
292 789 250 1988
1144 -8 1103 1577
938 -633 1001 728
653 -1033 813 761
1432 1484 687 1543
1208 -1974 1113 799
603 -1966 -627 1814
1525 -702 876 16
191 -508 -1735 281
819 127 473 1904
258 403 1698 1815
510 -1933 36 997
224 -239 -1491 1396
275 1370 -69 595
1447 -304 881 1828
127 -799 -80 399
1619 -1466 -1677 1902
687 743 686 111
722 1452 -1130 773
1472 929 -1050 1031
1601 1780 -240 1440
431 277 1717 669
844 1833 832 322
1946 129 1948 870
1905 1704 285 1730
780 -807 -1486 1845
1564 -492 1634 1491
1316 -1262 -527 721
731 658 -1761 1611
1245 1462 167 495
1434 298 159 335
1046 -1528 523 819
1159 -1620 256 1941
1818 1905 216 1875
591 -863 541 720
984 -154 -1807 1283
558 -127 -1852 1894
1660 -192 -673 712
194 -1562 -106 412
851 840 -957 1384
1527 -1665 -577 1175
730 669 -168 855
1659 428 864 1836
366 1706 1199 539
859 1258 -758 1568
1212 18 -1577 1352
1891 -1915 1261 600
1954 766 -845 52
416 -667 713 1608
763 1791 99 883
1777 134 701 1063
85 1956 1078 491
321 850 -659 1737
1102 -826 9 1056
1629 -333 239 1202
257 -1989 -136 1655
1027 1034 -1167 905
1981 1735 1889 1830
352 114 224 178
1662 -1857 -929 1874
80 599 -1606 1825
305 -1219 -1412 1551
128 1839 -473 1261
851 545 1949 786
1759 1561 946 1497
304 -514 -1695 1777
8 -1027 -1989 1595
8 -270 387 1712
328 -991 680 1721
677 -900 -965 5
941 781 -793 518
1205 -722 286 356
1252 -849 -724 584
901 -1545 338 242
921 -1160 895 1733
402 713 -352 357
1994 -912 -346 240
1050 886 1198 1666
19 1469 -1688 1871
168 801 334 493
1234 -881 1769 1223
1419 1259 -1871 843
1555 -1794 1367 1405
479 -1259 163 1714
1956 459 -820 1830
1344 -1931 951 774
274 547 1384 1975
733 1533 -1573 1005
393 -311 -1452 821
50 952 458 811
1143 -1870 780 388
1884 944 -1844 1366
1209 -409 -222 1467
1496 -44 -1417 1538
794 -1124 -1919 558
1987 -1494 -138 357
474 1658 -233 466
1706 1300 1864 1123
1220 1989 -605 1851
1211 443 1984 1809
1046 -726 1781 384
1393 -1584 -922 1493
1932 -1380 736 1652
619 726 -345 1476
1620 -471 -1292 1342
1668 344 -1879 1297
426 -1195 311 225
555 823 738 1412
1580 1241 -208 916
1019 -25 -197 463
311 -907 -220 1498
1619 -1655 -581 1450
1527 -1642 1581 25
1759 -1265 -909 663
1434 1648 -934 1335
892 -1070 -206 1773
396 -1655 -545 1687
583 -1684 127 1617
843 517 50 287
749 783 690 551
676 471 -1001 1396
1963 -446 -1102 292
1395 -965 683 539
542 1780 1846 462
1093 308 -980 489
596 738 681 106
857 -1604 -1030 1411
888 -475 -229 412
1017 -604 -42 1294
1288 80 -102 1561
693 1335 947 1231
642 -597 -1343 1735
1080 423 -1320 427
1826 -1023 1599 874
239 -964 -1644 135
1908 546 -1347 1335
1496 942 354 1239
1479 1233 -971 1381
1376 -1164 378 1586
1031 1421 749 486
1699 1945 1527 924
1089 302 1085 1329
351 454 -1373 1081
738 -963 486 523
17 -196 -1473 1664
951 -1887 -1548 663
949 -1662 1802 820
861 598 1540 1421
1960 1294 -889 1580
1393 -121 837 944
600 778 722 1803
369 -1549 310 21
706 500 253 695
744 475 168 1858
1314 -1992 -327 1734
1429 728 1142 1707
1590 -301 254 971
371 -1391 519 533
1595 -1541 135 1772
529 -1496 -1233 806
1805 -494 1168 302
1242 -1242 1858 1571
1049 172 -1032 87
1309 -505 70 560
1566 -1672 1093 1066
1062 -1356 1341 1602
614 663 -891 1901
1106 -1432 820 79
1745 -1085 1980 357
526 -718 -1713 780
1914 -1630 -854 1863
1031 369 323 1212
1262 -929 -1193 504
698 -63 -1073 295
651 1797 253 556
309 1596 -1698 1599
718 -1926 -854 842
1379 1350 -1591 1884
1571 -1331 270 1542
338 -698 457 16
664 -392 1475 1525
768 -1608 1893 1314
457 -444 -1912 1211
648 1917 1143 439
1556 -911 1369 1999
393 292 1109 67
1014 -1067 884 1204
1855 -152 375 923
59 72 -138 513
87 1245 -112 789
1553 -1377 1949 793
509 1939 -263 261
1108 507 770 1747
1280 1867 776 1409
242 -1717 1781 1234
1164 1731 -458 189
1895 555 -1813 269
367 244 -1718 719
113 365 1956 503
1716 517 104 91
221 1536 -1652 278
1177 262 1237 183
1063 -525 -295 415
1003 827 1528 647
349 1097 1582 39
536 -1426 646 544
907 84 -363 1412
1483 130 501 520
623 -535 -726 121
195 851 1033 36
1542 -1068 -392 924
1356 1784 -601 1543
1356 636 1032 786
210 459 -1510 25
1663 -484 -383 1616
1220 -1159 1291 1645
651 -29 -1813 26
1646 -1335 1995 920
62 1973 -22 375
365 -975 -307 927
548 301 -516 11
510 905 -1457 1849
443 -728 1550 1787
318 -1374 1151 872
831 140 -888 1963
1178 -220 1059 339
287 -1121 -1457 1074
32 -560 -1480 95
245 -1135 -460 532
75 -154 570 656
945 -1050 563 1509
362 -808 451 1419
205 1554 859 1548
1032 1630 418 598
1417 354 1062 1596
1332 465 648 885
1344 -1408 -127 1899
1113 312 634 1214
959 1918 -1628 1343
6 -1527 -1567 1301
1701 712 -1499 907
343 946 1973 1136
1004 1250 1980 1397
281 -411 1173 595
1108 702 1686 1603
1561 1105 -760 403
888 1703 761 504
244 144 -1829 1350
1877 1112 -1351 442
1415 1578 660 817
1801 387 -1452 542
239 -1771 141 1720
81 1216 -809 1417
506 -236 964 1584
1897 1890 1328 704
83 179 -768 1615
1471 1932 842 824
520 1224 -1981 985
351 761 1678 438
1879 -1980 1473 1300
231 991 -394 1215
108 -1799 479 708
1620 539 49 1799
515 216 1766 1135
162 1743 405 981
699 61 -410 1657
143 -302 -268 173
112 -2 -210 1255
391 1491 781 1395
1711 1873 1257 895
808 -1419 -333 126
1749 1986 1865 134
478 762 -417 1074
1743 1880 1186 1584
7 -927 -1987 1235
474 1906 -221 1362
1184 -991 -359 200
83 1892 388 786
1365 1180 570 420
632 -1546 1972 1972
1076 931 1259 813
1892 -1079 -950 1982
1945 -714 -1994 1241
1909 -1413 370 1892
194 -853 697 1867
1945 -1992 -942 988
1467 858 -354 425
1948 -926 -743 810
1874 -83 -1061 776
666 88 -336 1603
1620 -1519 -268 797
130 573 -549 509
1661 -1463 652 1294
944 234 -88 1165
139 475 -1873 1854
897 1321 -1383 375
362 -1065 1264 1507
1778 1386 -1568 400
1272 -413 1902 1473
1888 516 -1903 430
1682 -286 904 655
72 71 -797 1749
1700 -606 -515 321
1496 -1350 -1227 491
1899 645 -1933 1564
27 -1296 -182 1364
1478 43 -163 1621
911 -407 -370 1749
767 1906 1239 1296
674 837 -413 1269
1622 59 -1845 164
1439 839 1129 1830
22 800 657 165
1397 1763 -1863 1743
1276 -1979 977 1175
1488 -1946 351 1588
999 -1724 507 449
1693 -162 -1187 1339
897 -1765 -1233 470
472 1143 610 697
1322 1563 1002 1597
1968 -251 -1561 1409
1660 -1145 917 57
1377 53 -1826 1147
983 949 -1183 704
153 -1241 1617 1065
678 -1912 -1175 1480
275 1061 1141 514
1879 1486 -1111 404
1229 -637 -1273 1579
422 1520 -1459 490
228 719 -503 1384
432 646 1989 1903
1062 159 -121 1151
772 172 478 680
462 1474 1689 500
845 -1073 -810 842
203 -1610 1457 1276
568 954 -1780 682
1049 -70 -1449 669
275 -1021 368 1725
932 -1785 -1160 363
747 -1526 301 1128
955 -533 -1041 1132
1756 322 -51 1936
1338 -1102 784 1972
1060 -1319 -1026 1674
974 1136 1670 697
991 385 -694 1227
1412 -63 -386 719
1451 -1274 176 200
1545 1833 1979 939
309 -1696 -396 757
746 112 -1193 1427
649 -1295 -1481 601
1957 -1917 164 1740
1221 -37 904 631
869 591 1334 762
293 1835 -1947 86
40 -1469 -1433 274
1911 -158 -1559 153
460 -914 -1813 74
1959 -1269 -1663 743
141 -748 -1579 678
515 -1366 -392 1731
1015 -21 -1332 1372
1496 1308 -92 756
857 -1915 398 576
1202 -1995 1419 765
1055 -525 1208 376
1903 1889 605 644
1078 -1559 -293 1768
315 -1036 -738 702
299 78 -256 1206
852 -1493 -1549 1825
427 1697 -369 1606
1687 -1550 441 1808
1763 698 1277 605
16 -258 -1807 65
1232 -1689 1331 1825
1772 933 174 745
560 -1568 -1506 934
602 888 -919 701
334 -595 -979 802
1060 -1024 1585 1650
552 -679 -934 1146
1450 -1207 -535 1805
956 -1538 1850 1649
1271 194 1920 1698
1702 507 -1536 62
120 1580 -471 8
50 -207 772 1142
1115 1688 -1999 1011
1455 1617 -807 1565
749 -1546 -564 312
345 -1014 -1596 249
1722 -1484 -1916 203
1709 353 774 510
1120 939 -53 163
1256 -214 1840 689
315 -1477 -201 1731
1255 -776 1185 1240
1609 -662 82 1474
1383 1323 1778 951
631 -1459 1144 1107
1941 -485 -1902 948
993 -1568 -1348 765
1631 200 -342 1748
1141 -775 616 1091
1104 645 -174 1466
335 -1471 611 251
1142 -1430 1314 1709
333 -805 -1910 1899
1311 -640 -725 178
428 -576 411 1222
1175 245 82 813
1432 413 217 658
1962 7 -1763 1684
430 1425 -640 1700
631 624 -601 715
588 121 -1971 1969
1834 -43 1753 1063
1007 595 -502 1390
592 -1700 -36 1310
1492 -1698 -315 1712
1974 -1049 804 964
1095 1801 1057 1852
713 477 1522 1439
1093 91 -1433 1911
1062 1228 545 435
716 1457 -167 22
75 384 1501 1110
617 -830 -3 382
483 -1778 1948 1132
1800 -1056 1303 676
956 1085 1575 1995
1975 512 -213 572
340 1965 -923 1111
242 328 -314 1501
390 -1409 -700 1349
327 -1141 1235 427
1249 1840 36 1627
1907 -1932 1450 858
625 167 -264 1054
338 871 569 1057
1026 -1230 1716 1234
1618 1788 276 227
195 1188 -1766 1772
319 -612 473 471
1216 -997 117 1410
151 486 1196 1328
1190 1031 316 1096
278 -1260 -329 1652
834 -1144 -1385 1940
1146 -1748 1015 73
1714 -346 643 1466
416 451 -1190 1874
273 -587 1610 495
516 1304 1948 1125
317 1297 -1403 345
1828 -1953 -401 1383
548 1528 808 541
1452 -679 858 733
337 1399 804 1343
522 -1218 -1127 844
83 -1675 -108 1380
1019 -255 -677 1369
293 -1877 -222 1026
603 -809 -655 777
694 1333 599 589
23 295 -1850 1857
1970 -22 1341 939
1886 -309 -1235 182
1542 -400 -1320 624
1258 -83 436 605
1311 -457 322 1554
1163 512 -1409 1275
1466 1300 329 21
1564 -1891 -522 1428
1156 1800 -1947 1359
1114 -789 -745 1487
1850 -1973 184 1828
868 -1951 364 544
794 -184 -125 1977
356 -1620 21 1419
1839 -1600 -123 932
1754 -391 -768 1127
1863 815 -1600 1914
1680 -828 -1308 1207
272 1553 1588 1998
246 562 -570 66
502 -723 1848 264
1335 1714 511 1371
1701 693 -1398 1914
1456 747 -44 296
1100 756 -1248 1900
1312 305 1721 367
903 -1233 -1466 1136
465 -1596 -1536 1379
1187 509 -444 29
995 -203 31 1722
461 -83 1242 760
1889 -376 -587 521
594 -882 309 997
1224 -1277 -755 166
1391 -424 -1147 969
1702 157 719 1316
1601 1936 873 1674
856 1630 1609 537
1205 -1075 1167 541
874 -732 896 874
1721 30 -903 214
266 233 452 235
872 1071 42 586
116 -1408 276 1139
1953 1753 -1170 1535
838 -328 1768 1846
1551 -318 -896 473
1789 -397 1184 345
689 -1862 715 1517
1189 -906 -40 1777
1059 599 -1178 1410
955 337 933 1650
1906 1547 1030 186
1982 1052 -1826 403
91 -1322 549 1868
777 870 361 280
619 331 -1856 1229
265 1763 -112 693
1759 -1255 -632 1120
764 -129 -1005 81
756 230 -12 1965
47 -1363 1573 287
1879 1113 -1104 391
414 -516 -664 934
1318 -1771 -960 627
1510 -444 -1122 1705
1356 1098 1928 935
742 1648 -1695 814
967 -761 1828 999
1177 267 287 747
1781 209 -1537 1896
156 1719 -1049 243
1362 1665 746 1152
1837 -1581 1277 316
1018 -530 -1156 1860
1577 -1545 1540 1259
1756 -362 -115 856
60 828 165 885
852 -1392 -1293 1873
1028 48 1039 495
239 -1021 -375 485
1213 -235 -868 1566
1642 -137 107 921
1317 -968 1523 1335
1330 -1935 -1069 976
1561 -1154 357 671
948 278 -589 162
1861 -1918 -14 1355
1693 -85 471 705
1494 -1960 -590 1392
1275 1612 1618 260
1915 -997 1057 1570
1609 -1228 -1082 832
878 -1040 8 1736
646 -322 82 281
1519 1568 -1806 1414
1613 1365 549 725
1033 1844 -1241 480
189 -1455 311 360
105 -722 271 909
1986 1537 597 135
1837 -1465 1226 641
1672 -1878 645 904
50 -193 -1106 1376
1998 729 1363 367
516 -123 1173 960
1152 -1555 1901 1698
1569 -1119 -296 711
1915 1518 764 245
1494 -246 -1838 24
604 1723 -166 1710
1615 -1227 1414 297
833 -1477 1596 65
73 -210 -460 1808
1269 -1447 -629 100
147 -1964 -1985 992
870 842 -583 171
1335 1482 -1888 1183
946 -1161 498 1947
1893 61 1542 978
4 -1793 727 1114
152 -508 1010 206
1947 611 -91 1869
1629 1947 1304 856
1074 1541 1428 7
898 -1227 -1425 1957
1464 222 -1729 288
660 433 -1566 1434
1753 1962 -1703 1483
1567 -202 -1058 1772
1074 1801 1089 1549
1937 -936 -347 832
480 136 191 1963
86 147 -439 234
144 -1742 -795 284
1276 1414 -625 513
959 -991 -1188 1922
1536 472 1063 1577
586 -1013 749 852
958 -91 -1983 982
1231 1926 1025 1511
196 -1129 -1165 1903
233 685 -953 255
478 1554 136 1576
902 -1120 969 1665
458 -131 -1382 421
452 1385 -778 1955
564 -768 1405 1245
78 -1140 563 1017
1082 -1378 -715 323
195 -1317 -381 281
1817 -1949 -899 1389
1391 -1748 -1830 55
1213 -1275 -893 1425
63 5 -1432 729
116 -1102 417 290
768 -209 -638 211
1866 1461 137 310
1263 -1327 -44 362
429 266 386 626
1209 -1216 1173 1972
1417 1982 653 427
571 107 120 1974
941 -228 207 1798
1698 571 1309 1556
131 670 471 1320
747 1442 788 1747
378 -1114 1838 1766
1588 -1748 1117 649
1935 -1356 -1483 1413
1656 12 -700 538
1551 16 -1653 1258
1126 1572 394 780
662 646 -790 890
1561 1107 -1461 147
1937 -350 -445 1642
1472 -548 656 1541
462 -172 1649 1935
855 1477 -1022 1894
314 672 -319 589
235 -65 805 1643
17 -1818 1222 1947
281 -1491 -1443 906
849 303 -752 524
1982 1364 -292 872
1862 1636 -1624 807
999 1193 -822 1657
462 1566 220 1744
1617 1061 555 1138
1126 1668 186 1755
1801 817 1799 1209
922 1453 -1492 286
12 -326 -1551 802
456 -1315 1930 495
488 826 1803 1571
572 -1424 -431 1729
24 -650 1819 1040
1876 1270 1667 154
443 -240 -26 1423
205 604 -1052 1664
125 1789 -1552 1556
1187 -694 550 1222
42 -1372 1870 1204
1315 364 8 466
1217 -1342 -245 1285
1371 -1008 480 1993
1262 -968 596 1004
1992 -804 -741 544
142 387 1987 573
1111 124 -1054 524
334 273 1772 1261
1363 111 515 1058
1451 -247 401 1442
1116 745 522 807
1826 1890 -865 720
557 1812 284 896
1744 484 1547 1021
1748 95 -992 946
323 1059 -1159 1325
365 1975 34 209
870 950 -1898 1333
1846 765 -1479 452
1768 1971 800 635
523 -1285 -357 191
724 -315 1564 1940
1402 -1415 -1695 1478
1625 -1318 1885 52
576 692 -1077 160
1651 1388 -1938 272
1321 1539 -672 1856
1694 141 1738 334
1523 1591 -1444 589
569 -314 1666 1315
10 -1024 1117 330
576 1193 1503 1346
460 1624 -849 1134
240 1810 -1062 659
677 974 -1539 1292
1190 179 1210 1528
1123 -229 -567 650
528 -513 671 216
83 1810 -1898 861
1577 -100 631 392
305 -521 1679 27
1951 -1420 -1894 1596
171 -1392 432 951
592 -627 1752 650
461 -1351 911 7
631 -499 5 70
805 651 -1938 1424
883 -1094 -1507 1109
1632 -1182 -354 1495
1167 15 -1485 1101
1226 141 -1823 1537
362 1092 -1331 1410
896 1509 -1342 243
1376 -409 -835 170
1825 128 702 594
814 -56 610 873
1575 -1149 -1991 99
1441 -284 -803 357
242 174 1070 714
854 347 420 1810
1677 -1556 21 1854
314 1174 -1357 1189
1525 1038 -1890 707
810 1083 -387 1492
440 371 1088 861
820 -1753 1902 1444
1875 280 -1473 83
1075 -1130 1212 697
98 -1956 1896 1816
21 -986 1062 1656
1715 352 1637 803
152 -1791 -1788 871
1443 797 -1304 1847
1223 -1912 -710 90
1134 -1795 -948 1195
513 -1941 -335 1895
1345 -940 54 1362
1378 1933 1700 1026
234 -1999 -1071 1746
1207 -153 -26 1265
1638 214 1372 1553
253 1095 -1962 1112
450 -1842 -792 1858
817 -969 1098 1997
873 -192 1699 1851
208 -1372 -822 660
939 425 -250 897
1159 418 -957 274
1843 -1899 -1708 1977
1155 -588 -1366 509
1727 -1062 937 200
1489 -19 1113 1785
379 511 887 595
463 396 1222 92
1589 -228 -346 799
328 806 956 619
1433 620 -890 113
699 585 -1096 313
1925 -1604 39 30
1427 -1251 816 1965
1062 -974 669 1931
1215 -870 32 1628
1320 1238 949 1276
571 632 1858 1962
920 442 -163 792
1652 -1683 173 685
1589 -141 -646 147
247 1215 -71 793
569 367 -818 1329
449 -1364 -1099 1107
1428 1529 513 985
319 1557 -857 465
1457 1655 33 158
990 339 1539 1687
1149 1445 -955 1159
1883 1383 -1200 107
1319 -218 1823 551
435 1111 1198 1602
137 253 1785 1285
1620 -1650 921 255
339 554 1261 404
1001 -895 -1714 1609
48 1659 795 1946
1761 1480 -1690 997
1789 -186 385 716
471 1873 1938 23
296 -1860 1453 384
858 -673 1150 133
1406 65 1917 1721
1510 1460 -1200 835
491 182 1378 13
1528 -1796 -241 262
669 -972 1585 1585
1005 1958 1986 836
1792 -232 833 1114
1138 -471 1434 561
1890 314 1337 301
68 -434 1337 611
1551 605 -164 815
928 -1677 315 254
1014 -292 1697 789
915 1923 -40 1160
1041 -314 -1486 1091
1435 234 -275 1845
191 68 1690 496
323 576 689 1323
637 1322 1680 1552
1850 -1792 -1087 78
200 -277 -990 1767
91 -42 -1299 851
844 804 -255 1068
437 133 -97 1488
1990 1664 659 1523
708 -1501 -867 938
1156 701 947 1648
1412 -1131 -958 789
1411 1129 -891 1434
1972 -927 -564 1046
1151 543 255 36
1280 849 1727 1795
934 989 1870 1028
629 -1100 351 880
453 -1851 1765 192
1424 1021 -1773 1107
1512 94 1571 1579
1647 -1908 317 384
668 -313 496 1899
1581 1414 -586 1388
320 -449 -1040 53
40 -1171 -208 109
1502 -1105 -457 271
14 -498 421 1736
358 1083 618 188
394 1579 984 849
1827 -702 861 242
1451 1029 179 445
1314 66 557 198
1724 1117 897 658
1185 1332 1119 1277
12 -1185 -272 1876
557 -1874 -1626 364
967 -1010 -231 377
1330 793 -937 1800
298 -1080 -815 1797
94 1240 -1345 1941
1938 -1791 -1229 542
589 1666 -699 970
108 -60 848 888
1837 -449 -983 1515
1445 -512 -1159 697
411 -1371 -567 1933
778 -1692 -915 405
1475 1897 1877 516
888 1459 -1556 737
1683 1756 1655 327
653 1297 1326 691
807 719 -736 1049
36 -659 949 768
1757 732 1647 1505
524 -1655 770 267
209 -746 -1274 498
1152 -1288 -591 1692
737 1292 -373 1171
1535 -1123 241 533
106 -370 -1888 1383
1973 885 1876 1454
1896 -1141 -724 788
143 -417 -97 1401
1689 -581 -526 1200
1978 1134 -880 93
1833 291 1178 1054
291 -816 -1146 1199
534 -500 229 484
1303 -1012 506 1059
1244 -257 488 1063
467 -1096 -6 1294
425 473 522 1484
388 1038 1 374
1002 1301 1662 168
103 425 -371 560
1899 1500 615 1760
74 1339 1679 496
634 -769 -1025 761
408 101 211 91
3 -1777 -809 1352
1968 258 -13 407
1620 -1675 -1328 1058
109 307 1217 1384
538 15 -1145 811
830 -590 617 611
689 -1877 1092 410
319 100 -502 143
183 615 326 211
941 1411 -1090 1038
1800 1922 -1971 587
1045 -1904 -1188 1223
1650 1350 1144 998
820 -507 -1664 94
241 417 -144 1739
199 488 1022 633
1187 -139 -990 1069
539 1035 -877 1309
1573 -549 -875 579
365 -1095 29 654
1731 -1345 -1550 432
58 -367 687 1041
171 -267 -240 1178
1936 178 978 236
921 902 429 87
394 -347 -1044 947
907 955 1341 1130
1863 -1745 -1535 347
605 1499 232 1513
162 -1987 949 26
813 -633 -1796 1113
1546 -996 -215 1845
1544 -1611 -958 896
11 515 797 2000
650 1807 1886 1665
274 -420 52 1120
1377 1907 1493 1122
476 -1283 -1559 1691
985 1857 669 744
1830 -1326 739 86
768 -1535 -871 344
45 -1270 1133 1652
1475 49 1478 1639
1182 -789 -74 109
1822 97 1929 1353
662 -387 1040 803
847 -487 -261 1333
1059 -816 -286 1437
290 324 -783 1215
608 1728 -169 512
1685 -1177 -293 364
188 921 1510 896
1476 781 -1885 176
1858 140 -1669 1299
349 762 686 578
689 1089 -428 1341
1389 -802 1677 661
85 311 1296 1699
1328 253 1967 544
1930 1090 1804 699
788 -463 -1869 1734
751 -1330 267 1433
693 1132 1494 1998
2000 1388 -251 1267
1985 740 924 1259
1322 -1232 -1147 1021
340 -1340 -1721 1348
1402 1564 821 1549
780 -1780 -1652 236
1741 1049 -39 1319
1782 695 1349 233
1521 967 -1979 753
1438 409 -814 560
1857 675 87 1087
482 -1745 -7 1558
1196 1219 -907 1254
1614 1977 13 1665
797 1724 171 1532
1056 -1156 -491 1604
1587 1603 1778 1830
1845 -614 1447 1253
569 -1142 -240 1399
777 1372 412 1817
174 -862 80 407
1817 1798 727 436
366 -1451 -161 680
1475 313 -467 941
1286 -468 -1655 1922
228 1849 -137 40
1187 -1618 -1920 695
777 1646 926 1946
1170 1641 1599 1887
782 -215 735 760
1568 1451 -885 156
1104 767 -1708 6
618 -1603 1309 1829
1645 -4 -1828 139
1053 1651 -24 111
818 -572 1538 1675
1927 247 1971 1758
1787 -1730 -665 1722
259 111 -721 1767
1910 1108 424 687
272 1206 1837 544
864 1151 -1712 1805
281 -1497 -1070 1501
501 156 1773 1466
317 669 -1562 1092
994 667 1597 1820
184 76 -259 1257
1285 466 -816 1318
1095 1157 -228 1394
1515 1099 -1399 126
1415 -895 588 915
1984 421 -610 826
549 -1970 -599 1697
1554 359 -230 1005
878 -561 -1000 1234
1374 -397 -1908 1085
799 1943 -1849 1243
1568 -314 392 1247
885 -144 119 1344
342 -1714 -1357 56
333 560 908 1446
444 -485 144 925
1477 691 -158 1987
144 1693 -182 867
296 1668 -64 939
1390 65 205 911
1205 543 1252 4
676 -1218 -387 1750
1239 -392 -385 1730
606 -966 -1823 956
477 975 -1616 459
1195 -703 1567 280
1091 -1024 59 67
261 246 17 1982
278 96 1178 1039
635 -1819 -1662 1842
707 -661 123 389
170 -835 -79 107
455 -133 741 1578
1471 400 1194 205
1519 1397 -46 226
1254 1955 890 220
1240 206 1686 1858
1532 -505 -625 974
655 676 1659 288
1407 -1549 1114 1129
1745 -1822 1160 1024
1868 196 1513 640
1404 -1133 -1804 1112
1760 -1320 -1610 906
1339 -444 -1960 1084
1110 254 583 570
573 -1160 -1947 370
126 468 -316 134
1357 -351 1164 1710
403 -1376 -1919 595
1354 -1782 -208 517
1043 1463 1250 1318
1360 -507 -106 1549
1370 -924 943 1716
1516 985 -973 347
758 -430 1122 1459
1515 1607 1328 1443
1075 1492 1449 1093
1162 -585 -1290 1754
639 1662 342 1314
118 -1658 -1374 1894
822 326 1292 158
1180 599 1674 475
1014 756 -805 1198
1721 -1648 594 815
1276 -429 -666 359
859 -779 1805 982
532 -874 212 1310
669 152 -516 789
172 -1338 1352 1863
1886 761 -46 1650
1249 1306 1903 1929
265 633 200 194
1599 892 1539 1784
925 1470 -1172 345
291 -1036 1089 1848
1125 317 -630 1500
475 -729 -757 720
640 -366 -1571 305
692 59 -315 803
522 -369 -1193 1357
1034 1890 -427 408
1568 -1625 734 451
955 -133 257 1890
527 1121 -579 395
20 1003 669 1863
804 860 -489 423
1025 -1004 -238 1917
1804 -1739 -1811 1038
1903 691 -1874 1879
325 1410 1514 1925
460 -1671 -1230 1899
602 1648 1761 592
741 -1701 375 110
1402 1077 -19 629
471 -1564 855 549
848 771 1595 1911
557 1619 1767 501
1707 -917 -35 46
871 -981 -1086 339
294 -477 -1752 845
1776 -885 1813 1956
1024 719 -1805 1177
758 -1054 -692 1181
1653 -145 -586 584
869 835 950 1619
754 1062 172 1294
1531 -1186 1995 1787
1268 -1127 953 1089
292 727 -1334 1642
1400 -1643 1863 1221
1214 1711 1810 804
1867 647 472 847
486 280 -1957 1344
1114 1705 -654 981
1160 957 -801 1922
1090 391 1547 1804
1825 628 947 1838
545 -439 1246 1688
1680 19 1471 1355
1570 1088 -430 1598
1600 -410 -671 1052
1300 250 1265 260
1182 -403 -1949 1560
674 457 1665 110
1544 1269 -1488 930
1803 26 293 1090
1515 -365 -1981 1009
267 -1048 1796 1732
1379 793 1955 152
943 -1573 1624 1962
334 6 -1890 749
1939 -847 -736 1192
328 55 1165 517
198 -1701 -360 1492
1071 846 311 934
1397 1251 -1121 1250
335 -344 -1055 275
235 -287 1745 1479
1622 62 340 1458
182 837 -1327 1001
225 1795 -1678 1624
1891 -488 1582 1004
588 -1018 1510 1338
1936 -1028 1045 1878
565 1130 -390 1549
1448 152 -1560 956
280 1176 -331 1478
1578 1619 -961 657
1123 1706 1850 121
1825 -186 183 236
1987 1401 748 29
700 379 1144 1026
228 -1728 1422 1238
1927 -1520 1188 1111
1796 1478 -130 1209
207 55 -715 545
271 220 -1723 1642
1824 -1280 11 1252
803 -1005 353 1008
1497 389 901 1461
1740 279 49 1454
231 794 376 1482
1544 1577 -1610 1803
933 -1891 -552 1879
1124 -84 203 922
273 -1747 1636 434
1644 -788 -1905 978
1928 -1195 -121 1615
606 -813 -1606 614
568 -715 -119 1204
1782 -1681 -1370 1084
1772 -1680 -1588 1813
1922 -1889 901 522
771 -810 -292 24
1790 865 676 1651
584 -1307 1959 401
376 1962 -1986 61
1434 -1057 -264 582
349 -598 849 717
1573 830 1867 1643
137 -210 -29 520
822 1700 798 1541
282 343 660 1059
26 -1460 927 1274
828 1693 1763 531
766 832 -1720 1470
813 -1624 -420 861
191 1590 -432 631
1738 -1871 -1759 1414
1594 1407 -1286 137
1743 -1024 -1371 1987
1500 -153 -625 218
730 1270 -1464 1929
835 177 -916 1246
967 -1054 -493 413
1402 1570 940 715
1876 715 -53 1123
1903 -852 1121 1285
1085 628 -1096 994
992 -426 -1107 129
544 -505 1198 1646
249 359 -1305 1813
1786 403 -17 1595
502 1741 -268 950
519 1056 1556 368
598 -1504 125 1576
1236 -1798 776 1424
1973 -623 -917 752
368 186 -317 834
192 -1747 -106 1220
198 -979 -995 361
932 -1672 -1454 1256
1251 1809 748 1019
574 -709 842 66
693 1754 1864 718
731 976 -680 1446
1049 586 1994 597
1385 400 1114 249
1163 5 1718 1222
659 -1526 209 1825
1289 1298 -375 310
1383 1639 63 867
511 -1635 -223 538
1523 144 478 1027
1835 1744 451 631
1891 1382 -1701 1878
713 1157 1516 1298
771 590 405 354
1816 1801 -1134 1776
1794 1090 -183 1739
1410 -561 1799 1702
1500 -1061 1977 1815
1750 -1081 1003 505
1294 452 -161 938
593 -25 -1492 222
1253 -1692 -909 1946
640 -1036 -626 1962
318 376 -1036 923
223 881 -1572 961
406 1507 -770 739
427 474 1986 1034
250 -970 664 1142
322 -1352 1783 1209
359 -1912 -1526 1385
1217 -553 -439 322
427 -298 -1413 130
1220 -1878 904 780
1409 -547 -817 774
137 -1761 1783 1210
1560 -1679 -1105 1752
205 1675 492 1523
283 1058 -1166 160
1116 765 329 442
793 341 -1994 1168
931 -877 1340 1557
78 -950 -1593 1248
1008 971 262 1290
1223 1522 -1305 1298
624 155 234 1708
1200 -810 633 621
1087 650 781 529
168 -1647 -648 1654
1595 1838 1430 94
412 -1685 -7 1617
609 -175 -1981 536
311 200 1417 1763
1533 480 -1284 1573
343 1498 692 194
1916 747 1981 1656
1273 0 579 1763
685 -433 46 727
1483 -1849 -748 1242
1930 252 1518 1718
712 254 -160 1276
1571 1364 1910 732
1183 724 -1933 863
147 1302 -110 189
1259 -1462 -316 263
871 102 1776 1230
1835 -1514 -1169 665
157 -320 1433 692
75 -726 759 1035
498 334 1792 851
136 -367 -1395 338
1330 -466 149 1410
1982 -1083 -393 946
475 1965 1368 149
156 -650 655 1040
1658 -1276 -828 96
1759 128 1998 1122
427 360 -214 410
18 -1482 1322 701
1243 -294 773 214
1667 -856 -1547 1173
328 -721 -275 331
1407 -515 830 1759
927 1740 1274 236
148 703 -823 257
492 -1261 1930 799
1789 -601 -791 207
653 1661 -564 10
233 -1584 475 1982
31 -856 -1916 208
1827 -307 -1022 1796
30 -1339 -1509 1751
1386 -225 -1478 1398
519 -1452 1349 1780
1354 1802 327 1304
921 -303 -1555 1612
752 441 1629 127
718 1292 607 372
201 -1579 -1323 1745
70 -1902 -1716 1777
1346 771 -1311 723
764 -1584 147 1960
856 1429 -635 1256
221 -40 -1794 254
88 1144 1824 168
1207 1390 484 264
479 713 -452 133
1607 37 -1822 171
91 -1528 585 646
1529 1452 1630 1515
583 761 -21 1520
955 1084 -1445 975
81 -1403 193 87
842 451 1923 1739
1127 -597 -1308 1761
481 -1931 1713 435
437 1856 -1637 930
1648 -1177 1612 1518
711 -1709 -1867 735
738 -1003 118 1215
1132 901 -1559 382
1013 -1147 -535 541
384 1421 1709 243
565 -1546 421 1531
1936 -378 712 612
912 305 1645 80
809 457 -759 341
675 -641 -1005 1743
1544 1518 -1201 1212
1114 -48 -1093 1502
474 -1439 730 109
1122 456 -300 1059
1869 -820 637 1806
793 427 -1164 1729
892 -956 560 707
1580 -392 876 1518
1445 1066 1693 433
615 467 934 1487
1782 -1285 -1511 814
1336 -489 965 729
811 636 888 175
1276 971 -577 145
1360 -195 -590 1895
1823 -961 -1457 636
1188 -1949 -1123 926
703 -689 -1677 1871
755 1495 1956 1750
8 818 889 79
1162 -1012 -1464 567
248 -390 1231 561
1878 613 1927 1283
779 -1385 339 1945
1028 -1076 311 961
1775 827 -910 590
1217 1758 934 662
337 -856 -1242 1028
362 808 962 1078
125 280 -598 1823
780 888 -507 1031
1120 -610 293 774
565 650 631 1453
713 219 -1715 1661
608 -136 -681 1789
691 1921 -497 120
892 -405 220 1453
1451 1385 -438 206
724 984 -1929 49
159 -1318 1854 1186
1271 168 -780 1103
684 19 681 250
641 -399 -1607 843
1486 -100 520 1404
494 1189 -613 1979
962 -954 -1276 443
1997 1752 -1272 883
839 -1221 1773 925
10 31 1477 1928
8 1657 1505 391
210 -1738 555 1552
1954 1329 -1372 1358
659 -1451 112 336
483 1077 1105 951
952 1522 1722 748
40 -422 1348 1847
1359 614 141 1113
1965 -1019 -1352 467
1318 1141 335 429
832 1566 1716 1744
1992 9 1556 1372
93 593 -1874 1107
1556 -1748 1071 300
434 403 1614 1441
997 -1594 -421 1873
236 316 981 1775
874 1139 -1278 865
231 -1359 -241 130
639 -1241 165 768
1969 -1580 779 974
976 -454 812 339
646 1346 735 538
1644 1527 -797 800
1412 1866 342 409
1615 1202 1468 988
23 893 872 1618
102 48 -1102 1835
509 -550 -524 1897
1183 -670 959 98
1331 273 -192 354
1701 -1663 1563 583
1605 -60 1030 803
870 1741 -1439 1278
769 -993 1720 1490
832 557 -1502 1437
1155 156 1337 722
1774 -60 518 504
1097 -547 -1292 329
287 1011 1378 645
943 25 1912 109
766 1278 884 72
1827 -1409 -1839 369
1386 650 1826 534
274 1159 1418 763
655 1414 1553 1029
1656 -1620 1249 496
1834 -46 -1121 1178
899 -14 -457 901
1112 -1547 1000 169
1615 -1029 -1898 1135
662 -401 -951 359
