2000
1904 1972 -1972 1777
1380 982 -1259 161
82 -383 -648 1558
910 1048 849 880
865 -1967 1036 1218
711 -97 -667 1940
193 1533 -1747 594
1972 -70 -1904 1628
1705 -623 -888 1572
347 1715 -981 227
252 -555 -1347 1235
416 -1917 -1819 1638
1967 -370 -1990 222
680 -1280 -867 1235
1673 694 -1205 65
1576 -1682 -99 919
509 1819 -48 1272
53 737 -1764 814
1729 1348 -1774 450
1829 50 -1789 1797
1081 -132 -1202 891
91 1026 1279 459
91 1727 1867 1472
1150 -1066 -1192 299
444 171 -800 782
1890 36 1060 194
401 -1662 625 402
1341 -1041 455 1198
1918 942 1128 1865
2 -1084 -1798 1612
1817 52 -968 225
1672 -552 -629 1000
1079 1917 1376 1317
1715 249 -1751 1584
77 -1152 -456 275
1240 -1222 1531 944
1631 423 1282 1241
1533 -1007 1360 1750
467 -1516 1372 402
341 -854 -838 1214
669 -1886 -106 669
167 951 -1404 982
1539 -1396 1345 886
295 1259 899 219
218 -1793 -1256 1834
1482 154 -1448 281
151 -781 511 582
1829 -25 105 590
1614 1505 -575 663
398 270 704 439
1957 1702 791 1498
985 1155 702 1487
1505 518 1532 1820
1867 -814 -1270 1830
1911 -1626 -855 1882
1753 -433 1960 919
1291 -801 888 1377
776 -1402 1705 1408
915 -568 -647 319
1438 456 -277 1421
1891 313 591 383
975 -1451 -34 700
1410 -1379 1477 1808
320 1254 1478 217
1634 735 1999 413
1542 635 1373 1906
91 -1899 1912 917
1190 -796 1440 1588
945 -712 -287 1940
1766 1766 74 411
1960 -1133 -1595 1046
1354 -704 204 981
597 -1828 1106 442
567 -790 1476 1358
1503 1807 -330 1388
82 -1313 -1654 692
793 -98 1914 601
1345 -1267 -1562 404
249 -42 1796 1967
1335 -814 -514 1674
1636 -1254 -1933 601
1387 1899 -1573 1203
1966 1846 1822 981
577 160 -1723 1022
749 1938 -1791 624
1038 -531 -1151 965
982 -848 -1726 1688
216 238 -606 168
317 -1035 -1649 1048
1474 1267 1424 1730
1656 990 -178 1695
179 -260 1348 1616
380 1711 -628 1081
1343 -1784 -166 1152
1742 1317 -838 483
428 1105 -1456 175
1186 -1801 -687 73
1437 1594 -1329 1993
846 -52 -1490 1626
889 -1679 -755 1484
134 -332 -36 1746
1604 -1105 307 85
1169 -1386 -1388 1134
1795 -1783 -912 1520
754 482 133 1788
1147 -158 -951 26
111 -1845 -963 1991
1633 567 -1592 1
1420 523 859 157
715 566 -488 34
431 1710 1143 1788
429 -151 1293 1833
1501 1141 1279 79
1276 -1594 -1939 1444
219 1144 1553 1941
1853 -1074 -776 496
1645 1823 1600 1449
182 -1216 1360 409
1817 -525 -525 1210
1515 1444 1778 284
1684 -1080 -647 1844
1104 1943 -1682 968
1170 -356 -1980 1780
429 -1901 1161 1847
41 -1498 -1448 887
1268 838 -325 1353
1630 -1574 -1232 970
1675 919 1267 25
1125 538 -1607 890
1848 -1743 -377 1620
532 -613 -157 1924
1199 1597 1 1832
1488 -254 1590 1749
1669 1641 863 578
190 1572 806 1082
991 -990 1334 1326
2 741 -533 401
1651 319 -710 1898
882 392 -644 1141
645 1759 -693 1266
1651 1722 -358 1493
1642 222 1769 1764
1129 -379 -1964 461
1591 -608 -1881 717
1066 -1752 499 937
1905 -492 -1246 777
1819 643 -1128 1624
798 -820 1323 710
1585 -1598 416 1110
833 -1385 447 448
256 877 -1077 1616
49 -274 -429 1893
94 -1476 905 1379
1314 -274 1857 1089
1504 864 -246 1724
1466 629 1508 834
1690 181 1326 24
444 -603 -624 1077
722 -591 -844 773
751 471 441 1862
269 552 -108 158
1815 974 -1187 1123
1119 1639 1138 1761
873 -1040 -1161 904
1886 -1819 -1913 1308
1995 1339 689 1507
1711 1519 933 458
1888 -426 111 1585
247 -1126 -1772 1002
383 -1654 -746 1070
346 55 316 552
28 360 136 824
446 -960 -966 225
1068 -891 -1673 1739
1464 -1554 -1055 1858
85 807 1765 1733
1836 -1302 1931 792
1978 1236 1647 626
160 -1641 -1346 1792
1874 -1059 206 880
1945 1171 -1294 199
513 -1401 -267 491
219 -1989 -1148 1290
1468 38 1277 930
1756 1763 -1242 1030
441 698 1199 1711
1089 -723 10 745
1307 -1266 1353 306
1103 1597 -472 94
1625 -1711 1239 101
1386 -1677 -1770 1396
1159 1173 780 792
696 -1031 -1636 502
1658 837 -1932 854
1134 -829 28 1347
568 -682 205 1660
784 1747 1010 1655
644 1876 -46 649
36 -322 1568 750
709 -965 953 1191
895 -959 -1579 679
1807 -383 -1276 1478
502 277 709 1134
1415 1387 -1352 545
861 -1140 -1797 1728
819 -110 -488 565
1834 35 -1378 1227
326 -1129 -1126 352
481 1048 1109 554
695 1662 1202 479
1273 489 -1826 1259
730 -628 -1450 1342
1589 -51 474 43
276 1315 912 1051
170 1866 984 552
1659 773 -1844 1506
1535 162 -1412 1213
1747 137 -156 1249
1031 259 -449 1033
1600 342 -599 645
200 -1527 -894 8
1705 -1052 -1306 234
1718 1549 610 1399
1491 1186 -514 1949
103 1194 -1410 290
1377 984 -789 941
1360 -1611 -1154 1736
826 1436 -594 869
822 580 -1963 693
1682 718 -1782 978
269 -756 -797 806
366 1896 -349 1730
987 -1939 -1199 265
35 -1309 1464 1346
1573 1254 -744 121
871 1410 1190 430
576 1768 -432 20
509 -1718 1771 1187
912 950 -532 1960
1996 430 -25 448
283 783 759 128
1144 -1000 1797 528
181 -1452 366 1691
454 -642 130 528
164 1103 -48 1108
1084 452 -1605 1806
413 509 -1722 282
222 -1841 -913 1447
1237 -1476 1095 825
1777 -52 -489 535
353 -199 -1146 862
1770 830 441 844
1781 1673 1149 453
510 1901 -1521 546
342 -1799 1998 605
482 1446 -1426 1479
475 1736 363 1603
1548 -1703 93 120
743 -1267 1005 1346
1504 -523 997 1681
624 -926 -703 1480
1091 1943 267 511
907 1430 -1252 882
251 414 1043 673
572 157 -572 1774
939 336 885 1633
1833 1304 -1542 1783
1082 -1511 -706 207
967 1126 656 1644
1868 1710 -496 502
250 673 213 728
630 -286 -19 1235
1704 384 -996 1866
1757 430 60 1157
630 -1938 -856 734
887 -209 -1384 1270
104 -1749 1217 1329
1639 -1930 -5 646
517 -904 -1569 80
500 478 -1727 159
1504 1665 -102 584
1587 -1517 1257 817
846 -508 -1214 454
1751 816 135 679
1477 -1819 531 1927
710 -1513 1032 1535
699 970 -1763 600
1062 -393 -1987 1365
2 -574 -1985 1479
1915 -1194 -1511 1686
1618 1576 -1492 1519
1146 -783 -723 321
1214 1417 -1313 255
1993 1822 1557 65
1644 -757 457 194
1547 1300 -171 403
640 788 73 1623
135 1541 -1262 1125
1872 -310 -6 522
641 -255 1770 1972
113 1575 139 808
606 1307 -940 380
968 -105 -1873 1869
628 207 897 219
121 -381 1233 1928
1686 -582 -1818 1837
891 -658 -1597 22
699 -332 1571 1440
1312 -191 -1533 1106
1527 -508 -1086 1569
304 218 738 170
1311 -1087 1002 572
382 -1946 759 1995
441 4 114 1887
912 1408 208 851
392 -1491 659 486
810 1769 1450 909
931 577 -297 95
483 600 -1490 1127
1982 -258 -1059 406
846 1698 -564 1855
1134 -1674 991 361
448 969 -1772 1665
1401 1115 -269 245
1952 -160 120 1626
1890 419 631 950
1601 378 678 1686
720 164 1644 1690
73 317 1459 1668
903 -428 -1177 1501
1852 1566 570 1232
1500 963 472 909
1024 812 -1776 1655
101 -1271 1098 327
1066 406 -82 1062
245 1808 -1457 759
1391 -177 -1910 747
1619 -142 1531 826
1747 737 -1561 1297
547 426 588 1278
492 341 -1684 1830
971 -241 1078 336
1535 268 654 648
1454 1417 64 573
1840 970 1531 1490
1523 -208 -1982 481
805 -968 -1058 1923
1677 719 1678 9
35 977 -642 279
324 -77 -1707 627
1471 -1340 1886 1882
778 1177 1162 412
1885 1918 -990 827
805 -44 1043 1824
1795 1257 1552 150
11 -1576 370 989
1350 1258 -289 856
448 454 1562 15
266 10 -1646 254
1529 -258 -259 1508
1317 1595 1059 1525
1179 -433 -627 1545
1340 663 1572 75
492 -268 1993 266
803 1667 -736 555
367 450 1544 1989
224 -542 -459 659
619 -1259 -1912 998
1272 -61 804 1425
388 683 -1895 875
1968 64 -610 704
592 114 -273 769
1420 1206 -1714 1727
1506 1135 -447 516
626 -390 519 1018
1697 308 -1062 689
871 -223 634 94
481 827 -1115 838
1807 -628 -44 935
1015 1909 1295 1056
1280 86 1206 1300
1688 -197 -1768 828
1919 603 17 1169
1322 -525 -1564 710
1888 -559 1501 1404
432 226 42 1179
266 211 -761 1968
737 -1388 246 1033
1024 -1870 -804 1787
1521 1475 537 1517
1863 42 525 186
1814 1852 1273 1219
1669 -22 -1489 955
1155 -600 393 793
1071 137 1594 1497
15 -186 -1176 507
1258 425 -1782 1955
990 1362 -1475 1095
1995 1189 1147 1076
917 -1206 654 1354
422 1979 897 1659
425 -1855 118 432
880 -284 -1413 1892
176 -1894 -1988 583
752 -1807 1353 524
1006 -1742 -193 1595
857 -1018 1448 1232
1735 -1507 1721 1994
385 -1257 -1590 1053
1411 -1431 142 1232
1677 1996 -1971 1232
1924 -638 205 955
113 -703 408 1638
81 -1364 -958 1000
1667 -196 704 1980
1597 -1475 1338 1379
1720 239 1785 1840
1999 -1406 -899 170
1028 1826 -935 1773
91 1902 838 937
1757 -291 -198 1938
1975 -1535 890 382
1096 -799 1217 1962
198 -213 -849 1174
1130 -471 230 900
1471 -1115 -426 1965
215 910 624 396
1062 1350 1882 768
1813 -1136 -58 1519
1632 350 -272 1502
425 -1416 490 1177
99 792 387 497
1287 1916 -1559 521
1330 1000 -1830 1929
1589 -238 -1451 187
276 -185 -1465 1009
536 536 1432 1085
1821 554 -1156 118
1860 561 -1354 1178
194 -1855 -1094 711
512 -1729 87 192
1689 -1324 -1063 1118
942 -1090 -1810 1724
1973 -440 1548 1562
774 1832 1956 748
1085 434 -1768 344
1499 1847 1751 1435
789 -363 -574 389
1235 773 -1501 600
1650 -1120 755 1885
19 -372 -327 879
1946 1815 -1633 1597
1439 150 -695 572
1904 32 -576 308
1981 -620 693 766
1691 939 938 1948
946 821 -1871 513
1423 1899 1760 1221
1363 -1292 -464 978
353 -754 1442 858
1892 531 -351 1966
375 -1785 -1715 1736
107 -1835 -1273 18
68 1835 31 1293
300 -132 -1164 972
703 1108 -1006 1478
734 -1681 101 1047
1324 1521 -1041 1455
4 613 -1430 369
961 1425 529 118
83 -393 -832 1176
257 376 -719 1719
210 1268 -1335 1175
1811 112 -952 1216
1060 83 -751 813
107 1186 -1702 574
463 -131 195 1894
718 -1727 830 1581
439 986 1432 766
1 -780 -497 346
995 -1812 -957 1396
1321 1257 246 1364
1062 936 -1097 228
412 509 1708 1366
405 181 -1467 1035
126 -787 -1060 77
1927 -1098 1135 550
804 -1016 1771 1783
143 -1094 788 962
163 -1349 526 1809
1058 -895 130 285
1953 514 302 1063
1335 322 1304 242
977 -1314 1926 1366
241 -1452 341 879
378 -909 -966 957
1126 -1018 1206 946
1568 1044 787 1495
362 -1217 223 406
89 398 -411 913
1156 1632 -164 1178
408 -1357 -1876 1993
1479 -1756 909 1994
612 1240 -1532 220
1448 1307 1465 131
1665 -1466 -741 406
1438 -40 -987 641
1364 1193 -1296 325
732 1436 1405 883
1954 -1885 1922 901
1208 -1387 -1722 629
433 -809 1577 1764
1350 -273 283 661
948 -637 807 1167
1404 73 -1463 1422
562 1725 1399 82
111 -1493 -335 1742
1471 847 1680 554
948 1431 745 1250
1 944 481 1734
1935 -73 -1793 1816
411 -1054 -1328 400
1974 -1557 -262 1387
516 1539 -1433 1992
590 -1487 -1204 570
1792 -1024 968 1321
1979 561 -1892 240
1076 -626 1516 96
179 -697 867 1052
421 1426 130 683
747 1127 -1880 1498
1817 -983 443 503
904 200 1630 1431
420 -1052 1609 1648
1822 -1382 -1994 1824
1515 -300 624 1684
723 1832 -1455 1538
851 -770 1366 1328
187 8 -716 1450
1121 1847 1813 1472
1997 902 1183 389
1019 -1481 436 145
188 -706 -1459 560
1716 237 -429 1506
1437 -1862 -787 73
1699 -1196 -151 1805
391 -317 -57 427
813 1676 -118 322
765 51 280 1077
1189 -971 1235 1068
565 248 1896 1394
881 -1975 1723 1256
1059 1972 1773 33
615 -1680 -1346 100
750 690 -883 1662
1051 -1698 1139 1597
1513 -517 -1832 581
178 -1812 1396 767
265 1846 -659 1813
834 -978 -1278 776
1205 1760 -35 890
1838 -1031 -436 36
144 -991 1913 577
1149 -936 825 945
1007 791 1914 1432
1107 -725 1966 220
1641 -1873 -203 506
437 986 634 1713
545 1233 31 645
1769 966 -1895 94
1325 -675 -1310 950
1170 -1033 -923 1823
1314 1555 -513 1819
1559 -1709 -1213 1410
1252 -482 -774 1231
1788 1512 -529 227
1113 238 -1029 625
870 -1315 -77 1328
1413 -1160 -677 1725
107 1682 236 822
591 462 -729 1695
926 332 65 529
10 1500 373 1110
1478 -1973 -1448 1679
1180 1500 -778 1406
1607 1684 938 1004
729 -807 -1443 916
1990 591 -669 1046
951 -1511 742 1557
1561 161 1646 1241
1723 895 1543 1678
1124 1414 -281 1940
1514 1927 441 1933
1867 -242 1444 625
1960 -591 946 1869
1749 1091 -1287 175
1035 1708 -1404 1548
359 812 1787 763
1112 -1490 -1644 24
1588 49 855 770
867 -978 1321 1836
1235 -1724 159 688
739 -1511 -583 743
1960 939 -1740 1090
1626 319 -1686 5
1080 -280 -1446 1014
1232 1837 1884 1426
872 1769 -1997 1321
200 1231 1748 1645
525 1326 565 1335
1336 -408 1580 786
1677 -1219 1003 78
1957 1211 437 1294
1180 511 -655 842
883 -472 1949 1086
1551 -1990 -1427 153
88 -85 1177 527
555 -1501 -960 1544
1225 -1143 -1832 799
1254 -1817 -1597 1747
1082 599 1489 1641
1379 -1338 135 424
338 -122 -1103 699
1545 912 -18 1987
755 1055 -184 1747
1148 1223 -769 1442
597 -1442 -459 1916
1858 -1857 -624 1330
1323 722 -1291 533
1022 -312 669 287
1579 760 -1216 1962
1815 -1103 971 246
1818 -449 1599 664
449 326 1218 1653
396 1214 -240 363
385 665 565 665
1911 -536 -1520 1058
812 -119 -1769 1279
560 297 1277 1737
1752 404 1028 290
1644 1361 -1546 797
872 -704 671 450
479 -16 -882 604
67 597 -98 1370
767 -754 -616 1969
1549 1691 328 1352
320 1145 1139 1626
1324 1084 -1499 920
665 1818 -1112 1365
883 -1031 525 1448
1661 -1606 -229 45
729 1561 93 1556
1985 -740 127 1009
1666 -950 -1769 154
1484 665 -1658 364
1267 30 451 7
609 -250 -195 1261
1985 -16 -1052 1239
582 -1236 -33 1264
1522 1463 -1319 1368
1007 -1565 -516 770
1930 1365 748 902
1330 1138 628 1184
814 -918 103 1087
788 -1527 -575 439
147 -1098 1199 1183
1690 -1810 -169 1572
1454 1717 1714 1620
1016 281 -1410 388
149 -1774 -170 27
1220 1975 1431 564
1067 -1086 1785 1568
1363 -1388 1512 1186
551 27 -1622 337
233 -1187 -383 825
494 -752 1117 1690
1533 -1192 1774 1384
1043 292 -666 1225
753 1073 -845 906
1309 1085 -585 299
1565 -1423 39 1134
1487 -1408 -605 876
20 1496 -1609 1472
192 1505 517 137
252 1417 -1659 76
820 1715 -28 17
618 517 -1244 865
33 -802 1546 1950
834 -883 -551 1499
890 -666 -170 864
1834 732 1758 1335
1478 -819 -1928 1538
295 -183 -1863 355
153 -1797 1559 1665
1597 -1157 -1784 1578
1400 -1005 489 1403
787 206 -1677 1018
233 774 856 1165
1660 596 -1295 560
31 1328 -1915 803
637 302 -714 1402
1121 634 -1008 699
1708 -1773 -697 1315
1619 -529 615 1506
1886 1156 1246 906
154 -698 -930 708
760 1851 -588 955
1612 1756 -1564 1726
1438 -107 1391 354
1996 -934 -625 1678
295 -420 453 1086
1025 46 -1166 1121
1205 -1539 -1668 731
1087 821 884 1284
1824 1667 -797 870
172 1543 -1126 18
1259 1247 -1395 1996
971 -1715 231 1739
348 1122 -1699 1226
1347 776 -1067 1946
696 1938 1338 270
1911 -538 -1576 1773
515 -86 -973 1075
1887 47 99 1616
979 -162 -456 519
557 -1496 1098 833
973 -486 1036 456
439 290 588 524
1509 1971 1486 1025
163 1232 664 1327
1265 134 -193 1825
1061 -599 259 1575
1542 1589 -1755 484
82 -602 -1045 512
1241 -488 -751 1222
575 -1253 1489 1783
734 403 -722 1030
849 195 1585 827
571 -781 207 544
1518 -33 -1993 310
1268 -638 1007 1665
1962 -583 -436 1016
272 1443 -1996 1814
538 -134 -1432 1020
482 -445 1319 956
195 227 1020 1167
320 -72 1337 177
1307 -1743 -436 832
222 -116 250 1888
1814 1244 -522 537
178 -1598 -885 39
648 1404 -913 1898
1537 171 1680 1444
728 1522 -585 1981
1984 -1874 -841 1330
1275 -1442 1911 1074
1027 338 211 1488
1156 -1064 -1202 324
1504 1195 1784 778
1018 241 -1349 1233
907 646 -1510 1324
1841 -811 -991 1173
1947 915 -1009 805
1646 -745 -101 254
243 936 -1103 129
1158 489 -1312 600
1977 -1579 -1795 125
1263 -1634 -1988 1985
1825 53 -190 1542
508 1778 1510 1765
753 -1414 1114 986
676 -13 -27 1027
558 335 -480 180
1308 -1816 277 1717
1933 -1009 810 642
1143 -642 187 1210
546 1161 1586 1330
1339 -309 771 415
627 573 -620 751
654 -1603 -144 1873
1141 -802 -214 1288
1844 168 -1869 444
396 33 1480 1064
1666 394 -275 1357
734 450 -1205 1086
158 198 1560 1122
624 1439 908 118
1787 1797 -1409 1992
807 912 -1919 829
960 1459 1667 1659
1479 1587 -471 432
1969 -1969 477 153
134 -1301 -1704 844
1827 -1529 -926 1967
1928 358 1964 654
587 1121 -1639 1337
724 -1726 1675 1827
1999 -1925 1861 1492
397 -1312 -1002 280
1971 -436 -1185 1535
265 -1980 -122 347
1148 590 1317 1556
44 -22 -1702 1127
191 -46 1441 547
1372 543 -1803 1531
129 -27 -583 935
990 992 -1248 1986
1688 1200 -269 1917
1047 1785 814 1771
1543 538 -1448 1843
1851 166 -108 674
1797 268 1612 630
1040 1021 1795 1587
39 662 -1834 1154
554 286 -492 621
1968 1168 1338 1669
704 1268 -1911 844
1031 -776 1495 1211
917 -936 -1172 877
767 344 863 1378
1151 -52 -1192 301
607 1939 998 1415
546 -1317 943 954
956 785 330 790
1380 -703 -104 79
1241 389 158 253
26 336 963 170
333 -1887 743 1640
1817 1703 1756 345
1691 -1429 1023 1925
1701 1037 -353 1639
826 1711 -875 1072
1764 1211 165 1395
703 1134 544 1783
971 1241 899 1177
109 -1517 -554 871
1902 1873 -344 1301
715 -1040 -1273 796
899 757 -1629 358
636 -521 -895 1156
1567 -1308 211 808
1655 400 1713 683
1782 685 -688 744
465 -654 1708 175
1455 1808 789 1027
1293 1468 509 1420
1773 69 387 1494
914 -364 -1057 1552
1109 -1746 1303 31
1924 -500 1604 648
1469 1078 1346 1369
952 322 305 1424
1194 1236 -1084 514
1219 823 -979 950
705 1031 -1678 1624
1098 68 1490 1446
1527 -1959 1951 966
259 -911 502 1918
1648 -1945 -1526 1835
930 1337 1827 923
706 1308 -1994 1043
1980 -435 -112 1657
33 290 -1401 1082
1862 32 162 150
115 1964 1407 1071
1254 1019 -1559 1246
1197 -1130 -853 1470
1023 1873 -1477 671
164 -611 -1328 68
1192 1130 -702 1829
1980 1260 1709 862
101 -169 -810 1726
587 -794 264 1561
1483 1499 -1025 663
1926 55 -885 611
576 53 783 796
1506 1258 -216 1783
872 -1863 1355 1355
1475 -1465 -1795 1027
1895 889 586 1584
367 6 -1358 453
1221 -424 -735 25
714 -657 331 1592
1380 -958 -574 450
938 -643 -340 859
1002 -1436 1 1593
4 -639 1779 1130
413 1284 1561 107
909 -1726 115 1201
1105 -655 686 1828
1897 750 302 15
779 1660 418 1858
1950 -226 357 992
48 1343 -1989 1905
337 1664 349 1793
134 -38 -1512 1743
1127 1684 1526 1871
993 -1035 -38 601
372 261 -1930 104
1605 -1329 -938 571
1646 1672 1036 1447
314 -932 -557 323
281 158 1351 778
1714 50 1550 749
1452 -15 -438 783
515 497 -321 1847
954 440 -476 1921
803 -412 1146 477
1832 1630 -1456 671
550 -1389 1710 1101
1149 -1098 -1731 1220
881 1048 332 628
940 1761 1012 703
1162 393 106 1934
379 -742 -264 1196
388 -1256 -1771 1673
1278 -1671 -1323 376
1814 -1906 -1932 385
443 1064 155 1120
788 1101 189 292
1367 -1763 639 625
1363 -1227 -1242 14
1047 -1363 -1969 1528
168 -1915 -1093 1485
159 704 -1649 1954
825 1940 1363 1822
1909 864 -1753 1276
1690 -1248 -877 461
894 1743 -1943 228
64 -560 1023 1240
895 839 1210 341
432 -1459 -798 1659
428 -1448 492 462
511 1244 -163 1428
635 -21 848 90
1987 1801 -567 1824
880 -1013 6 1496
1151 -1632 1502 523
129 1880 541 356
602 957 -1711 1090
1491 103 266 1754
1369 1033 1527 787
539 527 -1398 1641
1391 -1449 -78 1787
829 713 602 1645
707 -963 -296 631
1903 -1841 -324 1331
1208 -1326 1936 627
1190 -143 -1313 1112
1381 -257 1386 1196
1079 -209 -1108 986
1935 -518 106 144
1862 1379 -983 260
489 1220 536 1564
281 -1904 -1754 180
1850 1 1130 1532
500 187 750 1864
565 -1195 -1354 958
1166 -1052 14 43
305 618 -1101 1535
298 -174 -447 924
211 1203 -1717 795
1341 1895 -697 1463
1262 1441 1652 1503
142 1733 1797 1560
1673 -200 513 1497
480 -1591 -879 846
1799 1834 -1541 342
1945 -809 -978 165
479 353 486 562
717 -498 -81 26
1398 904 306 1419
546 1127 966 1450
495 -37 386 846
1197 -97 168 818
1617 -490 1331 967
371 -1044 766 1711
1344 -262 1814 1092
568 1597 -363 1503
673 477 1976 1841
226 1899 296 237
697 -1648 -1480 412
422 -369 1602 232
493 -625 298 801
1176 -1562 1849 1067
1747 -1739 276 1742
158 -222 671 357
1855 955 730 111
493 1129 880 977
1782 1351 1411 1075
42 75 -273 110
957 -1662 -1291 996
1017 1982 822 952
746 -1815 -1819 1729
528 1829 135 1516
1680 -209 -93 1383
1140 -1335 128 1191
1878 1612 -1597 1971
1881 -1324 1769 310
640 -1444 -463 1313
1205 1946 1642 438
132 1746 1331 382
861 -965 297 53
1525 -1627 1545 872
853 467 341 1502
858 -1254 -1285 1708
339 1550 -853 159
1495 1856 241 247
1580 936 -69 454
1185 1724 -1598 276
949 1083 -1886 158
717 -485 387 1875
1826 605 -1811 518
816 737 1176 1263
1913 726 -662 1914
1264 -1406 -457 214
1407 1283 -535 1862
1505 -1285 -1866 468
344 -1358 948 9
392 -1016 1073 823
1226 -1045 -1069 1615
634 223 -1560 1307
1706 -1069 -1847 309
1629 -1164 -1210 814
1148 -1856 -819 344
1669 1071 617 1164
471 -1992 116 1797
1943 519 -1720 1475
1837 -1615 1315 842
1160 204 -737 416
662 240 544 1410
1869 1138 333 223
1701 1940 -545 364
1004 -1107 -1896 1982
1392 616 -1615 1283
24 1690 -197 1706
796 -698 -1055 1702
696 1503 924 1039
1053 341 1191 1792
240 1087 4 650
586 1702 1254 848
486 -1667 -610 1417
1125 70 1016 1922
269 -1305 -1469 73
822 1411 -1206 163
1980 -1313 -359 1510
1472 -98 151 816
1351 -1033 -1370 574
1689 -667 -910 22
755 1587 -531 430
1558 -1515 -1846 1474
325 -781 515 1554
635 191 1202 1409
307 -932 -495 615
1150 -120 -871 304
1121 -513 658 1483
1956 497 817 253
148 192 1448 843
1425 -1665 25 1555
1825 -1653 -842 596
139 1256 -142 1808
1821 539 994 337
871 1211 1161 562
1246 -664 -11 274
1914 663 1759 325
1432 342 -288 210
1448 1435 1603 517
176 -403 -742 207
551 1057 -1448 97
139 -1445 -1631 261
1516 -501 -869 549
718 -1767 1602 2
283 1625 -388 414
1823 1190 -1449 1858
1818 -384 1299 233
865 1139 800 1411
414 -1911 -1340 1603
1787 1858 -1371 1410
667 -1323 -318 1386
626 1342 -324 1835
55 952 -274 73
1161 -880 1321 1675
55 -1799 -1035 1246
1527 1495 171 257
1120 -80 -260 487
31 265 1500 1560
294 990 1575 143
1560 -864 1174 701
1823 -1454 -1535 885
1751 448 -476 1166
608 1329 870 84
1887 -1785 -1078 1736
1821 -1316 519 923
215 -1729 -1643 679
972 -1897 -1863 374
595 -578 1652 1033
1714 904 -655 1890
1816 85 -1788 618
1316 1569 1971 1148
1579 1819 1989 1496
918 1496 293 1457
1201 294 -1135 239
1070 -543 -1760 1102
480 -1891 -1243 365
192 -641 788 1008
1900 668 -23 623
1139 -1504 -1459 229
1818 -1417 -1523 1361
1194 -1157 -499 664
591 878 291 593
698 -628 -1153 472
64 -1533 589 1307
378 377 -1317 1104
435 -32 813 1245
253 1452 1342 511
1996 1378 -966 1780
1945 -387 -121 656
192 -1524 -1332 1196
1394 -142 -1586 1490
1060 1866 228 611
1807 1828 938 849
1006 -1332 156 1365
930 434 1497 1818
1809 1137 851 128
867 -1489 -1486 586
596 1845 1871 1072
1205 1020 -1626 654
1051 -463 -240 1587
1342 262 1070 1027
1500 -402 -1007 1350
1939 -107 440 902
1962 -428 -619 821
281 -695 972 1909
1004 1134 421 94
1636 1143 1935 1387
486 484 -743 1517
1194 -1546 -571 183
1869 1105 -1465 608
927 -725 1229 228
774 1593 815 803
1130 170 -312 705
1830 -222 -190 180
30 169 1050 1482
1315 324 -1566 816
144 610 1409 1163
353 1660 1766 1395
1943 815 1489 115
757 1607 45 763
118 546 -1362 1230
1909 -930 305 1988
1810 185 899 745
1956 -880 1054 1244
274 559 1450 1
233 1184 -420 96
537 1849 584 851
1832 -190 -710 1788
221 1088 -643 397
54 -1176 -1808 142
1635 1712 -1273 1274
712 -521 767 1826
399 162 -1653 824
1412 1730 1924 1606
871 700 -365 533
1869 1849 -702 966
1872 1909 473 1117
1146 1338 -1505 1424
1118 724 103 1916
415 -159 268 561
711 -1762 -1518 1057
1986 -1263 -1692 1541
1840 -1052 77 1064
950 -1984 -409 1129
1485 -1855 581 702
210 817 -49 940
1589 1160 72 1952
1226 -1027 -1186 265
1659 780 813 539
1219 -1186 -1417 1997
1156 562 2 1580
1666 976 1370 614
215 -870 460 1504
1661 -667 1086 113
359 95 -287 484
1592 -24 -981 90
377 522 1980 326
424 863 -121 1487
1540 170 1222 1041
1746 835 -954 60
123 -1552 1553 579
1979 138 -401 1663
100 -269 1534 106
985 -404 1343 212
771 -1300 -1840 258
896 -1648 -1578 569
239 -127 1640 311
1269 -1309 -728 955
874 -705 930 1400
1821 915 283 230
588 -1816 1565 945
1069 1339 733 504
1224 -1458 1476 255
251 44 295 1406
325 -522 -185 671
571 -354 878 548
1589 -1788 1307 846
482 -1564 1262 855
1840 -1981 225 1658
613 -1756 235 981
137 1425 1183 590
937 1142 -827 1051
1654 420 -1382 24
1476 694 1196 453
971 -1557 1791 774
234 8 1709 129
1359 -1656 975 627
1040 761 556 44
581 -1963 942 1342
555 1502 168 1394
34 -860 -917 66
288 -760 75 1968
1677 -507 -1380 1454
981 1229 615 1796
473 -857 1623 110
254 1215 343 1227
1516 -1486 1307 1151
1472 815 1989 1761
1562 1924 -1712 46
176 -1685 875 1348
537 -1100 -1595 1208
1235 -1999 -1178 1809
910 -314 -1208 1098
527 -14 -485 1316
830 -1025 -1665 977
200 -1273 1671 890
1373 439 113 171
259 1023 1346 162
1281 -1612 652 1155
805 -1946 -1950 1046
1199 -892 -1269 1416
1204 -624 353 1254
747 1020 -307 1525
403 940 2 1645
139 -113 -256 1513
601 -1221 1616 840
1572 -1445 -352 735
1882 -1923 -1250 1909
667 116 848 694
251 -100 -992 1313
420 318 1908 794
386 -1535 1773 1896
1765 -1143 1107 1672
1042 -1905 1107 1784
803 485 -1832 1613
1586 -1242 -1516 398
594 -1979 -689 630
1478 -1465 -1186 1334
840 1767 1964 1872
1828 -975 206 1389
1050 -1007 49 664
1583 1991 1597 321
1580 1657 -1858 732
1550 -407 279 1599
516 628 -1597 1575
821 474 108 1619
1799 1117 -1498 872
1897 199 -1606 1467
170 1297 1234 1194
735 -1596 -1188 692
1249 -1834 355 1948
557 -508 1302 1066
738 1197 -378 874
982 -744 297 106
946 -1182 191 608
1249 -1760 756 915
261 1403 -1354 1693
1842 64 -683 1855
1073 -1369 1590 957
1791 -907 234 1022
59 1800 675 301
1915 1213 -1496 539
1047 1034 -1729 954
1661 -1517 1653 1235
348 -1608 -1467 1345
1433 -1589 -1013 852
1373 -411 -421 1904
164 78 774 1195
239 381 1545 1698
419 1944 -1801 388
1640 -1837 484 741
1676 873 885 1101
509 599 212 119
1746 84 -1737 610
1539 -1698 1454 419
748 -47 -1478 481
1295 -666 1488 1208
958 1657 -253 1447
533 -570 1856 1810
1406 -93 -16 1808
1034 274 948 878
31 -44 1737 58
1493 543 669 681
1224 78 113 769
1593 -1541 1778 623
1949 -1848 275 1907
220 -1567 480 272
1987 -300 -114 877
1395 -1138 409 1494
64 -1858 -1823 459
1570 -1676 136 1519
903 -908 242 1354
159 1779 521 808
1423 86 -809 1176
607 -1072 628 1230
780 530 -698 1986
454 494 -1885 735
1363 1909 -1265 1364
1066 -1987 605 342
1657 -1165 988 668
672 -748 -671 1618
708 -1509 -366 1767
477 -1672 1176 671
1512 445 563 49
821 1635 1028 1369
1242 -1124 -1176 360
878 -1898 1086 143
703 -1125 -955 1400
1853 -625 -253 1421
988 394 -1450 1967
486 1598 -1717 1728
1367 -302 134 857
271 -547 1114 1141
1748 -125 785 1716
1277 -1048 -346 313
136 -1528 1763 973
1812 -385 -79 1273
760 -1947 -1820 1296
1787 10 1068 1171
1929 819 -1610 1610
964 506 1359 1026
1905 -786 -1588 858
839 1564 -299 1589
500 1500 773 1275
295 -820 -43 1559
775 1292 1672 906
1834 28 -34 1655
351 49 1812 453
1717 1735 48 128
241 -1899 -1598 761
412 1046 667 417
1971 -1709 -18 498
645 1849 873 214
1385 -656 1647 621
1381 -318 982 780
152 -764 -1891 409
1681 -876 1639 1728
645 -1864 -289 1377
1133 -1973 356 943
1173 862 1220 354
335 -439 101 582
1550 -143 1232 1930
251 -1989 -1317 1442
1524 1162 1104 1174
536 -762 141 417
1324 974 -941 1890
1065 -1914 -575 30
1195 -1976 713 1100
1460 -1568 691 1399
1095 -787 1166 1424
461 374 1527 1258
819 1859 -1897 940
1530 1549 1216 147
678 1247 580 701
1888 1483 -47 30
84 -1590 -410 575
435 -908 1523 26
1490 -648 -136 928
858 825 -320 115
246 88 342 892
1672 1978 829 662
1364 -1664 1368 1073
1874 620 -1015 1776
784 1118 304 347
1727 -1777 622 670
1153 1363 -1187 1896
1554 -482 1228 285
220 -842 770 1269
1232 -1210 679 1018
68 1625 800 1470
80 106 191 179
1600 -346 119 1169
1397 1092 1444 1523
308 1472 -1323 1466
677 -1191 -1500 1833
1349 -1141 -811 1879
1060 -1461 -1259 1728
1256 -929 439 356
1177 -1102 1012 39
883 1702 -647 1599
1495 -379 429 697
1961 121 1677 309
1507 -661 1569 709
673 -751 -1597 690
1108 -1584 -1412 407
175 -200 -216 1780
1805 563 1486 1388
825 1731 -156 935
1652 770 1837 1793
1282 1782 -1078 681
205 -1876 1750 1987
417 1448 548 695
1854 52 187 1423
1546 -1614 -1499 765
828 -356 1197 1059
226 1736 176 648
396 1081 1440 1466
430 1210 -1853 1847
674 -1352 -443 18
340 1209 1077 1109
468 -1373 1033 1993
1863 256 306 495
487 571 1588 170
1342 -1622 661 963
543 409 -224 148
910 577 -169 1869
834 1956 725 1091
1754 -1259 597 108
21 -343 -507 4
376 -332 -1976 1754
1853 1482 669 867
30 48 1192 967
46 1648 1214 895
336 1059 -1046 1614
894 -302 -824 276
1043 -1101 -137 12
305 -667 -276 640
765 -1397 906 879
1134 1807 504 1022
1425 1826 1950 244
472 -317 -1979 540
1494 416 -865 1383
100 344 -1595 215
304 -785 1899 102
1113 1400 -1177 861
1684 -78 175 173
1226 499 1415 553
839 154 937 1402
13 -1004 1602 1962
175 -547 62 1033
486 -1848 856 908
1328 475 -1239 568
1500 971 -418 1403
783 1015 -540 356
1346 3 -525 470
1425 -811 528 873
1261 271 1969 313
955 -1161 482 309
1876 1193 572 273
83 833 1573 1684
794 476 -254 1963
589 128 -1665 1268
1380 -1734 1965 932
46 -95 -946 1410
1097 857 -1207 1977
987 -250 -364 1050
1516 -24 -528 952
73 -84 -183 746
1843 973 796 1132
174 -986 1154 878
467 782 751 260
1230 -1665 -690 84
1440 1718 420 779
286 120 1565 1512
464 -1530 1970 1056
819 -1417 -1609 1480
1256 -933 -436 254
194 -15 728 65
508 -1715 1994 212
1569 1600 -757 1903
754 986 1199 1118
580 -1758 657 1280
1695 -1843 -1717 1305
1936 -720 -718 1264
1095 1852 1773 1170
522 -1916 -991 573
817 -205 -968 774
1479 -839 718 308
527 -1605 319 1250
1021 -1585 738 929
1177 192 -1415 115
1504 -877 1464 193
1074 -1733 -250 1239
709 -1896 -1782 1891
1568 -242 1230 1609
113 1554 1061 1649
696 -334 -1710 839
666 -1597 1551 763
1775 -1364 -718 1599
291 32 1574 412
697 -1641 831 1373
115 344 223 1121
747 866 -1391 1437
1726 -1215 -1007 552
1532 1831 -799 1022
1497 -529 123 1262
1311 -624 1841 1804
170 747 1487 1647
1434 -748 897 36
149 -387 454 1321
66 -816 1837 67
1390 -861 -23 905
987 1395 -303 870
797 1069 1108 1227
1691 -512 1386 1850
980 -535 34 1340
743 938 -1629 1804
73 -548 114 1802
1827 896 1941 1338
434 896 -1719 1330
790 1350 -149 623
531 -1005 -132 1424
1154 -126 1325 938
209 457 -568 1842
1167 -1051 382 854
1265 1295 -19 789
1664 -312 571 66
1561 141 -65 773
1323 1263 716 233
716 1698 817 1151
1013 168 -393 122
673 390 1923 850
1170 -1043 -324 1489
364 -1184 397 1160
1208 1317 -1247 987
1459 -22 1729 945
332 257 1793 997
201 -63 -1361 24
1443 474 570 172
1925 1472 -217 442
1473 1297 -1754 13
267 315 -1845 1717
1228 -1476 -1057 118
880 -1769 -1414 1462
488 -1311 304 50
1881 -745 -574 1721
1740 1736 1456 991
316 -900 784 268
907 1802 1823 155
1373 1099 198 443
266 -1146 1560 1729
1904 809 -247 532
1264 88 -1660 96
1869 -337 1458 980
384 1335 -717 740
1030 -1494 557 519
192 1696 -397 1738
1138 -530 1319 1579
532 -1067 1750 206
900 -571 -1017 1564
402 -1693 -296 447
755 -1631 -1795 968
1583 1319 -920 793
1363 -382 -1162 1899
1920 -569 101 1114
1194 967 974 707
105 -331 -430 333
1771 -647 -1337 157
1968 1864 -196 544
1789 -1846 757 837
74 1313 -278 1424
36 885 688 89
1179 -1675 -1376 1003
837 -1392 1948 1941
746 501 1327 1628
1750 -1648 -1933 1895
1641 675 821 962
442 -394 804 1180
1456 292 -1155 297
888 205 -940 1216
1042 -1819 -1795 493
292 1132 1489 225
1941 -1682 1251 989
787 -945 406 1099
1758 -1623 -715 277
682 1062 295 1564
1777 -401 -1928 898
623 1582 -327 1408
1988 863 1388 401
1158 -1383 -1139 53
508 -228 -344 1023
820 299 -1882 951
846 1184 1884 89
606 1556 819 1205
46 1927 -1782 1037
1337 1182 242 553
1410 1759 1586 1030
1131 424 -1301 1379
878 1017 1162 482
712 1123 -644 1693
1288 -1661 244 1599
1749 -1348 1749 855
1205 -1842 -1670 537
839 -533 395 300
298 334 1420 1500
1267 -986 1628 505
12 -1540 57 743
735 -1585 1058 589
1615 1766 1643 22
1007 -350 -769 642
1832 709 -1782 1110
1448 -1072 1441 568
990 1201 1099 212
895 -1961 1659 1402
1380 1779 376 1389
1690 140 -752 1733
1040 -623 -314 1614
988 1445 1266 1783
407 -311 -148 1588
780 746 -1757 1949
909 54 -1452 1885
1726 -1869 -517 1747
1112 -1796 1883 1060
263 997 1616 871
189 686 -101 1623
1949 -302 691 1589
1312 26 -1537 628
1843 1745 1031 1883
903 644 -1748 631
768 16 -274 854
1511 805 -1829 828
1912 566 853 1650
1973 185 -947 546
1873 531 -1087 156
1637 667 -519 1525
862 -513 -193 1747
1549 845 741 338
230 1057 348 1698
1457 -1748 -135 1446
765 -1520 -157 534
200 -462 1513 1406
984 395 -1083 925
853 -729 1307 1927
1660 1789 -1665 1652
1390 -1042 -65 238
702 46 1112 263
1223 -679 622 1649
1604 634 1842 483
1862 -263 874 1259
1154 -909 1886 343
960 -516 1610 538
1517 -1475 -237 526
1722 -1974 -1482 1292
250 -239 345 869
248 -1475 389 1565
31 1919 177 1018
1424 -422 570 1145
1200 -645 263 1322
998 596 -1504 399
177 -510 -174 913
1025 -1360 -1209 1435
1194 1668 -1096 317
1140 -1396 1057 1898
1197 1632 -1032 730
533 -1854 684 857
1088 917 -206 614
648 -796 -628 229
393 -37 1639 1758
1923 -1001 -1602 1499
844 -772 -1423 1358
1339 -50 -461 313
94 -127 280 579
1477 -674 942 490
1060 545 44 556
1541 -1728 -1094 700
788 -33 1883 1059
753 -1175 -1822 109
226 509 -17 1864
1582 1418 -1290 1016
915 95 -760 1094
1568 -149 -960 1596
1020 1924 771 1706
1709 -1215 599 677
1986 917 -489 1475
298 -789 -1612 1664
1435 -1701 -1715 363
796 -860 986 505
506 1229 -912 1682
1095 248 -1125 383
86 -397 -774 722
529 662 740 1246
995 -1490 -743 923
1311 -1253 -148 84
663 -1243 -1256 1016
677 -270 286 572
1589 -275 -1174 855
1689 -750 657 1108
932 899 -334 1156
944 -647 893 1545
1896 -47 1316 1372
958 1547 1892 1529
86 856 364 1294
1833 -540 -900 1087
1716 1533 -731 1637
326 -630 1329 1546
117 63 -53 46
1418 -40 1016 1526
1984 -1976 873 1463
201 1558 -177 1599
521 -766 -1043 237
1817 -1362 509 1508
597 -459 1084 1324
254 178 -1581 1185
265 862 -1474 610
47 -924 37 1107
651 233 -1528 1835
1935 -489 1836 1111
287 -351 1782 869
932 -964 -1080 1770
1434 1058 -478 1901
498 -1834 -73 905
497 136 -1036 479
1167 -1905 -1316 1906
1993 96 -1808 1385
1776 -661 761 1456
1288 1540 -1229 1511
986 1985 1823 1729
1282 -1153 -787 1127
1 -1272 1223 1715
1916 -1006 -948 117
491 -1666 1088 162
1451 -1916 475 1199
1981 1808 1555 298
564 -559 65 754
171 -1490 549 474
1805 -1161 -1074 442
939 -1184 -946 206
1402 537 -72 517
50 949 163 771
832 72 -1067 879
724 -1612 1905 998
772 446 -1078 1894
984 1787 -11 52
1628 1838 -1819 1207
1905 -218 -108 250
1259 747 892 766
516 1910 -1301 1509
1048 646 627 1032
744 1581 338 562
1303 -1316 -151 1443
896 1960 753 447
445 -1635 -623 1132
897 26 -1457 1015
1856 379 -1171 1312
1794 207 166 489
1955 1235 575 603
550 463 1125 928
189 -1815 1030 1210
483 484 990 763
1506 -757 1012 155
557 1237 1128 1766
504 814 -1431 251
1978 -166 325 1822
370 -1911 1063 870
559 1500 454 352
839 1708 -1420 1466
609 -1017 1052 1945
1979 1893 1871 1859
1604 962 705 1126
771 -1968 982 1775
1390 -451 1907 1652
1908 -796 -438 491
740 -962 -271 224
755 -471 -978 963
1243 696 700 456
54 -589 1324 517
1271 1107 1454 1751
17 344 -1798 1853
1598 1047 -1456 59
1193 1723 -16 681
1444 -1495 1851 130
499 -1073 1145 1846
335 552 -84 1768
405 630 -664 1856
1780 965 -406 1865
1907 878 1365 692
1000 -138 1513 452
1873 468 -1962 368
511 -1468 -773 1541
519 1819 -1173 737
240 1044 -744 729
1639 -848 1264 1060
1869 -1112 1882 109
1255 -1809 -1857 149
1982 248 -581 590
285 -1721 -1116 1953
742 -154 1170 1865
925 -1971 -798 518
1739 -1876 -994 555
764 -515 1407 273
401 -881 -76 1010
1471 1092 -1679 318
271 914 -563 649
604 749 692 283
1800 -248 -929 1119
727 1007 -679 1108
449 -671 440 239
1733 646 1398 1975
113 -1371 1464 1944
1515 -1795 1425 1425
539 -1282 -1570 598
1662 1101 225 1998
1077 -92 -478 1941
1460 1583 536 540
1267 -1643 436 1076
1264 -1457 1550 1895
204 341 -880 527
953 -1132 -1313 1229
1394 -1311 1370 1107
1044 465 -1591 1354
1245 -405 -115 1901
1828 -1556 1064 1276
1504 295 1625 315
1871 -1452 -178 1968
1969 471 1497 1560
1643 -1552 -587 706
1557 1044 333 1266
1788 1996 -86 1360
641 1570 794 871
1495 -1 1072 1222
1881 -563 -61 98
2 1594 -700 706
1139 -1601 -586 690
896 1059 560 465
1859 -581 -1026 370
1288 -519 -1619 1647
399 -461 -1015 1249
1406 -1546 -1430 1529
492 1322 1115 1883
1127 955 -156 1070
1823 -283 1498 1837
1785 1339 411 8
1708 -139 -1445 1652
1751 -1259 -1756 471
985 -1797 446 317
696 1933 -429 310
187 -464 1568 1621
432 1352 -1719 2
87 889 -1101 601
1604 -1077 249 1497
641 -913 -378 1319
1482 -807 -1005 1944
239 43 -1164 26
853 1801 653 1307
661 386 -1936 1568
780 -1309 1808 288
330 -948 1738 375
1731 1619 -42 1828
1393 -27 -1492 795
1551 -1880 976 1363
1311 -1712 -29 1560
358 1427 -415 1498
283 40 -1036 461
171 1243 792 1384
200 -689 1727 1638
1381 -392 789 599
1148 1035 515 928
1176 553 1305 695
59 -1101 205 1112
473 1401 -1386 1155
859 -1672 28 299
958 1921 -766 136
609 82 -860 1686
1738 821 930 1092
1554 -1335 1154 918
884 1318 -105 1892
738 163 -484 1976
1600 -127 1260 1332
583 -1997 -1376 1386
515 696 1403 930
758 529 -516 1463
643 1633 1505 1402
1379 1361 1754 414
372 218 1538 1050
1860 -1146 -498 554
570 1868 -1224 495
62 -570 334 842
956 719 653 1845
1638 -846 275 906
1439 -337 -566 985
1936 -823 397 1111
1142 -218 786 346
1010 1700 755 62
1656 1235 994 1986
641 1808 179 1500
137 1823 1334 113
1681 1133 1358 158
206 -562 384 226
952 1029 766 529
1740 -406 -1956 354
75 1137 -1798 1314
25 -1387 1063 656
30 1247 335 1262
1864 506 732 566
1735 1400 1766 931
1632 619 1741 1156
1723 -1508 1476 812
933 1902 1302 133
1631 98 29 232
1164 1693 1075 230
919 290 1475 1171
59 627 863 181
953 1549 946 1401
1654 1775 1026 895
298 -1060 -439 1177
754 1688 257 800
1950 -1182 -494 47
68 1788 -1902 86
731 -691 1906 1480
1137 1621 -1018 269
1014 1976 314 1841
1566 1855 403 1523
1843 335 -1050 231
577 1650 196 1941
1913 -1253 423 1351
14 676 -311 1295
1882 1656 560 1822
410 -89 -114 1342
1678 365 623 1706
1739 -1749 806 241
968 1436 1814 1510
1012 -563 730 866
942 -356 -43 1809
1868 702 1113 737
133 -467 -1553 470
1175 566 -265 793
241 -1917 1112 1044
986 802 -621 215
1545 -1792 -326 1079
1578 236 -1515 1369
431 1932 -379 603
1997 -953 -1440 188
43 -961 -465 1871
1270 -1802 1897 588
1920 433 -327 1135
1068 -356 1572 983
196 198 1733 1544
1620 1919 -1077 106
268 -399 -919 503
65 1657 -241 1601
1308 -856 -927 1834
409 1876 807 889
1210 992 178 748
514 1150 851 1633
1483 -309 1467 955
784 -537 1515 1427
1795 1203 1273 1765
1496 1358 1314 111
744 1334 922 5
1488 205 1265 1952
399 -87 -1473 954
1067 -1624 238 419
1389 1668 -1904 879
672 1680 1716 694
518 950 -1207 1155
1651 407 -1092 118
1152 1996 -1151 162
1097 547 -336 815
848 369 1956 89
1992 1185 -1699 1999
1082 1855 1270 1973
1731 -746 -360 354
660 -1054 1198 1827
1281 -1262 1615 22
1699 -1523 181 928
1238 -129 926 1688
283 1635 249 425
1175 1298 1373 724
898 -189 -344 908
1306 -441 246 168
1437 527 -474 628
82 -480 209 560
753 1582 -690 1519
1798 -1790 -1274 538
498 1532 154 827
714 -1687 -1101 530
982 -44 315 947
755 566 -1310 1526
1298 -1337 -1386 182
1687 -62 -1067 1267
426 -1653 814 720
1529 -808 -1132 149
1044 589 -995 638
128 -203 154 762
933 -1960 -739 1085
752 1333 -1240 206
802 489 -35 1642
1454 955 -1320 1679
1615 -74 -442 546
1456 1536 -360 1673
1058 -803 -344 1474
889 -1601 699 1675
