2000
17 143 1190 639
909 -491 -1279 573
798 814 -127 1744
309 1397 -1071 1978
1418 244 -1075 1237
708 963 1872 1518
978 -752 1900 1348
501 1502 -1715 782
1219 748 1661 1634
726 1160 -1576 399
219 -1347 -706 1204
372 1728 -194 1350
1606 -1893 1251 1774
1836 1315 1597 569
1458 -1892 77 22
890 -361 -1208 411
1643 406 -1117 1
429 878 -1011 1331
798 -513 -1636 67
304 -1141 -856 230
856 -286 950 1555
1521 1015 1637 1607
1063 -963 1207 803
189 274 -1721 1596
1975 -344 1847 1339
1296 820 1936 219
1190 552 -555 1118
505 -931 -695 520
671 -1198 1791 1442
547 -177 1474 1784
1986 1810 -1011 1132
732 170 726 1921
1001 -1596 -640 1344
257 -1905 -394 774
339 742 1822 1252
975 225 947 686
844 -21 1300 1133
1155 808 1476 1885
1937 691 766 1935
9 -81 222 632
624 -1782 -492 817
928 -263 1346 1141
1637 -556 -552 741
1603 414 2000 1063
1022 -1568 -595 1795
1392 1326 1181 1221
1590 601 1942 878
1811 1879 -18 851
700 1814 118 1900
27 -1691 1216 326
413 1347 215 1954
1891 1746 1816 564
1397 -694 19 932
570 -302 180 192
1969 -1281 1228 264
1291 1724 -1896 129
542 -653 -1496 1251
1380 164 360 267
746 1710 1371 906
577 -44 -1900 707
1953 549 942 849
1025 657 -865 431
624 -198 611 1966
655 -1902 -1076 1315
101 1369 1299 406
1402 -443 -1899 1523
1468 -409 -1251 61
1037 1096 -1509 534
402 686 1478 1257
1110 -1230 -492 993
501 778 -1631 239
705 -219 -450 679
545 1261 1555 227
29 1118 713 1743
979 -151 194 1195
837 -366 -392 429
569 -547 -1633 172
1288 1725 754 70
1295 380 -1700 842
193 896 242 719
898 -930 170 1404
781 -1984 -1853 925
880 920 -319 213
1707 -1391 -951 6
197 -545 1986 154
23 1405 -1007 1726
542 1899 1022 1778
829 -161 1107 1754
1689 108 572 1152
11 544 -1189 1215
114 -1134 -222 1369
622 -760 -1704 387
390 -188 -56 1924
1331 -1203 1546 1945
723 1057 -809 1364
407 -159 -99 1944
645 1625 -1819 1279
1926 611 -734 468
1385 -590 -1564 745
158 1648 364 723
828 1671 1186 1001
1437 1250 1890 1928
12 1372 -1393 1122
1886 -717 753 1466
1286 1095 338 1113
686 699 -1722 1773
1829 1753 -1249 5
1340 -1792 -229 934
88 1374 1699 1321
883 -558 825 202
1851 -1082 1419 587
18 -1264 689 1871
1660 -819 -1410 1727
724 -84 -1873 1960
487 -1633 -1575 1531
1351 1672 1900 92
1417 -905 -1936 628
184 -1463 -1669 559
1888 1087 -1635 911
531 1156 -789 1383
744 1475 332 496
1399 -986 1807 871
1630 928 -1440 925
1615 1766 -737 390
1071 1042 -1108 1403
1801 1762 -332 696
1193 1138 1747 1134
882 611 -105 1986
536 -1111 1703 1836
1847 -1171 -1711 873
1466 -512 -1912 698
1348 1423 820 1859
187 -775 -344 1549
1848 -658 1972 1844
280 590 -1552 393
190 467 -931 193
222 1163 -1631 1844
1460 1735 -1374 159
1243 -1268 1601 18
1527 419 1958 323
1915 450 -1343 842
1347 -375 1606 1123
1820 -679 -1673 911
1239 1909 -1151 178
250 1813 633 791
1150 -24 1390 1223
690 -1765 -788 1670
1142 -1937 204 183
1985 658 -1772 658
508 -1348 -123 1621
1781 -11 -1176 192
1453 -1190 -1082 872
1882 1918 -926 1252
1542 -1670 -631 115
350 -1159 -945 1221
756 230 -190 557
1149 1212 -636 518
435 -761 -22 1738
1556 812 -1764 444
881 736 1743 1696
352 -627 514 1518
347 480 -1147 1746
911 4 -1670 719
1102 -1417 -1707 743
1453 760 -1818 37
1990 -194 -896 1459
1528 -161 1070 1700
1586 -889 -147 987
779 -1049 -1802 1026
413 1756 -1686 1301
1461 -1296 -1336 1972
933 -708 978 132
1891 1171 -1664 383
711 -1645 -1710 1199
1601 -861 794 1431
992 114 1916 330
140 697 -351 226
157 1135 -1133 394
1585 -1898 1225 165
986 -105 787 1797
1294 -1532 1583 36
357 -1808 -549 399
479 1590 -890 1381
1724 -1973 -519 1708
577 -721 878 1821
649 1239 -1536 563
1858 965 -1110 240
988 -1170 43 873
1118 1376 -618 901
769 33 -243 305
1346 506 -180 638
532 -1947 -597 1458
1772 490 -639 419
915 -18 -871 815
88 1382 -1006 743
843 -866 -760 1184
915 926 167 1920
745 -1868 -650 279
123 -648 -1945 771
1018 1053 -1223 922
236 1166 634 1861
1835 -1540 1085 1103
1379 1231 1443 1786
1832 -431 -1530 346
1518 1145 -1587 1752
159 639 -1845 32
1881 1909 -1041 691
1165 984 -1323 230
1057 1948 867 641
639 1237 311 1137
708 1041 -1363 1703
18 -387 1016 791
206 -114 -946 314
1922 -425 -553 764
124 -1117 -1707 1710
206 1562 -91 1797
1180 44 1799 1689
1153 625 1740 695
954 -873 1926 1024
201 1618 941 1736
1187 -1139 1264 503
1011 -1945 1979 1052
789 -1189 -1072 549
1163 -635 -27 1751
1916 -1144 729 1852
800 -1772 -1186 1856
85 -926 511 1588
1165 -1413 -627 172
894 306 -1492 16
768 726 561 238
1379 1469 228 470
1830 1906 1630 797
129 1348 417 1387
1724 1256 -1383 797
277 215 1915 467
1423 -193 -1302 35
1917 146 442 804
123 -1695 181 1364
1574 -1274 -1372 563
718 -1880 -205 1686
1739 1670 -205 165
1270 815 -9 1901
763 -776 231 1726
1870 -968 1352 989
674 -1772 -860 964
19 743 1082 734
1262 613 728 1051
1092 221 -1538 1330
1771 963 -1575 1626
604 -1172 -1863 927
662 428 1347 1636
474 1603 -1721 1163
1133 154 598 78
393 787 1892 1882
363 -1547 -743 1151
1751 -1588 989 1409
1216 -991 -483 986
1472 1764 1278 1046
374 -1470 -1192 1605
1027 1369 -468 1612
812 622 -970 628
523 -1634 12 1770
222 -1681 993 1501
1174 -375 -1265 1956
138 -1783 -1059 965
98 1254 -44 495
412 855 -77 609
1545 1486 77 768
1889 65 25 1989
91 1688 -1716 1597
998 886 341 1959
1604 1309 -1293 922
1561 -1044 1317 1580
800 766 1496 684
390 -680 629 169
77 666 -716 248
1067 1717 1724 1794
200 -597 -1288 915
995 1494 23 1149
238 -872 52 163
926 609 -1387 1550
1244 -459 39 1275
838 -1675 -898 171
174 -1531 -1507 1698
570 -1534 -946 601
323 928 790 1037
598 -1148 -1831 1645
1878 -1205 1090 1007
679 689 366 1851
1973 1000 -1052 1007
1547 1048 -1555 1769
221 -1872 -49 1520
1598 742 -52 652
1114 -326 -804 1865
526 -890 8 841
379 -1345 -715 367
406 1008 495 1876
1467 -901 337 1221
1990 1182 1967 19
1064 -58 1039 850
616 1320 -544 1050
703 -97 376 137
987 -1941 1335 495
1117 -1696 -840 1057
315 1712 1273 407
990 -534 969 1407
1669 29 738 1399
897 -1784 1701 1270
167 1987 1046 356
1233 -1037 -1377 1453
1741 309 256 1362
540 1604 -232 1559
820 -649 -536 262
159 -94 261 1051
250 1477 -384 791
151 -1241 952 1134
843 1713 1358 840
944 355 275 1027
1381 -1587 -1811 1375
1049 -1488 -1532 1601
259 -1872 -1455 705
541 -1349 -1864 812
564 -651 1654 1746
1418 -1754 1322 1273
229 1063 -1708 1752
1357 1217 -685 1581
1793 1657 137 200
755 -1000 -1962 445
23 494 1912 806
88 315 1751 319
1220 -650 -586 1448
1675 1832 -1798 471
1907 -1487 1333 259
39 214 -235 778
963 194 614 1132
1338 691 989 541
1345 1299 -903 439
1681 -238 983 134
1240 -1817 -1721 282
377 1652 -1348 1832
199 -1391 484 217
14 420 -507 1690
1275 -1040 1607 955
1534 886 -294 464
255 -537 271 1139
1319 315 1238 479
194 -772 1501 967
932 -1385 191 1421
256 -217 1319 363
1874 1376 1033 1854
183 -791 -283 965
80 1857 -1806 1302
739 1796 457 1050
1578 1183 112 829
113 -202 1087 335
444 262 -311 869
1983 592 1992 1288
4 11 -709 452
1481 -220 1004 763
463 1937 -807 1248
1660 1174 -329 765
1114 -723 -735 1917
182 1560 1285 1186
1025 -695 -226 1904
1427 377 -1730 896
643 -1863 1213 1326
896 1040 -1830 1548
219 1272 1305 637
1306 -1829 1104 778
103 -1273 -408 1249
1791 475 391 816
84 -509 -1702 1134
156 -240 1455 483
863 -102 322 1212
1676 -901 1621 776
1621 452 1609 1517
206 -1567 1259 915
834 -389 -1413 1895
1390 1867 417 42
932 -895 -824 16
1242 -553 1514 1682
1944 -1201 -1368 220
30 795 1530 1935
1515 -768 -1601 880
1447 1799 -400 855
330 -1319 1776 66
1746 -185 1678 1039
674 -379 1768 1413
637 -1952 1782 1388
15 1019 -1137 1568
1268 -1162 -621 242
495 1052 1663 1351
501 -308 -1200 407
1695 -1430 248 255
1500 -802 -391 1088
1964 1224 221 893
1942 -1840 501 417
291 1435 1141 135
1328 46 1910 48
1856 1784 -1190 897
1080 995 -864 1202
162 731 1166 1264
1658 -953 -1256 283
692 1269 -1137 425
708 753 1081 209
1140 1717 -680 1713
514 -1155 -1304 1385
911 980 756 206
865 -1772 -1092 1896
401 -1154 1118 1011
1278 -1527 -1111 1458
937 157 1501 1543
775 -371 -934 1869
1570 -1243 1186 607
1368 999 959 461
1914 -1167 -1731 782
895 -1701 173 1209
1758 1387 -1411 1675
1447 717 -864 484
1835 568 1632 1593
1215 -566 -737 180
1710 -204 1592 1279
660 193 -1833 1917
1875 -726 1294 674
610 247 -66 981
1225 -1340 716 293
1590 815 392 1089
1995 -1303 -901 1359
13 -196 1134 438
1047 -1413 1486 211
1141 -207 -320 568
842 -995 1444 1112
1402 -800 1662 1501
1584 1827 171 819
1209 184 -1928 522
968 780 1423 1415
1088 1908 1734 1555
1005 -1283 1667 1595
619 1534 952 958
1373 -829 437 1762
1048 -713 -1217 272
69 -293 679 1588
18 -1173 -1650 1934
626 -1850 1125 1667
1272 128 -1882 1756
688 -436 6 117
1767 1600 1717 1408
1182 863 -917 880
1194 -262 686 254
871 1657 -813 1432
976 -1939 -85 1101
1641 -887 305 1602
438 1078 385 64
593 592 643 435
807 -682 1464 1308
1516 1598 1864 176
1394 -503 -894 280
1894 936 -806 1775
756 -567 -1816 1335
253 295 971 1172
600 1987 287 1439
1983 1184 -1154 1604
1117 955 1425 372
439 -993 -584 548
400 221 1928 60
531 1799 -1433 1914
1180 -1086 -399 1340
1103 1625 1869 1769
1088 -1321 -325 1433
1466 -26 1213 776
1929 -1672 652 951
1759 -497 -311 1243
130 264 15 1692
940 625 -545 1848
1306 930 -223 413
1262 1717 1238 1378
1198 -1274 254 1327
1730 -116 102 112
809 1610 1743 1910
1189 -1404 -1461 1654
1098 726 -1186 600
931 1500 1620 937
605 -1782 1677 1945
1627 141 1530 1726
752 -1416 1204 735
744 -288 290 1818
1903 -739 -1245 607
1816 -538 800 1155
631 938 1935 1582
1911 -724 249 557
1638 1621 -1055 1648
1892 1905 -1832 813
648 -141 172 1836
155 -1044 -1806 1288
938 -1136 -73 660
1064 1436 -1218 36
1370 -137 58 1952
1817 -278 1733 1317
1140 -1024 -1234 803
1275 1843 1805 1776
69 1312 -226 595
955 1256 494 1706
554 824 806 1541
693 -1172 1166 856
1937 1721 1073 1277
792 -804 23 1552
1446 902 1298 1265
575 842 -925 693
1863 -496 -1209 726
1320 1106 1681 766
256 385 1606 1280
1968 -1644 -1114 1503
1774 -602 -26 1269
1828 -849 -2 814
1583 1167 -999 1770
704 -1562 1110 1166
1406 -1831 591 851
1507 -1836 -1620 1990
955 -1359 312 727
1176 -1272 853 538
528 -895 570 921
1389 56 -969 703
1388 -895 421 334
15 555 352 1418
475 -1976 -380 1212
1450 -251 -445 785
1515 -1725 -1546 329
109 -413 -847 264
407 -1182 -152 55
99 186 -1078 1092
527 -224 171 942
1115 527 968 1402
173 -455 1821 1601
1520 -397 1720 639
1904 -1067 -69 1478
415 1781 1055 1737
580 -1311 -1967 1313
1879 1765 1548 1836
1974 879 199 24
308 -1603 -1397 1837
1204 -505 -300 576
498 -423 1175 641
1226 -1591 1723 1214
479 -428 -61 1117
1350 1094 1464 1046
1080 1068 1180 135
1988 -232 1678 958
1338 -512 -1798 2
1297 -417 -1474 1083
914 -498 221 1493
138 1518 769 370
188 1526 -1543 789
1277 1509 -1000 647
1574 1818 -1088 1877
1302 -1767 1632 208
541 914 -516 1980
242 1421 -1669 1841
1902 722 -1778 1677
1743 1173 -922 1025
54 12 1376 1455
1353 487 -1172 1027
1938 932 0 1879
206 292 -302 1260
1998 -5 418 536
985 -952 1783 163
1049 647 -1721 569
1353 -1236 726 459
270 974 1090 1038
555 -255 336 1082
1003 414 1452 1676
43 -638 -10 644
1340 -1458 1405 984
102 -1614 -356 1807
1888 -561 1788 1991
809 -132 1093 1872
658 -530 595 527
338 -929 -795 1964
257 934 791 1284
1565 -1977 1883 1911
552 1612 1529 1227
103 465 700 1143
772 -1800 -1058 617
430 980 580 1553
1540 -1378 122 1299
94 -1978 -1363 1497
1012 667 344 463
164 -1781 -1620 357
928 1821 1647 1809
734 1505 -437 506
1734 1899 542 1374
1272 1458 1643 125
115 -768 -823 443
655 -818 375 1138
1076 -973 61 1614
689 -1503 298 1423
454 1407 -1724 426
586 -869 -232 1225
133 -1426 345 966
487 -760 -118 1940
640 -986 1860 598
6 1436 -782 198
1314 -778 482 528
35 -952 1188 36
473 607 1970 1703
491 1095 1094 1970
1330 -206 -258 962
1131 250 950 614
297 1777 -1290 245
1137 -385 1406 389
669 -524 -1901 101
778 -6 31 820
329 317 1347 519
1137 1424 -1736 1175
763 -327 137 833
69 -1230 632 1476
320 264 538 38
866 1993 340 368
1461 1280 -1427 717
1926 -603 -1262 671
1575 402 -1602 730
877 -1214 583 263
370 696 877 1235
20 -950 1150 509
709 525 -1585 683
633 -395 -1182 1541
1867 -1513 -839 873
456 -150 1982 1350
402 -711 -1699 1777
286 892 -10 851
1910 -270 -157 1560
265 111 -612 1889
790 -1505 -967 227
628 -5 -1511 182
61 1828 -387 1256
1951 -677 -820 1015
1978 -614 835 106
1044 -1084 -327 1017
1752 -1613 1347 688
1602 1643 -557 945
1397 -1379 91 1022
1909 213 -1464 851
957 -99 -323 122
1067 1354 -644 1220
1999 1098 -1382 471
832 -155 1510 971
1046 968 543 1676
1505 -1905 -45 1371
1809 -59 1617 1053
523 -692 -1217 1962
1195 -1794 458 47
1324 -1063 1788 717
1 1779 -1655 1703
1184 -784 -40 648
1218 -506 -107 1947
725 1357 -1267 1025
1194 -759 1822 1615
1895 -1129 1119 1901
821 473 484 1656
1715 1243 1930 1440
273 111 -462 1435
1894 -973 981 960
1243 -1734 -1127 1981
1310 -157 376 1202
1904 1819 958 132
471 736 -1072 1403
829 -1921 1290 1828
719 -1706 1045 1295
1614 417 -589 626
465 18 93 116
610 324 392 3
1085 1791 -437 1375
1188 1710 1024 492
1021 1201 208 404
1602 885 -941 1331
1616 1831 -1457 1145
361 -650 1195 1964
1522 835 11 1411
149 -535 -465 940
1840 1667 1618 118
1765 -296 306 1960
1768 119 1193 1608
1508 -1073 1871 1813
1942 -1163 188 1950
368 1284 -354 921
1432 -18 1245 1133
822 -1966 -618 1160
1145 -336 -529 1401
835 457 -1559 119
1192 1481 -1346 1864
660 1124 175 811
242 -1621 0 735
1397 -961 -192 793
483 1992 1054 1986
1220 925 -1927 1975
1272 -1125 114 1543
94 1161 453 1017
862 -53 1256 707
976 -1578 -531 132
675 626 -93 1067
391 -1798 405 1117
915 -1128 615 227
16 1784 -1422 1145
987 1431 -1504 1985
1799 -535 325 1934
473 1367 549 969
1034 611 298 1648
137 -1880 -471 1234
1670 418 -1435 1780
1080 99 -17 271
1480 -1926 -1115 303
420 1303 -26 1973
1069 -1417 -653 1911
1353 -566 1688 1739
97 -553 1546 127
1556 44 614 932
243 1569 -317 958
515 1536 538 758
286 1804 474 344
1554 1814 1033 1829
1824 1718 1799 1266
1406 819 -1208 1272
1382 -129 1080 386
133 1493 -1425 370
1917 -818 1927 187
1667 1054 -1731 1496
1137 471 -1601 196
1253 1359 -1726 593
1569 -1282 1269 1041
921 -690 -452 1216
232 -1241 1898 1432
299 -438 -137 394
756 -1692 -570 956
1880 -789 -1625 438
1522 767 415 804
1710 530 913 711
990 -430 1074 292
1497 -936 -1430 1587
695 1176 -1200 209
1910 -1700 -1051 1358
1736 296 1000 1104
867 -1548 1422 1295
831 1822 -1672 1191
203 -345 -1905 633
1177 -1179 -1305 1689
462 491 -1818 817
883 546 -1916 285
1318 13 785 1790
474 173 1638 1079
18 -479 -1475 1107
1066 -807 -1399 349
414 -830 1827 1494
1761 -1468 1984 546
552 -1710 -1685 1867
1884 -1590 465 397
1260 -583 140 120
680 1337 1745 1426
759 -733 -97 514
226 -1463 -974 38
55 703 -509 1838
327 1003 1014 174
1608 -872 1965 1504
579 -1373 904 1744
791 250 1233 78
980 -1054 -1532 639
801 1687 1523 29
1255 167 134 802
884 -1565 -1923 385
249 1708 1664 1773
1676 -1618 -1046 784
295 1607 -1290 1398
1159 -912 -813 703
1118 -1212 1444 1600
993 1248 1005 131
266 1613 -1153 818
1991 -666 -158 1328
1353 -395 -1007 608
1959 -897 238 140
1096 -747 668 79
1932 1710 1465 267
900 -544 -1833 101
198 -574 -1700 1444
250 193 -250 1413
223 798 -621 1946
390 1924 -1364 1158
1670 583 -1258 1794
743 1017 -914 636
1127 557 -1153 1539
1160 500 66 1148
1007 405 -61 1056
567 -466 1193 299
764 1352 1258 767
1153 1617 664 1279
858 462 -903 1748
1859 1844 1645 1436
55 -256 -288 1558
969 1390 1481 1911
1551 -219 759 1800
673 -691 1239 1845
511 1089 -1907 623
1273 430 402 1451
468 -1345 1795 1586
172 1156 -1657 607
540 -1626 1008 1860
951 1562 -521 965
1155 -423 -1387 586
1209 -1125 1605 1746
1527 -42 -391 1755
1053 1471 -46 235
739 -372 -1718 106
466 333 1233 1717
1702 -1280 -1139 1677
307 1772 876 630
621 -1678 -1523 969
1902 657 -1576 1954
68 994 280 1330
1840 -976 994 1918
1128 -1881 -236 382
1621 -347 -1775 1695
278 -443 -512 33
108 1037 -519 1034
1452 803 430 802
1744 1457 1106 1893
1654 -100 1679 1460
447 1077 -1698 676
1409 -16 -1851 1357
1990 574 1753 12
1835 -996 -787 497
1874 1736 1403 2
1648 1709 1369 838
111 912 323 1419
861 1344 834 305
1692 -604 1364 461
128 165 1174 1991
1700 -1412 -1390 668
293 1936 349 1020
805 1374 -929 1869
185 724 -476 1766
1884 121 -810 1525
602 397 -1669 986
998 -559 -595 1642
580 1539 -78 1452
271 1761 86 15
1684 1114 -96 115
710 -670 624 43
1544 553 34 1969
326 578 0 738
1356 900 813 430
1597 1506 282 1849
317 -1187 -374 1757
488 1298 -594 1638
441 451 1061 980
595 -1532 -426 733
1004 -453 -394 1768
1869 -1465 -1741 1858
371 -95 497 493
1665 -711 1517 1692
636 590 -1023 1945
1053 367 403 272
499 715 1523 1329
542 -1963 365 1697
677 -1296 335 73
913 1588 318 1414
1968 469 760 1096
627 -1439 618 675
784 297 -582 144
176 1286 1594 1949
962 756 -1105 1129
823 176 405 889
724 708 -1919 1462
1875 318 -1092 1853
1202 -865 -807 397
562 -1477 1180 1772
89 1602 1528 307
1265 -143 1791 1693
1110 461 1784 204
1868 371 1683 1972
1511 -1955 -529 1550
978 384 1302 1655
105 37 -576 462
126 -594 564 1577
871 1715 1997 1745
1982 1966 396 785
544 410 -233 1627
1215 -23 -1650 1523
1504 1160 193 178
1774 -1692 -1 1844
1365 1183 -1644 1274
23 -543 1220 537
475 -242 -1522 74
969 -1591 1634 1928
1023 1291 -1140 1797
1903 -828 -1026 1381
815 -1413 -1704 1904
1511 1306 1565 4
790 862 1253 1314
750 -617 1781 461
1828 1387 1836 926
385 1567 -1208 1538
83 -503 1785 1802
1708 752 7 697
642 -1875 -159 922
254 -234 -546 1608
589 -1812 -1546 356
1170 471 1717 995
50 1878 -32 1453
1238 227 1776 1967
1805 -254 94 202
55 1134 -665 1250
1355 -578 1082 1103
1362 999 1707 223
345 699 -1920 658
659 -1129 1679 1949
853 -319 1099 1464
1033 -346 -163 176
1099 -190 -1302 85
239 -1171 -440 653
697 -996 -1157 1920
35 -1782 354 1625
458 -97 -1311 187
1250 1283 -1817 1210
1102 400 1695 1982
1672 1630 1997 884
319 -771 962 188
1364 -744 1169 780
812 -873 -1917 1979
961 184 637 1367
1889 -96 -1547 992
1437 1793 -1003 730
1755 -1560 156 1567
389 -1098 627 59
680 1172 -1247 1502
998 -526 -346 366
4 787 -287 1506
365 -1102 -1335 520
141 1729 16 351
1142 -843 -144 94
975 -1925 -590 268
991 -573 -989 1365
1543 497 -1454 812
1190 1962 1837 1571
2 -852 1471 1780
1334 855 -391 1452
1710 -55 1235 1194
700 489 -1122 1733
1335 668 1681 531
967 -27 -843 707
1450 1637 -1097 1108
1074 1305 -1438 1195
1877 994 1028 577
1836 21 -1727 691
660 -1680 1816 721
1552 877 -204 687
1972 1789 -855 1094
1596 947 -416 772
1619 930 -1822 56
924 -805 974 1543
1357 1818 1511 618
607 943 -1306 269
1472 1143 -75 1010
1696 -1173 -887 1756
1319 -155 -656 341
1230 -1542 -563 664
1201 -506 1998 1495
1812 -1340 -593 678
1707 -933 283 1358
1120 232 346 1307
1968 -1042 1250 159
1822 452 1939 1117
447 1738 -545 174
1533 435 1555 319
165 1901 -62 1681
1320 -1915 1571 1304
477 -1157 1787 877
413 1806 -722 236
1238 111 -539 455
521 1309 330 1488
45 -1843 874 1155
905 -132 1412 650
893 867 -365 647
618 914 -1478 894
1909 314 824 903
1705 1556 -1354 1632
482 -925 239 890
258 -871 1482 1640
255 -1786 -613 883
595 -765 -502 88
1787 -51 -1666 1847
1961 1210 1323 38
882 -1038 1370 269
97 952 490 952
1106 931 -864 1736
1432 571 -1972 1570
471 481 -145 574
170 -918 1691 441
1774 -355 -1151 1156
1925 1815 -1723 1794
1477 885 1062 1982
407 522 762 51
1736 -554 -439 674
1018 -1220 64 735
1908 1338 418 388
1982 830 -1927 1677
1127 223 -1576 1467
1519 376 -1895 689
1389 1255 84 1946
1641 -109 1033 1761
211 909 -428 1847
859 -358 1546 1600
518 -772 475 1942
1328 -351 1934 773
1172 -1786 -1215 1085
374 -175 -284 228
26 -1236 -1521 657
473 -885 -1043 1586
1187 -1895 1969 1159
552 342 -583 308
926 1361 1378 1299
255 1868 1564 1184
87 -1856 -981 699
330 -1732 1298 1450
956 1089 -857 372
1975 -1208 -1425 1175
809 -1071 -887 1826
1395 1508 -1548 1868
1227 -1569 -1367 1931
634 1668 -217 398
1327 -1418 1276 1268
59 -1253 -579 83
1011 1863 1595 1986
705 1649 1857 1182
819 -847 39 969
1259 -231 1724 1158
1437 -994 238 1663
180 1324 -1366 1759
109 -860 1865 1512
106 -228 1955 1839
1040 1465 511 1419
953 1614 966 825
1587 431 364 1931
1728 -912 -338 644
724 486 -1305 1598
1146 741 -523 1604
383 -1530 57 1688
1461 502 -662 1822
626 -502 -1540 1759
430 -1065 -1447 584
1657 168 -420 648
1650 -1374 -997 453
865 64 44 1160
430 1453 -1996 1180
615 1631 -1457 947
1566 -1202 1285 1601
1385 1176 -347 399
1985 1441 -1405 873
1555 -1537 833 688
146 49 -172 1017
83 -696 -1358 1613
143 1554 -1228 1175
1796 1905 -1836 57
85 1248 1702 23
1382 -158 996 554
560 333 -69 1918
163 -810 55 1540
1247 1322 878 737
1274 697 1278 1773
381 195 1603 1733
695 -558 1474 1866
216 1781 -715 1744
1335 -1102 1582 1152
1485 -131 -1212 182
136 -107 1614 1779
1817 467 -764 1932
1574 1559 -1187 313
1417 621 -1183 1079
1358 -156 -353 1703
1113 -819 -347 268
1774 1166 1369 1233
1767 917 -1078 385
1442 -8 -1845 957
544 1336 1923 1690
552 -1938 -717 1168
1137 23 -230 1020
1611 -676 -485 782
791 548 -1069 1420
1930 -463 -939 1918
95 -1375 1279 1792
226 1844 250 19
53 -272 -1695 731
830 -445 -623 1698
1591 833 -180 756
1293 -730 860 145
1458 1186 837 1263
140 1129 839 437
995 -1152 -1321 1937
102 -190 701 163
1783 -1747 -255 1248
619 -1590 -1335 1904
43 1283 -901 1135
1029 -1529 -91 928
331 1766 -114 885
1043 -936 260 1705
469 -836 -1266 1126
1361 -1461 1230 1375
1462 1852 -479 376
1196 1855 1515 1096
1819 807 -449 1390
1585 -572 1783 297
945 38 -1228 895
1694 1206 -836 551
692 1868 -1021 271
384 53 1957 486
1427 -1228 228 1427
66 -544 -1462 1980
873 -1147 -254 736
1715 1153 198 238
1716 1830 472 779
384 -1496 1180 1201
1041 76 -1483 346
1396 1580 24 1705
124 359 475 1793
318 1772 1957 380
100 -1461 427 1525
1963 -520 -155 1150
164 -1085 1283 891
758 413 482 389
906 1560 1616 681
1550 1989 -894 1846
1379 -843 365 99
1231 -416 -1078 1478
60 -1581 -1134 1133
535 1227 -1837 633
258 941 -1333 575
1266 -1904 -1233 149
161 1326 692 779
653 1309 -1188 1967
199 830 -1957 599
1254 -981 -1912 1612
1905 -1496 -31 809
809 -1649 -892 544
412 616 -1188 1765
899 622 299 17
69 -1164 966 1520
209 -1410 -612 131
777 -1240 -640 1071
113 1895 -1822 349
1380 960 -745 1384
591 -515 576 386
324 1922 1007 1471
969 1998 1484 727
183 379 330 57
459 1453 294 1891
167 -1799 -1971 443
1586 -966 1850 1801
36 893 -1835 426
1996 1683 -1409 1839
1066 769 1893 156
1428 1572 -755 1465
1861 926 -676 1876
122 94 1790 1373
1427 -961 -1860 1657
1896 -123 1400 816
513 540 -604 175
1101 428 -1514 1159
1244 162 -775 748
645 -1065 1026 438
481 -1638 248 1027
1326 1378 -621 1987
1021 1233 1245 939
339 -1487 -1334 1667
1804 1580 1111 1016
1492 -1549 -19 155
652 -92 -1950 1023
939 -111 -1168 671
1066 -1542 -673 950
423 -877 538 1909
1891 -993 1629 1808
1572 -686 54 1665
1476 -1580 -944 1204
1535 -692 1399 233
1993 -1509 1295 790
886 -1547 -859 1090
1760 -1056 1677 1627
1829 1729 -1530 401
231 -1132 1144 1992
1066 625 -1272 58
1289 -1695 -696 1523
1745 -1652 1139 1779
1267 54 -671 1632
71 -919 -19 49
1220 1707 1068 1188
1689 -286 102 1241
712 76 -1561 1412
789 597 63 175
811 -113 1016 341
999 1239 1784 921
155 1744 -1006 1165
876 -1684 968 1179
85 -1146 48 896
802 -236 -1211 428
1974 -1951 51 35
165 -1436 1044 1231
1770 437 -1178 331
691 -1374 -1004 617
912 1491 947 1038
1255 475 -143 177
1091 1387 267 495
1120 -1320 -1080 1130
1713 282 1304 693
1451 -444 -22 1593
1927 774 1453 868
1460 -268 1531 1925
866 -1516 1889 385
1848 501 660 1697
46 1864 285 1186
692 -981 1877 547
378 -374 1764 1994
1526 -1255 1500 1200
609 1486 -1819 800
1098 1651 554 940
1345 1846 -1962 872
1005 169 862 957
503 -1820 -1106 1079
1453 187 245 40
1520 -37 1891 83
1622 -365 -1975 737
1864 1272 668 1999
853 -1235 790 478
286 500 -540 898
984 -859 1903 852
1101 -332 -1293 640
1019 617 -260 1576
595 913 1164 959
1083 -995 -989 1182
1405 64 1838 386
758 -1084 1388 1980
951 -1263 1310 1424
1144 1881 -143 1446
464 1544 -659 1389
1982 -782 1374 1491
51 50 774 702
646 292 -1155 1606
1278 -1772 1579 24
1100 1196 885 357
1982 1418 1792 1008
1309 -920 125 436
592 -381 405 1100
102 -188 -289 905
1569 -1541 1252 1072
565 408 -1119 1113
61 -1604 1550 1089
1895 7 -1175 521
1219 842 -1431 36
679 601 589 1869
1822 -853 -1253 1951
1652 -1713 -1324 1675
1932 1027 548 246
155 136 -1883 1576
426 603 -20 526
695 -1981 -1818 1720
996 -119 1292 1884
919 326 -1102 1057
1305 887 1547 1957
1207 -792 -302 88
1380 34 158 1662
69 1230 -588 689
627 -291 -1981 1373
1149 -360 1095 659
355 649 -1696 470
1372 613 -1620 1600
337 1800 -964 1806
1280 -516 385 1408
1929 624 1392 666
964 1696 661 502
26 -1624 -531 1152
24 -1026 846 1048
47 -1659 -1346 436
982 1245 504 443
38 1411 1728 171
1277 -277 -129 1539
1820 1683 -152 1626
921 -883 190 23
1870 -1981 117 1926
232 1336 1825 1929
680 894 -678 1189
358 -1404 -1669 1153
841 675 958 698
560 1646 -935 338
1932 -1413 1973 588
1619 5 1149 1730
1327 32 1628 1200
701 -1052 828 390
47 1229 -1283 1321
1322 -376 1547 1298
793 1381 -1384 109
1528 1945 869 1020
505 347 384 1234
1635 1224 -1809 1129
1422 1991 192 780
216 -246 906 1837
1187 1881 -989 176
1060 -1830 156 1214
1494 119 336 1604
1765 -878 653 1905
1748 -1016 478 219
519 1132 260 971
841 -307 -442 812
520 -1964 168 864
1268 440 -1641 1979
1299 -248 -1119 534
1760 80 -467 1485
1384 -1180 918 786
27 -389 1387 296
945 -849 -1205 104
1778 -1733 298 15
429 151 419 1694
66 193 -60 1689
1912 1671 -1465 441
1432 -43 930 74
1775 724 -1695 45
1280 1265 -556 1143
576 1370 -1539 816
1833 773 1610 1318
919 -1624 1171 1431
542 1599 -995 1690
130 -1265 -126 407
1757 -1839 1913 1274
940 1323 -1602 452
1714 319 1718 666
916 -66 -1400 548
988 -1075 -1196 1455
1191 -77 390 1052
1222 387 1656 1439
721 -873 622 896
1439 -664 -885 1101
1567 101 -1336 1078
1938 99 -1963 1488
30 1760 410 1075
1949 -1565 -422 1484
1084 714 -165 508
733 -1563 1478 1270
1365 -595 -606 837
1310 -776 -1592 804
342 1473 -1822 564
655 -1111 -882 1497
45 421 -1436 781
187 -579 -181 956
6 1820 -1925 135
1584 -1521 -540 689
430 1331 1291 1077
1211 -720 1854 1277
1347 872 69 1580
936 -1609 -469 198
161 327 -267 1603
1414 -466 -97 560
901 -1369 1958 797
1504 1645 -61 1743
1853 -231 -1536 176
1205 -219 -162 1898
309 -926 1603 592
1312 -1318 1940 1254
970 1221 1234 115
1294 -1673 -1626 758
1850 558 -69 1502
1966 -182 -1329 1857
417 -1408 35 870
604 1812 -709 699
524 -1679 589 1759
1252 -7 -455 1257
809 -900 -610 1343
852 -791 -126 1344
1444 1287 1401 1835
889 373 812 54
1498 1244 1766 408
1952 617 1026 798
649 -527 217 746
38 -1472 -1403 799
1501 -171 524 1831
631 -439 1859 93
339 1598 -1891 1427
273 721 907 445
345 -664 -1352 1973
1698 552 -905 1909
1050 488 -180 175
661 1280 -408 841
1862 -1658 -252 969
1063 -1129 -1364 1326
1031 -758 -1847 1911
1415 -443 1960 9
1404 1103 1273 77
1216 826 -970 1039
1841 -976 -690 1888
977 1205 469 725
900 -1850 -104 679
1605 344 1014 385
1905 -583 -850 1269
202 -160 805 7
1461 -1657 -1171 1920
1741 1667 1022 636
430 -1456 -298 1373
826 897 1761 22
1288 -1817 84 1680
96 -1424 552 600
1456 1149 337 223
202 638 1669 713
867 -1572 1410 367
1734 1105 1219 29
463 -1230 476 1508
65 74 222 1529
1600 731 -632 1556
1064 920 875 2
372 -1728 -633 820
951 402 234 1822
1063 1514 -1809 824
861 1348 -905 625
1702 35 1668 1815
917 -1376 527 927
719 996 373 1796
1981 -595 -1984 1024
1389 172 -258 692
770 1842 -407 694
1488 1128 -557 1710
1808 634 -994 24
18 -267 -1161 805
262 342 848 585
1730 -1113 264 1390
1871 -941 402 848
620 -1350 -1043 1184
442 661 -1877 497
1581 529 -1387 926
450 906 184 962
1283 -1610 748 1326
628 -1049 449 966
90 -664 963 1844
511 -1161 7 612
800 1637 -347 1095
783 1123 -229 544
689 1350 1834 1593
528 1249 -20 543
1690 1732 -1730 194
432 -810 -1013 375
1784 1009 1606 725
108 -903 172 1771
1177 -1595 -456 1993
897 -1339 -1826 1058
1033 1014 1643 1008
1067 -1851 -1747 944
454 737 1400 1618
553 148 -227 1946
715 1014 1263 610
1286 1819 -30 646
439 -1783 1247 134
400 1325 -1342 1159
503 -1818 319 50
372 942 -1140 516
839 31 527 749
783 -1057 -856 1793
4 -24 -1704 1402
1230 1640 -1979 1123
811 1546 924 654
797 -1093 -1669 400
1626 -933 64 1344
1514 -1953 188 1547
1965 1807 647 1443
547 -849 -186 1931
145 -398 -720 1181
770 117 398 1508
772 350 -1309 114
39 1354 -1009 875
1810 -472 1767 1448
702 972 -1429 886
408 -1937 1723 916
1347 1044 657 1400
996 -1610 1907 1243
1108 1877 -1778 552
1970 1451 1183 353
239 873 992 1914
1327 912 -563 988
1662 1248 1152 1940
1481 1533 -803 193
1905 -984 91 297
1612 65 -276 852
1588 1897 258 1520
789 1118 -1622 635
467 -1958 -40 172
34 1160 -1996 1739
1516 -1342 1178 1605
1919 -370 1726 825
1324 369 -840 1885
1705 -1153 399 345
512 -987 -1935 778
350 773 -1239 337
1381 -894 338 1730
826 208 714 822
1591 -1295 875 1369
842 -1722 -1244 1756
1253 293 1127 1188
1196 -323 195 201
1130 -1160 -1826 968
796 -1562 1522 1186
1588 -320 1611 1051
935 1458 -1399 1099
416 659 -404 496
43 -1468 939 90
458 -1620 -982 318
1124 1882 1685 452
49 237 1637 601
943 1964 1002 894
752 96 1264 743
906 -431 -1311 924
1237 -118 -954 1995
1409 -851 712 1364
1213 -1820 895 1932
593 1466 1072 891
1349 664 -1139 142
344 -695 907 1397
1770 100 558 1734
753 -750 1053 152
328 840 -228 41
396 1835 -1047 889
157 -1341 541 1517
355 671 682 1356
1431 -1170 -424 1941
837 -785 1140 760
1425 1337 484 1544
78 1302 736 768
840 -1811 -957 938
1164 -1026 0 1689
1339 1664 1380 1553
1675 -1518 1518 1193
101 -605 -951 1008
1416 1309 901 949
1477 804 -152 1742
193 -882 -1900 1522
1430 448 416 1487
81 1318 -1884 677
118 -408 -1694 1608
1768 -343 -412 1954
1745 628 1009 1198
1904 1243 1351 654
1078 1909 1461 583
1880 1633 183 528
1488 -732 1271 407
1596 -1714 1773 123
413 -648 1024 163
1130 -1103 -164 277
1819 1782 1594 160
958 -350 490 1763
244 1098 887 1555
245 -191 1100 953
1528 -133 -130 818
1292 -1213 1071 1709
3 78 -297 1456
1585 533 -647 1268
1201 1143 618 1140
1136 110 -1426 1714
1264 -559 1811 354
167 1450 1190 317
1037 -1890 -38 160
961 -186 -1374 170
453 431 892 945
734 -699 -911 1806
453 -1478 21 332
1496 -1404 -1366 1485
1289 209 -1847 1941
1374 256 615 1821
112 -1631 1989 1905
1292 1300 970 1027
101 650 1675 1910
1103 -194 -1890 291
1974 297 1859 983
1237 -705 1220 1763
432 727 -206 283
1850 -1290 -1763 728
1983 -65 -281 182
924 604 779 1510
1234 1244 1077 1485
119 407 1521 1940
1764 -1814 1381 1478
984 -1107 235 1524
35 1170 606 4
1756 -723 -1313 126
604 798 -185 558
65 370 1525 1397
1068 -1001 -165 1992
1075 550 1429 1711
1007 1015 642 775
847 -1358 -1639 1473
836 -1111 1575 1025
1603 644 -1828 239
1206 1389 1184 1577
1851 -921 1498 1023
483 36 1841 582
116 -754 1056 54
1928 -231 -1323 1468
620 1740 1965 1513
1634 1159 -1724 576
1391 454 1794 1580
1726 -508 -1818 744
1195 1057 -796 1365
1400 99 -1598 1511
1163 -1625 952 152
1230 1070 -1524 788
142 -1556 1981 1468
653 -1669 -1100 1507
145 1339 100 1508
1858 -184 -311 970
927 201 1247 1926
1690 652 368 188
23 -235 776 294
1265 1133 1017 1040
742 73 -1993 122
1942 1625 -254 1626
359 220 1236 951
1380 -1950 -846 127
1369 701 1036 1281
1513 1981 617 1716
1913 1503 947 399
434 -1727 1407 1822
338 -1175 1041 1540
1292 1727 529 355
387 302 1706 1429
883 1711 938 151
953 1058 1794 185
853 337 -803 143
479 585 1274 1939
1920 -891 -1178 224
516 1683 -1928 1000
1359 -83 -457 1392
100 1170 229 607
1951 -900 1382 1714
1645 1368 36 299
1039 -1718 613 1789
1179 1472 438 370
43 1074 -279 1317
1707 -1991 1283 1848
1775 311 1198 1680
315 1623 1764 1748
1625 585 -1851 1
71 102 149 1113
1510 -312 -1497 143
476 -39 -1809 1564
1219 -1241 1660 1278
1208 1560 1538 1700
1500 -1341 -1257 515
775 1935 -1503 244
1440 1578 417 51
1174 1343 -1619 706
266 -1303 -1439 1124
130 590 -1172 1970
152 431 954 937
1097 555 182 1706
983 1667 -1409 1321
392 -511 -1658 1823
932 -216 1845 648
1850 1675 162 102
1948 -1253 -1854 1820
382 -1702 -673 627
411 1828 -301 744
512 -224 -1846 636
959 -1221 51 1635
1710 -231 748 1718
149 1766 -944 209
484 1641 636 1717
1050 1647 -1404 151
1663 1373 246 319
1611 1477 1719 1466
716 -412 -403 73
1749 -20 62 256
9 -613 931 1112
1476 -214 -1861 1277
146 412 -1177 960
1494 1129 -1445 502
437 1674 -1892 1735
1432 1479 156 1840
1150 65 -502 1585
1559 902 1225 800
266 1088 -1401 677
512 906 -393 1788
1750 -1684 638 1254
1663 1110 -610 439
192 1718 1163 1913
1539 -1709 -370 264
1380 -1281 -1049 325
775 289 1474 1108
256 -1021 -899 1485
1353 1655 1062 1566
928 728 397 1383
486 -1824 -84 668
577 457 -1306 855
410 131 -1866 836
672 -1578 627 356
1412 571 -1558 314
1675 961 974 1329
991 59 409 35
110 1306 797 1971
185 -384 1125 885
583 1881 -71 1329
1231 455 1418 787
465 1702 -657 46
510 -119 1757 180
428 -1195 -1765 1647
1283 -514 -796 844
178 -1694 1932 27
666 -1475 1636 32
530 -770 1592 869
850 -1550 -641 758
392 1732 1784 595
1110 612 -348 1217
145 -165 -1716 1002
1492 -8 -605 424
891 908 -485 446
1561 296 702 1087
370 927 848 661
1313 -1609 637 1419
883 489 1297 1412
939 -135 154 482
1660 1618 956 1007
1154 -968 786 791
937 1760 -1923 1996
1332 -167 343 1937
1336 -120 1329 1712
926 -712 98 1156
1572 -825 1706 1247
1901 763 -1378 134
972 -536 651 768
749 -949 24 1658
1181 1275 1549 885
1021 -595 605 1031
1922 -2000 1746 1974
872 -974 1535 1840
442 -1314 1869 870
556 1177 -170 1788
146 -1627 -20 379
486 -949 -83 32
646 -1496 310 10
1123 -1230 -354 831
643 -854 1139 888
1279 -1428 -1156 1504
246 -1673 1378 857
1176 -1520 -103 1111
445 1377 -714 1810
1596 -1957 -393 809
596 497 1199 1210
310 -1235 1973 203
888 1527 1733 1412
532 -297 766 418
1159 -1077 -1917 438
1538 1543 -1634 548
988 -1502 -476 325
1087 1179 990 1173
1735 784 -787 1957
1702 -1613 -1765 1466
1234 9 -461 1196
1717 1599 73 1832
716 -1576 -635 1727
1481 1138 -1096 1141
738 700 -313 1282
1407 -36 -43 660
415 -1516 -381 1500
1860 -952 -826 700
306 -1520 123 1951
324 1959 890 1345
1912 -1089 650 1075
126 -1306 712 425
172 -1591 1221 923
413 -516 -1287 839
557 616 -1735 365
351 -74 1102 962
1111 1982 -1994 1102
689 -1796 700 110
88 952 1590 50
911 -453 905 800
860 -205 953 1951
728 -51 485 1933
1760 1343 582 218
727 -503 -1192 1931
1090 183 764 456
1514 458 -1516 1213
702 -642 -1541 1261
1390 -198 1515 1146
1457 -1251 -1400 1519
1920 -1263 -1918 438
1256 -1292 -220 210
1260 311 42 1287
1233 217 -526 1341
1281 -112 1804 432
40 -1037 1769 1747
170 -1344 1363 88
731 -1436 -964 1209
1413 -346 -358 115
774 -1680 -1566 1574
511 -1190 1138 166
1366 732 -1243 845
1621 496 1182 1814
169 -1833 -1445 1092
19 1445 1796 1625
1450 -1023 1652 959
1048 -1633 -406 1731
41 1654 501 1604
255 -27 1984 1177
1216 1195 -1333 968
1126 -1844 697 560
478 1507 24 1168
202 1283 573 1757
1807 395 -783 32
1608 -763 175 1510
529 -346 -321 142
716 301 -1342 1439
255 -672 1771 1999
276 -996 -1327 1484
41 -1122 742 1175
1054 747 1820 597
169 1965 654 173
549 1045 -1462 1148
510 -1266 1829 307
1094 424 -1132 888
1620 710 -510 1169
720 -385 -748 572
1192 989 -1157 394
287 1028 1047 1567
1576 -1564 814 500
1663 -1229 1322 1382
624 -703 -1814 388
1806 -332 572 340
1502 -1873 1873 1742
1321 362 -932 1423
1086 -1086 1586 680
1485 854 1684 1933
1517 933 1285 1191
1271 -1549 -1221 1842
1272 340 1894 1968
1107 15 -10 1907
1901 -1892 -1611 935
1391 1235 -350 1206
1128 721 1017 1202
72 1186 -694 462
982 -1709 1178 1141
1131 -771 -1657 1330
821 -233 -1012 1014
1109 487 -400 1590
673 178 -1294 1130
1827 201 963 159
1176 -1228 -723 454
1649 -1220 -1293 1235
1301 -1837 1294 814
798 1561 1229 1078
119 -1263 624 1497
1061 1321 1993 1084
75 -552 -1827 1561
772 1163 -360 844
1549 1719 -1333 422
135 846 774 75
426 -1462 215 131
621 1323 2000 1900
735 1378 -13 86
1601 396 -1249 1126
1594 595 1145 1620
850 -1359 -56 60
1255 -1565 -1087 1201
1355 -1428 188 1782
1635 1514 1163 355
1930 326 951 54
1964 -1270 969 671
1403 -1100 -1138 1698
1966 414 482 1401
1661 202 1636 224
550 -588 1765 199
763 -1067 -1689 324
674 -853 -1879 1982
1843 -1293 925 1683
1566 -958 1531 963
1746 339 1343 1570
999 718 1275 442
245 -1832 -327 471
1547 113 1189 1641
1577 -1964 -500 1445
470 1936 19 1924
1914 -120 1737 1635
53 357 1148 1522
1047 545 1487 1557
1382 297 -104 1286
1051 -916 1556 1184
1797 -735 -134 998
404 -617 -60 58
1967 -542 1283 1254
175 1638 1875 727
1378 -846 -470 476
1273 1517 1692 1067
601 -1514 1880 845
1550 77 1984 350
1924 1041 1741 1742
396 52 -1746 1506
877 -859 116 3
1040 1669 -1355 445
659 1986 293 1170
311 -1715 1846 549
1667 -1479 1510 975
1038 347 -1406 1790
600 1372 18 737
1378 -1020 -1660 573
1857 534 -257 363
335 -1723 -987 1223
826 -250 1845 1683
628 1361 435 578
1169 536 -238 1309
924 784 -725 1010
1042 -1964 596 1535
1157 1874 186 1211
890 869 1790 382
267 37 1037 309
1703 1011 -1297 1119
1997 -224 -1750 1362
36 -1268 -1639 870
230 -182 -654 584
1857 -992 1719 329
1941 -1268 1389 1469
152 1202 -328 253
693 1330 667 1909
72 -1832 286 1158
1524 -1865 -1360 469
1565 1604 -1697 490
510 -618 1564 1139
1893 -1862 836 590
722 1010 -1204 1138
1548 1021 1257 1767
507 1931 1972 553
543 -1444 -861 793
408 63 -314 1756
1899 1637 -849 1466
852 846 654 784
1342 -1131 531 943
813 1465 -480 474
1092 -1062 -1459 716
927 -879 113 768
1067 1471 -1622 151
1417 1597 129 710
1999 -10 877 1525
1414 1513 1076 1153
989 1214 1144 602
1092 -580 -1891 310
1010 -87 -1685 924
464 -232 -1326 554
1116 -620 136 656
583 -433 -1388 1667
1031 -1367 -471 1899
1254 -30 -1597 980
289 1840 -881 1985
1689 1301 -1636 1076
1141 -466 -550 216
671 -1090 -208 1656
387 -13 -721 1220
1651 -102 904 915
1397 99 806 124
1251 -1254 478 1004
1002 207 -869 1363
348 964 -1430 1510
1950 -1576 1120 447
410 1006 -569 568
126 -1710 867 788
156 -1995 -1008 919
1928 580 1380 744
525 -1422 -14 1494
1176 1725 607 64
1035 1048 -662 1580
60 1394 -1939 1649
1331 1272 -1613 236
1247 55 -1002 1087
242 -50 -1306 1981
288 -1853 -1750 448
1093 -358 -1375 1556
1164 52 685 169
632 1173 -1142 1380
1471 936 -1840 1022
1033 650 -16 1892
1558 1068 1858 1573
1125 645 1729 1799
574 958 147 163
9 1607 -1947 388
1541 201 -1416 540
1490 -185 235 1904
167 -1581 -1086 1239
1965 -1609 -1249 1198
1281 11 -1986 199
902 1135 -154 933
401 -1781 659 289
1243 -1489 1769 73
1747 -1352 200 1084
201 -842 -61 959
1924 167 -187 1947
1005 -508 -366 1164
66 1899 1821 1475
1620 1091 -1411 197
1961 571 -156 1163
1306 -1152 -1409 816
1990 1229 278 1222
1614 -249 -1015 529
215 669 -1489 314
1883 -1480 1839 621
264 1339 -162 363
319 -1162 428 1529
