2000
1035 -582 -827 1846
365 -655 962 1003
392 1573 1988 678
1964 1656 -871 418
890 377 -497 955
569 -1420 -773 691
804 -1748 1578 737
1721 801 -1526 1325
700 1068 1014 661
338 1893 443 460
7 -968 -1919 645
696 -1782 -806 1868
473 357 1326 765
369 -1260 1538 1659
1193 1419 1226 1115
1233 -357 -239 582
827 1209 -393 1819
1086 -1698 -250 1834
932 -1267 -795 1562
1916 -424 1042 1860
1657 1179 656 389
545 962 1499 480
366 1848 -407 1754
1681 213 -1432 796
202 1294 454 1237
81 1019 -228 229
1761 -1693 1947 1747
1079 -1705 -999 904
343 168 203 1970
119 331 704 1986
1091 -1256 -70 1390
775 1847 1550 368
1256 -1717 -1876 757
1068 1015 -529 1742
1868 1989 -1278 546
585 -125 -1343 1003
773 1252 774 772
229 933 691 1458
22 -177 1245 312
1733 -729 684 1441
1461 1849 1689 506
381 -440 -1205 1444
168 -1145 1884 727
755 640 135 1178
258 -1331 -1243 1036
59 927 1729 1662
473 -1888 -6 615
1754 976 -1036 1455
210 892 446 1252
294 67 1183 856
1730 185 -677 1776
868 905 1055 1991
1742 145 -281 361
247 426 -298 1208
1195 473 1794 1771
1319 -330 -389 1402
590 -902 -138 691
1142 -1852 215 920
780 -865 -928 863
668 431 -1282 1152
1225 -1948 12 891
1947 -496 -720 1999
1788 76 1115 276
938 -930 -1474 130
361 463 1040 1880
478 -1259 1067 310
900 -777 -341 243
139 1602 -77 615
740 708 673 434
1926 357 1323 1092
1341 630 -656 179
1973 -1313 -511 1992
1779 -1093 -1912 1298
525 1359 972 1425
1852 42 35 1964
577 1331 -538 316
830 165 -1005 1135
1609 -654 -1239 662
1996 1615 1410 1222
791 -568 -132 171
1469 742 -1431 1729
1059 1235 -1868 297
1588 803 132 1354
1631 -1119 -1561 1997
1911 696 -691 992
1970 -763 301 628
939 -1419 922 992
1217 475 1000 1451
1781 600 126 1365
352 367 1591 1327
1306 -583 -1951 878
1780 1111 -932 444
1727 -1525 -9 1351
1059 -234 1968 801
1289 922 1718 1166
577 -1081 -1320 1657
733 -991 1773 1887
1268 -733 -122 402
336 1178 -1280 759
1728 493 77 1320
647 1169 -1367 1300
763 424 1395 1882
1975 1124 217 97
1529 1806 1006 115
181 1788 1130 1630
1280 -1561 -650 914
1605 -1232 -1120 277
1412 965 -593 1842
1806 -670 -416 1125
1050 1416 1323 1297
1444 656 -1773 570
1976 756 657 1083
1595 -1525 -1515 370
1427 -626 810 943
42 -1700 -1412 169
351 -1258 1552 1240
676 1884 1883 940
49 -1951 -175 485
416 -96 1999 1496
767 -1208 774 849
625 -557 -1743 379
509 -731 120 554
1981 -1954 -1054 1937
1633 706 -1612 1196
1674 1564 112 168
1839 1731 1188 726
1851 1157 -713 1308
1852 1121 -550 1683
902 999 -845 1258
703 328 -1608 113
1536 -713 55 1535
730 131 -623 1981
1646 -160 1785 297
500 1708 -105 900
261 -1205 841 1940
1313 -1898 -926 435
442 1221 -1069 222
231 183 477 1238
66 1264 -1700 1330
1515 1345 1726 1596
354 456 -1639 1888
544 1104 -342 1472
1935 -726 -259 1042
782 -1468 112 1104
542 -1949 -992 247
535 -847 -1149 857
980 672 -874 1899
178 -1993 1748 167
1893 1270 -446 1387
612 -1695 -441 713
200 423 42 1813
1153 679 -268 1402
369 -1004 1116 229
1646 1895 104 1208
20 103 1331 73
1025 135 -214 688
264 -1180 21 1612
367 -1793 132 975
1312 -641 954 813
268 1356 -167 1954
547 -139 -862 681
1613 795 1019 1445
292 -914 -1386 1772
440 -1902 -560 102
1674 181 1677 1747
801 -573 714 242
1224 -1826 1354 75
493 273 -816 1222
628 1156 897 210
1619 -1917 -886 815
979 1594 350 596
309 -1504 1684 938
507 -368 -694 1918
938 -1244 -755 3
1215 1744 -1319 1998
1783 -770 -1532 1864
1365 1238 1958 880
816 1915 -1472 278
1538 -381 805 1345
1482 336 1384 1514
1579 -1777 208 63
363 -447 82 1345
133 -1124 1692 630
1943 -1191 682 823
228 -1401 -196 771
884 -1321 -169 555
863 151 1729 1812
134 625 -1251 920
1226 -1451 1374 229
1843 -149 -1846 1052
122 -1374 -826 1491
15 1506 -960 676
692 1259 -390 1548
1839 675 446 1613
1500 1282 -456 1740
1433 794 381 1523
361 861 -1093 560
1266 734 1988 1845
238 -1989 -41 390
1454 -1619 -413 910
882 950 -866 458
530 759 1655 908
1160 -956 297 137
1092 -1359 1355 124
1655 -170 -238 1505
1272 -1224 585 1002
1378 1113 -355 1006
1380 -336 -114 1157
959 1476 1525 1229
1676 454 396 1368
260 729 -340 1340
981 -1184 -362 1681
1236 -662 -320 838
246 -1476 1117 621
1973 -1351 1014 699
1073 -920 1940 1545
1388 -1399 1847 1349
1965 970 1666 386
798 -1134 -548 675
718 -1550 171 1076
1200 44 -323 289
218 4 -1044 285
967 -67 340 701
1798 154 1730 874
1720 -579 -1671 1603
294 -1750 1434 1832
1096 -64 -1205 688
127 898 -1508 484
1212 -558 352 130
390 1632 -99 1915
329 -764 -1900 453
1762 -937 1471 409
532 -322 -1360 758
517 -384 1247 1292
241 28 1804 114
134 -1016 1831 17
1847 921 320 1575
1082 -487 1665 1429
634 -1696 -1377 481
1077 1528 -1743 1973
174 -96 -1448 1726
796 242 503 158
138 -766 69 1114
69 -1617 1546 1548
49 -1441 1576 1106
1012 1774 -141 1357
394 -335 882 612
431 1170 621 430
1512 -354 -163 1771
26 -1956 63 412
465 1017 562 791
1995 328 532 964
1339 1574 93 370
6 76 1692 322
1465 1961 -898 1627
865 -87 1122 629
1473 -252 -1970 1070
768 1623 698 520
1512 1069 -353 520
1800 -1088 607 1961
451 1806 -1316 839
527 -1258 607 981
1383 1033 739 1863
474 1282 -1898 777
1929 -895 1615 1222
109 -1566 1198 1425
46 253 -942 1056
1613 1134 -1028 1467
1323 1625 7 1234
1008 -594 -1609 949
821 -267 -1275 153
1306 -1207 580 90
1777 -1625 1969 3
177 -1082 -461 1159
932 -539 1599 1916
1193 1156 -1572 267
1026 -1631 626 482
167 1996 -713 193
1362 -469 -1560 1216
1617 279 -1301 1528
1240 531 -1360 1125
540 -981 -226 203
1848 1878 831 446
492 849 -696 568
1209 743 1635 1559
246 -1584 320 1724
1070 906 -1064 1677
1952 769 -1778 1139
1614 1556 -1973 765
1934 491 -227 332
204 14 -1383 1509
1878 -1665 267 1570
638 1519 426 641
924 -998 542 1923
842 1236 9 1118
1846 -1594 1616 1564
979 -1070 1795 170
1368 -816 724 26
1487 -812 -1639 1121
247 -966 797 1241
1251 1676 702 1920
889 634 511 648
212 -1385 -1828 293
899 -1086 666 1778
344 -487 -1112 1004
1049 937 -1027 1605
1778 -693 -876 1026
1824 1782 644 1070
1512 -751 -1666 1157
382 -1464 141 1626
382 -1321 -1422 625
807 634 628 1813
603 -1518 -1557 1763
673 1803 -1258 1118
755 -1437 1311 745
192 1654 611 496
971 -391 -1966 751
138 1291 -787 665
440 -331 9 1602
531 990 661 1574
1982 1936 -564 1120
289 -880 -1667 1683
1764 -285 -337 901
1336 1020 -1019 943
670 69 470 286
1469 1963 652 1061
192 -141 -1821 889
502 -305 1690 851
305 -709 -531 1074
1543 -982 767 1718
468 -1965 -1244 1014
1382 -495 -1263 795
1392 -1212 -134 771
1463 1889 -1813 1743
136 -914 -1377 1285
1136 -197 990 1198
1538 1969 546 457
1493 1963 -1228 903
1379 1879 -260 1821
1228 1551 1441 1173
785 1109 -1065 1629
1529 1562 1737 1158
1823 -1525 -293 998
1873 799 868 679
579 173 851 214
490 1676 -965 1796
1458 123 -1369 1976
1753 1794 206 636
1937 1390 959 1468
1026 1130 -1016 1578
1429 564 -479 460
1370 540 1673 604
1059 294 -1229 951
1559 -341 1511 543
784 -328 1405 1497
813 1637 1439 944
609 1517 308 112
546 1174 -1934 1675
1595 -153 1394 1896
1882 208 49 1087
1826 1621 365 798
1819 -1643 1854 1495
781 611 1537 1488
569 917 420 1297
144 1550 1779 361
1145 813 926 1354
415 -1699 810 857
369 -1176 -1121 799
1137 -1797 83 1898
1606 -32 108 1724
601 -188 -1399 411
1979 817 -1752 352
1374 -5 -26 1832
1416 -835 -1828 1718
1779 -1321 690 543
271 -1659 -829 124
927 -222 141 1084
1880 -968 -1237 591
165 1199 -1734 412
437 -1348 1501 700
1195 1350 -1856 124
94 56 -589 767
1927 -465 1650 1162
277 160 1517 167
172 -1189 527 770
785 -1181 -1851 1551
80 1568 43 674
695 106 1970 1237
1896 1455 732 837
1899 1258 633 1574
1961 1689 1859 443
1106 -104 1676 1310
424 -246 -706 1150
1138 -1657 379 1036
1034 -1681 -1040 733
1727 -1848 -1620 1899
1876 -502 1223 1716
1871 679 1579 825
523 1366 -1200 656
1718 325 685 291
1508 -1043 -1711 1647
1338 -898 49 486
1395 1131 -554 1213
1663 1438 -1329 1471
1343 -177 -1523 1656
347 127 -797 1594
860 1487 1631 1132
386 694 -1194 757
398 -1623 -1417 1254
857 -754 -1624 1566
236 -63 556 1427
1750 -333 212 672
666 -1550 1829 945
77 108 114 1192
1852 -489 -1778 1628
564 975 1657 21
808 984 350 1809
592 -1477 -452 674
1396 1860 -1843 574
724 1877 -27 1150
787 -52 736 1871
1559 -908 1701 116
1964 1233 485 321
1182 -242 27 1698
882 779 -1783 1058
237 1843 -1100 4
11 1898 -1795 462
666 1327 -1608 1673
1724 1009 161 339
1849 -1765 -1876 1132
1770 -1876 1305 876
1951 -1961 39 428
1002 1103 -315 936
1058 -316 545 164
657 1928 -147 1764
1943 -235 -823 1154
1268 -504 -1080 491
497 1616 765 1170
1768 -513 1907 876
1016 -1712 -1494 1027
1010 593 1374 52
14 126 -842 448
1975 -353 -1244 1790
1211 147 1933 1383
284 -2000 -746 1481
81 1845 -1944 1494
390 1086 677 1010
1447 56 1908 1191
1305 -743 611 852
1586 362 -1778 1290
284 -1604 1269 510
694 616 -181 315
1602 197 1830 1997
1512 805 1808 406
18 829 -1223 1356
1518 1439 -970 1993
1120 938 1438 362
781 128 -877 1633
1696 -1620 -1156 1955
456 -1933 -1223 1675
1096 1543 528 1093
1831 615 1353 356
782 830 1296 700
1324 370 -1901 1096
421 1970 -1665 997
1375 -262 1542 501
1171 610 589 1614
1314 755 1050 937
1406 -1862 -522 99
1196 483 1222 255
1817 812 1421 1873
1538 -1248 126 1652
1642 1161 -554 822
760 28 -56 1079
1414 1112 -550 446
1987 -1834 1271 899
578 1282 1490 1878
1017 629 -809 695
883 198 -681 1115
382 -1174 715 78
1934 -1786 1482 347
1752 208 -1035 566
1224 -1304 -870 243
1643 193 977 796
358 -348 155 990
429 -1799 -650 188
204 -1773 -1838 971
706 -1946 1661 613
1073 1414 -386 134
1200 -343 1277 562
857 -2 -1585 733
1051 1557 -517 1377
1737 -205 -1676 396
904 -1032 252 1407
1333 1444 1318 1504
1261 -516 1048 217
500 -770 -360 438
1839 -965 -1514 1483
889 -1138 -843 1740
1554 1755 1255 1987
1515 -989 665 1342
75 -1344 -1375 1119
429 -1120 -1329 1546
1152 1781 -1114 106
1574 -492 -588 1740
1125 1856 325 850
1433 -767 -1821 1649
560 1101 -1324 1059
412 952 1063 1606
165 1556 -1581 860
388 234 -934 937
217 -1986 -805 1816
1927 1998 1141 470
1267 851 853 1589
1304 1566 1616 827
1877 -729 -327 176
157 1875 1694 516
1238 1058 941 774
59 1714 -734 766
938 1583 -1137 1236
1927 -250 -1965 278
391 -382 1452 390
486 1737 911 1242
1698 1987 979 1259
685 1229 1524 118
1294 606 619 1918
1809 512 501 312
1923 -915 526 1853
1638 -305 -1531 1595
227 -1379 458 565
819 -1770 -498 1823
1669 -1 -1352 770
12 807 -767 654
302 237 -1792 1139
534 1548 -425 871
2 1691 1443 451
645 -1358 -201 886
950 274 487 1056
1072 644 1592 328
1136 159 -1779 1031
1946 -63 906 219
1765 923 1772 645
1738 1461 -264 443
137 1946 -1720 279
179 -1472 -1613 1749
785 -1386 -725 1449
1036 -561 -245 1559
867 -928 -83 1769
1496 -1225 -1767 1821
963 112 -1979 884
685 1513 -690 1685
982 1014 -866 1495
961 -462 1849 90
99 -117 -1031 207
423 603 -1529 875
1308 247 676 1161
805 682 -511 517
1416 219 -1871 1329
352 789 1047 1171
764 -1753 -1054 1205
1197 1448 1854 68
1452 -176 -1073 1250
1553 -1896 -596 373
29 -25 -875 1829
1441 1684 -1655 690
1445 298 -1360 507
66 490 1357 600
264 548 103 1777
73 1072 955 900
876 1349 1731 1059
315 -479 1012 228
1157 999 321 159
61 863 -771 516
377 -277 304 962
323 1347 1828 1889
108 -672 -685 1753
612 754 676 1081
1763 -1407 -163 49
964 -1066 100 919
996 -1893 -856 1430
1447 -978 508 1643
1172 -608 792 407
916 562 -1993 1039
807 441 756 1695
590 -304 -1813 322
1938 -53 309 1500
1436 326 731 1681
1659 -1365 114 171
1361 1185 1093 1975
1286 227 879 1208
324 -1596 -1509 1459
1001 -1175 -1997 722
1640 100 437 1298
472 -183 -1352 916
1539 -629 521 1007
1048 269 -1566 92
698 690 1329 1417
640 841 -1768 1271
1459 -1076 -1159 620
1266 -1715 -1278 770
1153 1679 679 1094
1269 1159 -345 714
58 1418 -1920 147
1405 361 300 1515
1651 -492 1721 1184
1824 1720 163 515
145 808 1890 1195
1971 1393 180 320
313 645 -711 480
426 -1261 -1294 1596
1328 1444 1251 1052
442 -259 1187 1607
890 -1901 1849 1788
1832 1285 -125 1373
62 -1374 -1369 766
1771 -1527 -1583 506
1760 1438 -208 734
693 347 -73 1404
293 -280 928 1834
157 -72 1030 257
769 -821 310 1374
1688 -1605 -1520 435
603 -706 442 679
1098 -1233 419 1074
247 -1458 -444 1683
1448 20 1652 970
1209 -871 519 1661
1928 -533 1899 839
1192 977 -1364 1477
670 902 1376 1303
1671 -1497 -1521 373
976 379 -85 1543
252 1422 -1443 1548
1170 -1565 127 452
781 1964 -1311 726
1258 -1856 -1466 1947
909 817 -1119 321
76 -665 -1339 1849
1170 -1322 474 1880
830 -680 -1475 1130
225 237 1456 619
1476 -1936 -311 1004
1200 249 -1643 1764
1507 -916 695 1404
674 -1580 -1543 274
49 -1073 1015 1159
1197 545 1368 129
1619 -1709 -1430 1050
854 -1159 -1969 1711
1677 846 1972 673
722 -1494 1519 151
1812 1415 -1971 91
1286 59 85 1016
1454 -1171 1319 131
22 1705 -838 367
1711 -62 1187 183
377 4 -1620 344
429 -763 -1142 307
547 -1173 -1163 784
364 -1777 1411 838
793 -621 1317 628
641 346 -1713 1164
239 346 1146 370
1202 58 -1915 1233
604 1591 1055 822
1172 1922 58 99
1988 1236 -94 1149
971 -54 -902 1519
283 -1467 -1242 1157
348 -839 -1900 1298
1656 -583 -113 618
237 1106 1568 1544
718 1768 1161 938
818 -1031 55 1888
84 -1945 123 320
1473 -254 -1569 1541
29 578 97 571
1950 -1969 -79 1077
1535 -1839 -456 1832
591 1943 1023 1933
239 -1503 -509 1859
392 1614 1818 218
1971 -1902 1341 601
286 -1348 63 1544
1358 1440 -312 791
1159 -98 -517 6
630 -1992 847 891
1848 -58 -385 1999
1424 216 1625 1377
1653 -1735 -1098 449
1617 1908 -1146 54
275 -1025 -457 937
1902 123 1647 1944
872 465 -455 1396
844 -1462 772 259
296 -1406 294 62
240 -628 -1401 1652
1145 833 -621 1430
527 392 438 521
63 -1950 870 583
269 1426 1537 1006
208 -1090 -448 1263
1329 330 -734 1392
224 -626 -1164 91
1231 -992 1366 893
1941 -1550 -363 487
860 -1471 -197 1169
1154 366 119 754
1100 17 -238 169
1471 -1692 1166 87
1046 -1354 -1000 1939
1023 1157 -112 197
1645 856 -1222 619
487 -1320 1996 839
1080 -726 -368 1886
1357 -1537 -758 1178
90 -538 1925 1642
1221 -278 -1632 1325
425 1996 1342 650
1173 -1631 -955 1532
539 -429 -806 1406
1201 358 14 195
1155 -152 1361 560
1951 -950 1869 1856
1255 -352 -1646 575
195 15 -1843 160
1932 1207 -1295 968
834 1732 1752 1680
1144 -820 -533 1830
1490 1328 276 1260
590 -499 1099 920
648 -1884 603 1619
1332 91 -480 1802
856 1352 -424 1712
1807 -1114 1649 922
183 -476 1776 97
1156 -1791 -1242 212
1803 107 480 1219
983 -885 -906 325
216 1550 840 1731
1407 -1991 -67 1019
1300 -347 1107 1806
1264 -1327 1184 1297
931 671 -901 368
1423 737 -1253 1831
1867 -975 -803 1927
1361 190 -1733 551
1648 863 1231 1392
730 -1935 -614 272
1623 171 573 1032
817 -596 1070 1742
1430 -1700 -309 1500
1113 -1864 -1924 1631
97 1012 1749 600
249 -1525 -1233 1599
1918 1131 -972 1691
1524 -752 -166 1387
1298 725 642 592
785 1090 1858 640
1648 1470 1572 1973
499 1403 -1966 1660
112 1286 -795 119
721 1495 -800 539
1012 1640 -1326 1059
1326 -958 4 299
1444 1526 -999 277
880 -386 -28 1272
690 -702 897 1884
124 -665 1576 671
1461 1783 -127 947
1687 1113 -1574 653
306 1108 -1150 1240
1751 183 609 272
1405 -1470 932 1080
1279 -331 1629 660
1723 -1805 109 1631
1349 -31 -934 375
514 -1655 516 844
1758 1650 -1993 981
1974 -335 206 1738
1118 1104 -469 43
765 641 -1105 1431
1356 -1826 -1217 1750
939 -1767 -1767 1872
1308 1499 -1872 1860
1702 -745 -1636 674
1587 1789 466 897
802 -1211 1169 1322
326 -1103 -1718 1658
1045 -1220 -768 932
1289 -1929 -265 1709
819 -1366 -196 1295
35 -996 314 374
721 -150 -1403 678
1096 -427 -1453 947
1333 -939 1945 1207
108 310 -1919 1647
1091 -113 1075 478
1334 -1976 212 297
1745 -1392 274 1754
921 -699 61 1966
451 -796 -467 1815
939 -45 -1649 1898
1087 963 1377 1137
1426 1553 -1511 1162
409 730 -807 1414
1441 564 827 1483
1623 1548 16 739
94 101 1111 555
1245 -114 -1193 837
1982 -1844 -273 22
113 -1083 -663 8
1031 -1808 205 1673
535 -55 1796 507
1132 1411 1063 1826
964 1225 1729 969
1683 668 -1855 1293
414 140 1796 288
289 142 -1565 983
1514 -262 -892 1581
203 -1180 -1906 1646
875 -769 -1834 1212
214 1721 1618 30
1737 -439 330 556
1687 1707 1777 996
1030 -758 -1600 840
1650 -1839 237 910
730 -1842 972 1887
1870 -561 1305 1704
1831 -1418 -542 1772
831 -1457 -715 31
1172 604 1971 1692
474 -1163 7 577
294 1591 -298 462
1923 -319 651 458
913 1780 -1857 1950
17 -649 1972 183
250 -1598 1728 344
151 365 370 742
1303 272 320 90
396 1012 -1285 883
1357 1798 -1840 1153
1043 -709 1005 1035
1967 -534 1160 1066
131 -890 1082 1260
613 233 -666 818
1839 -906 -577 1010
641 -1145 1621 37
46 -1961 -64 26
1754 964 -202 450
467 704 921 1714
277 -1530 -1612 708
148 -333 -812 1509
1590 -582 1653 1049
470 1427 1560 851
1187 -1309 1789 941
1038 172 1496 1926
1392 -333 1605 943
1745 -838 462 1165
546 -31 -316 1291
1908 460 -874 868
1679 425 51 125
812 -1878 -856 489
1707 1958 470 883
574 -1128 -1245 808
1900 -1380 -1198 1386
1551 682 298 1630
1958 -1566 159 863
980 -905 -923 1961
175 194 -1765 1150
162 1727 -1243 1989
1659 128 355 1478
1998 -1302 -1759 1023
896 1846 1817 386
1644 -847 637 1332
1650 -400 1518 1808
1715 -1666 -807 1634
1190 -897 -1699 1469
1847 -626 66 613
1778 -769 524 166
940 -1860 -1576 1467
379 409 1405 1959
1497 -1289 826 1072
1317 -1732 -527 1503
1185 -946 -1966 1361
1573 1497 -1060 281
1947 1411 -1538 1340
1329 -18 -170 1795
858 -752 1034 1836
1421 -65 1079 154
1508 453 -258 481
1375 -731 -501 170
1919 1277 -1396 5
571 -931 1025 354
686 -730 399 759
1798 1796 961 797
71 977 1156 323
550 -360 -324 234
31 630 -1001 535
64 -1624 1292 1972
1595 -196 822 574
1464 -956 -1111 1176
896 -1658 950 1591
163 -793 995 1413
1571 521 1868 1631
967 667 1674 343
1593 1527 -800 962
521 -876 22 1898
167 749 -1929 109
1148 -1072 -664 956
802 1243 1413 733
1143 1587 254 1882
255 1557 -452 304
1887 1328 1283 1345
1027 -1389 1997 626
376 797 -1067 238
386 1990 1092 1345
1080 1380 1066 717
963 643 -1427 1736
915 209 792 1132
1306 -672 1986 1062
590 592 -1051 72
1291 -1499 1269 88
687 -1017 -1795 414
1933 -907 -340 1722
891 1937 714 1339
1571 -1881 980 1721
406 18 409 92
1732 670 -823 1426
133 -1223 1521 1293
1315 -314 -345 1891
1838 1512 -1054 1708
1591 -293 -1449 392
629 1108 969 791
19 550 254 542
79 -897 1664 1929
397 -543 1371 1107
755 1762 -1356 95
1466 1609 307 339
1155 -1746 -1700 1624
31 1648 1507 843
662 -1086 -437 447
1138 -1076 -1571 1241
1281 -1283 1910 1938
54 905 -493 1833
1015 715 -181 799
1969 196 -1312 1192
1680 -1387 -15 1856
344 1299 -1271 836
735 482 1927 869
512 1635 -1548 1625
1913 272 -414 106
93 740 80 1124
1348 1154 1000 619
1894 -789 1982 1411
756 129 1537 470
1983 669 1179 1234
1791 -1492 1050 936
1853 -1456 -705 1102
1417 -951 988 1518
501 609 -1055 773
1799 476 1707 53
1467 481 -103 1171
1519 -466 1271 1929
1302 1033 -1790 1669
870 -1390 -1778 921
57 340 -1114 409
880 1277 -746 768
923 918 -1478 955
1362 1716 1941 1308
63 1032 280 1384
466 -211 -38 1770
108 235 -1287 878
404 221 -1338 454
885 1528 1120 585
1070 1125 -67 1951
1120 -1390 1044 550
212 1509 -326 1280
499 836 1924 499
75 -794 94 711
1905 -1653 -1092 1340
1226 645 -1283 1441
1120 -203 -572 1166
1843 744 895 971
21 821 1543 519
77 -1566 -1361 578
1269 1930 -287 274
1804 1737 -38 1426
709 -575 -1058 1247
854 387 -197 682
1498 -134 1684 568
336 -1627 1714 693
1865 -1422 1664 476
493 -334 208 513
359 -618 -1097 215
613 -1228 -1830 1610
1257 1618 259 1063
1258 -1150 -164 431
804 1986 845 280
388 263 -1971 1371
573 1401 338 423
1397 1410 -1143 621
1272 -1732 -1559 1090
1588 6 1888 1920
556 1097 -1156 1076
454 -260 -1766 1106
1917 1394 -250 909
415 -1671 1080 159
1631 1878 1238 39
292 -593 -564 1798
681 1957 -1367 561
1387 1876 47 290
638 1537 1822 1111
1224 1823 165 1330
420 -1174 -321 935
561 -1717 -1781 801
1249 -1298 -1199 189
1642 -137 1928 636
1800 231 -1921 790
249 -1292 1397 1426
1071 -1418 -1375 1695
114 592 -298 559
1340 -1748 1817 1878
955 -1753 -1541 1967
1970 -497 85 1671
744 171 -506 1760
1687 -459 1801 1536
382 627 1337 1151
1360 -735 540 1085
1043 -1939 -1217 1033
594 -1017 1333 843
764 -463 1828 427
1330 -25 1254 1559
109 -1158 -869 1169
853 370 -1499 1567
1691 -1871 -706 1850
1504 -1533 1829 1807
1276 -440 -855 33
1032 1352 -1841 4
1524 772 1528 1444
354 151 1534 1388
680 16 -1454 1920
1827 -1445 -667 1347
1375 1638 -690 785
63 1655 619 1943
1979 1150 -638 550
829 -1754 19 1892
1667 1659 -1566 1786
1841 -1118 248 583
1148 1846 581 715
239 -689 -1739 1373
1482 1033 1734 470
238 1845 -1986 1828
754 -1446 -1722 248
833 172 -1239 1176
1834 1382 1401 237
991 -1348 334 1974
1878 373 -1901 1508
1883 -645 1518 1004
1116 1888 776 1992
603 -547 1412 1862
432 -1885 -924 1479
21 -991 1606 577
1640 1002 108 1694
1292 297 -1194 651
1096 310 518 1450
982 -309 -863 192
1861 326 309 152
1448 -1145 -1853 1966
1141 1150 -1996 1108
759 -1998 1520 1776
605 -1977 -1522 812
1464 -779 -109 1093
657 941 296 1277
1441 306 -1442 922
294 -461 1743 932
1636 -1648 1713 1434
402 -1744 1727 1678
1001 1478 1707 1156
1785 395 -435 535
212 -1490 47 1301
1073 515 -1274 1198
1146 -376 -413 200
1182 1180 892 1822
800 -422 898 1180
790 223 -1272 581
171 660 -53 1486
1693 -1416 497 304
1471 -823 1825 521
376 -564 1091 476
1075 -1463 960 1356
893 555 324 1589
1179 -1878 1968 1284
1617 747 161 777
555 -682 628 396
1224 -751 765 1990
1482 -1224 -258 915
1815 -1382 -1260 1063
1835 -725 1232 54
932 -616 -598 105
341 -1499 -1440 1024
211 -864 -1596 1115
875 -70 1650 176
522 857 1448 441
947 548 1133 1234
317 -43 -526 847
1458 -557 -573 1988
370 1340 -1764 795
1342 128 465 1362
173 1568 -781 298
74 -949 996 1273
1619 1275 1250 1945
1452 1241 -314 231
154 -1631 -607 452
1049 -1643 -1729 1288
1191 -1332 550 362
854 -1123 1995 217
1118 1244 -190 454
1464 1769 1996 1175
1908 1291 -1802 854
404 -1422 633 1008
239 623 -251 695
815 1078 -917 1617
1619 -833 1811 630
158 -1499 -1891 645
934 943 960 464
1590 1488 1317 1387
1628 1449 1311 993
635 -1452 -1383 1375
1803 11 120 567
1252 -894 -77 1615
1847 -1394 1060 1599
389 -303 1369 1207
741 1064 -1505 1958
162 -1077 1556 1076
411 1320 1336 1113
770 -1632 1170 1875
1197 -526 -1349 1061
328 1090 1827 1826
881 1116 831 758
811 494 1904 93
1148 1331 1513 394
702 289 -621 370
1169 -1233 -1324 158
344 -974 1242 925
1400 1667 -53 1215
28 -1081 955 491
35 -1251 -1234 538
704 750 1275 713
442 -606 479 459
970 -1965 671 1557
255 999 -1881 1073
717 -1760 1449 1179
1417 -1171 -477 279
495 1469 -1635 1145
477 -748 -969 1515
1893 495 -99 1419
351 80 420 634
1700 -1545 1395 1070
372 1633 656 1056
529 1006 -1833 1775
1554 531 621 1724
289 1506 -1625 156
285 -42 103 841
777 608 -1736 801
1403 1420 -977 1653
462 -1997 -1466 1692
464 -1091 -112 1069
1605 -730 -1545 1928
178 -782 -1931 926
1634 978 1194 869
677 -554 -1616 725
412 1023 -745 1181
863 -1678 -1317 1550
231 231 869 1007
1908 -306 1359 1096
1639 -281 368 1799
921 1574 -1767 1246
979 -405 -8 994
132 -1493 -597 462
575 1220 -74 846
233 396 325 1637
159 879 1249 1351
14 -306 765 927
601 -1712 -1742 1834
583 -1087 824 187
883 -1558 1688 85
778 1020 -1290 1588
240 1512 -4 1140
1851 115 -1887 1032
7 -764 691 837
1536 -162 1402 500
75 -665 938 1795
1405 1979 -1624 1573
98 269 898 13
664 307 -1584 1895
449 1134 -1621 864
1845 -68 -1674 1257
829 -890 -75 1527
441 -94 669 182
1547 1538 1030 1938
1466 -452 -1101 604
448 396 194 1563
1709 1900 184 840
641 -178 -1346 657
1413 -96 -332 1719
547 -794 -1205 704
426 -134 2000 437
1147 -819 -1264 357
1278 1723 1605 432
462 140 1415 62
1353 -1173 -590 1190
1505 1397 1070 311
13 64 1310 1794
1560 -693 -381 925
17 849 628 1970
714 1624 1349 1310
554 1366 1096 1746
811 -1346 -946 950
1708 461 -817 417
927 -1513 -572 1474
108 -1928 -852 618
1693 137 1797 1007
1504 -1389 -1021 1275
792 1734 -1713 235
1357 -1115 92 129
23 1424 941 1747
406 -1642 -69 457
1005 -738 -911 498
1427 17 1982 16
657 1880 861 279
1894 138 -1632 1458
550 -152 -1631 1807
86 -1858 1411 1982
1410 -1079 -702 1445
1064 -489 -1839 959
155 -782 -1880 1736
1280 -1783 226 483
1108 -1168 1792 1540
1380 473 -1796 1639
1683 -1436 -86 1479
1304 -1305 -1351 1511
1981 1439 -214 1341
769 578 -1745 18
1943 736 -1925 3
1157 -447 1711 627
1606 -1500 -1899 855
1064 606 621 744
927 1101 835 1781
768 -546 1528 1822
1015 -1884 -906 122
1985 1314 1529 1778
483 400 675 1923
1473 -19 851 1632
503 -322 15 1902
964 1107 1152 343
618 831 1823 1815
384 -1930 -611 1602
1984 218 377 284
1481 -1269 1380 31
814 1926 -832 1385
1780 513 407 427
1064 1972 1410 91
999 361 -289 1347
1605 148 -251 1296
439 1987 -1202 547
1320 -1985 -1118 1987
1592 1742 -41 1690
1208 -574 186 1844
799 -1951 1984 883
792 -804 -1841 157
1538 1443 194 1084
1807 -251 135 1005
469 1901 -1216 818
1376 -803 1597 1184
1518 354 -1325 1202
1137 1951 -613 852
657 -393 -1105 88
1479 833 884 1268
515 -1587 -208 674
1176 -1757 634 1200
1418 50 694 1262
1031 -1777 -1012 722
603 -903 -168 679
1818 -1239 491 329
1370 -773 -1199 539
422 853 -1829 1233
1180 1670 -1027 678
336 -1445 714 184
311 1656 -1137 263
1613 -653 12 969
783 -1234 -230 601
1506 681 -106 739
570 1843 1868 186
1716 -1394 -391 531
716 1883 1120 247
1479 58 -1902 1573
331 1281 -1034 29
1746 1101 1875 902
187 976 -170 809
1049 -515 -1057 1859
498 -810 640 1095
993 -1931 -1410 1242
340 1626 -514 357
574 -523 1413 151
1830 1648 981 945
1031 -247 -1345 1735
622 -1665 1603 949
79 996 1202 1560
1681 566 -1176 1
973 -263 -909 198
627 248 285 993
1060 -930 -1010 1327
1305 -914 134 145
1739 1727 1468 478
1385 1796 422 1488
1221 -1170 -1854 1266
1479 1488 -1413 553
1000 -1740 -1028 632
1896 8 1401 970
1546 520 1765 796
515 415 303 1983
734 263 -1464 507
1242 1324 945 1959
570 68 -849 754
436 96 1611 1021
1475 -303 1362 495
390 1788 -1735 480
1470 -565 -1609 14
1491 -861 -468 1499
944 -373 578 268
403 -726 134 1196
1902 -1140 -102 167
761 -1461 -1174 1855
1181 -1133 -1459 123
1946 -404 1604 1891
1714 -1247 -30 5
1772 728 648 1523
290 1808 -657 19
771 -1495 -441 1917
1250 1124 1220 1569
229 105 126 462
950 -651 1279 1340
1062 -642 -798 403
821 764 -1552 1922
507 1311 -1551 1337
1427 1156 312 1855
1434 -1683 -1294 1245
1492 1153 1326 128
376 -1602 -236 1739
1247 1902 1040 1331
1176 -1064 1403 833
71 -974 988 1252
1746 1489 -65 716
1667 -812 1927 432
201 1954 1479 1001
870 -176 -1567 1189
514 1382 15 1669
391 -1420 -1493 222
1395 -1886 556 1212
1641 -761 -61 187
1328 -1434 -682 1308
610 -278 344 1014
622 1663 1480 898
1095 -198 -1390 1614
1764 -1219 -138 507
1582 -1632 -1754 1392
868 618 -1848 1188
1226 -60 -13 1735
773 688 1709 1594
1905 1472 1320 754
955 721 -1092 1705
1736 -539 -1574 829
1452 -184 -1658 336
564 -1929 1797 1478
13 623 1813 1306
1850 717 -721 633
1073 1358 1955 1733
703 -1678 -1427 707
384 -1648 -664 1757
807 -1725 1696 882
492 1822 -1256 897
1321 -400 63 161
1053 -216 27 876
1561 1062 821 1264
1509 -436 148 1293
524 -1362 -1952 1929
731 371 -427 127
1414 1342 1705 155
1348 -927 -1372 2000
494 180 -1968 258
996 676 -1503 556
568 -301 -156 460
1328 272 682 1154
232 1473 1078 1781
1934 -769 -524 1917
421 668 -89 1482
322 -608 419 1196
770 1569 1753 8
946 -939 570 1594
373 -1476 -973 1277
1938 1732 1245 1541
1124 -1456 34 53
1624 -399 -1688 1385
1970 -918 957 1486
1064 -940 183 357
1525 -1093 147 660
488 875 56 1284
386 1197 -1667 1620
764 -969 1281 1604
1103 -255 1563 923
745 1200 -1106 930
1807 1956 1556 1479
1541 -211 1201 1371
1048 1042 -112 1860
1861 881 -1388 1228
1295 -166 -202 1168
957 -1911 701 1521
697 1716 268 519
1650 -486 913 1737
187 -607 -930 1814
970 -144 -911 1983
361 -1164 -1640 1194
329 -1267 269 1937
234 -1064 -1382 481
1764 1211 295 588
770 -1224 -1801 423
530 1928 -1125 460
582 -1115 112 665
1253 -1657 -565 1152
474 575 -1088 469
1972 700 -990 259
1413 746 188 647
1572 -1609 -651 1987
795 1914 -1286 1533
409 -1650 -974 765
1456 -885 1480 706
1496 37 947 622
859 198 872 1445
1799 969 1975 19
1615 -1065 -1812 931
602 -13 195 72
51 1620 -1962 888
1447 827 1179 1819
170 666 649 1361
786 -1586 -512 361
1898 1058 754 1163
721 1496 478 1839
664 -1793 -1552 116
1224 1920 822 1098
794 1890 1624 1448
1884 910 -735 519
1235 -1558 -573 1316
1123 646 807 130
1513 805 -793 758
1970 612 -464 1961
1521 -234 -1005 1530
1613 42 184 1017
1520 -824 -1251 797
1881 1836 -213 687
555 -1686 -590 1117
44 -493 -1015 1704
215 -1682 -927 1830
1370 -297 -1853 1041
1977 -1003 -480 517
281 -431 1346 582
1318 -671 -1733 984
1421 -1413 466 997
642 525 -1081 1771
956 862 1635 1627
852 -302 912 1323
586 1039 -585 1669
480 292 1292 694
700 -1698 1001 1712
1834 1955 1276 1752
104 -1366 1845 1304
217 1450 -547 1550
803 -1906 1751 1804
609 735 1669 134
833 1578 -554 1863
1206 589 367 1996
1991 1665 515 1495
1903 -599 -1840 749
1611 707 -75 777
1663 -1884 1814 39
1825 627 1180 1657
396 -1424 1151 758
1791 1802 -719 1926
204 1076 1616 1063
1097 1455 -1844 1131
482 -650 1397 616
1397 -279 643 1062
1204 1376 337 517
727 578 1155 580
903 -264 -1897 107
20 1681 1261 1218
368 -1285 1537 455
1794 -1000 -113 1709
1765 777 -118 999
1462 1048 1674 1601
985 -314 1021 664
1268 -1905 1348 892
482 1511 -997 1525
321 -226 -1847 1387
981 -1236 527 493
1059 1939 920 59
230 1508 634 812
1486 -271 -279 1065
1868 389 -424 1664
792 -1238 -79 1986
971 -265 769 1205
229 -917 -41 466
664 1675 -147 1208
1899 -1125 718 1591
1912 -1797 -1771 1462
206 1964 -1835 1711
639 -978 -1730 45
1315 575 876 1716
980 -228 -830 1705
992 -1751 653 294
266 346 1342 920
361 -1225 -1591 129
1512 789 -1824 70
1460 1376 623 1393
1505 610 -1982 1184
646 319 -1824 292
1484 234 -711 260
626 -508 -1817 1079
1452 -583 -1764 573
1056 -1396 -209 567
1016 -1572 209 651
1986 -231 -941 1233
1539 1386 426 1176
127 -1218 415 337
1587 -1743 -1758 179
1548 1208 -1412 1718
1853 -1808 -779 936
365 1495 532 1419
1942 -1581 1671 453
776 1436 1536 526
1251 810 1968 1685
785 -216 -1917 924
1722 -421 1653 743
477 -21 606 338
318 -1503 -260 1784
946 1189 97 908
1109 -365 1620 676
1204 1966 -1905 1720
195 252 1561 1640
297 -1173 268 52
575 -325 74 673
1989 1704 -313 283
685 834 15 685
1902 -1004 -120 1818
338 1128 -392 168
1080 164 51 1472
1779 297 885 1152
776 71 1892 57
676 1934 1654 320
1141 -384 -1536 545
1580 949 -1558 391
897 -644 451 422
1022 794 1972 210
51 -803 -1009 917
1777 1393 -686 1325
479 94 -843 1867
505 117 1380 197
1259 1511 227 1284
394 -1700 210 1495
187 665 -413 719
1386 938 -1261 1313
1061 390 -1344 1239
959 -891 -1587 703
413 1137 -1035 10
1372 -668 -246 302
665 590 847 773
167 1952 1921 972
109 997 586 181
245 1894 -1387 5
543 584 1130 1014
1132 -18 -414 1510
1315 1840 -215 1559
111 1880 -1538 13
126 1266 659 1907
1636 74 -49 1686
1238 -427 222 344
960 -509 978 878
1664 1092 -213 83
1080 -244 104 531
1407 1212 829 385
1633 1747 -1534 1745
267 -1220 1810 1710
1392 -548 -1503 166
678 911 1067 937
57 71 -1719 749
1768 -1101 417 621
1299 992 728 117
1603 228 1705 904
1266 -29 1346 1754
1950 -379 98 807
347 1915 1523 1178
670 -1107 -632 1702
1618 -235 -1251 1201
1047 1764 168 1492
1086 -667 -1023 1692
654 757 -627 1852
482 239 -1530 1049
1289 -1356 437 700
437 -523 -1357 948
1485 -1045 -765 1521
1914 -626 -406 138
1501 1032 1634 392
600 1764 -1248 1769
81 841 1736 238
1474 -1751 1832 877
1019 -763 -1988 751
207 -1877 -1952 1283
546 1490 618 1690
1026 1681 -738 1433
299 -1877 729 586
401 379 -603 635
154 9 945 973
801 522 -524 470
133 -1523 -1071 1312
279 1148 -1538 1560
656 1260 1953 335
1656 45 -1898 1628
560 1604 -551 41
297 448 1991 786
1419 -217 -1763 1497
159 -1531 191 1716
645 756 114 397
1391 -1329 301 49
660 -1104 1547 898
686 783 -695 885
300 -771 1938 165
97 -1407 -1551 382
675 444 -1671 1202
61 -1096 -32 648
1997 838 -45 824
1495 1521 466 208
176 160 719 1602
963 840 -299 1588
1504 1069 -1944 654
1224 1063 290 943
1906 1437 1236 505
458 -1116 -1703 1473
956 621 328 832
1773 -1644 1073 1332
1491 787 -504 1519
72 529 1241 1207
1019 -562 160 1397
1582 696 -1282 1814
553 62 -1333 1021
1542 -1146 321 1775
1411 -374 1228 1301
1715 262 -655 382
1421 1515 -379 1354
587 510 509 1984
93 -702 -961 1369
1300 868 -1319 1858
1815 422 1041 414
1665 -1390 -1926 1138
1680 1690 -246 1144
1384 1588 881 620
1982 -75 1613 1458
478 6 -834 1518
1958 -13 871 1498
376 -1321 41 244
1116 1 -1315 1693
683 -775 -1278 475
1045 -1486 -1073 1687
796 469 1804 864
1511 -1358 -243 1607
464 712 -42 1505
854 1398 1403 312
1980 -606 289 1770
1704 -1285 -398 1000
1589 -1164 802 1688
1697 -626 -645 1588
1824 1636 304 169
1623 1825 172 1145
914 898 -1612 393
1822 -400 -1199 1012
991 -119 -1419 662
1564 -1607 -1177 1921
1214 -151 -737 604
1413 -840 -852 1839
675 713 -1774 136
1246 -1888 96 57
162 -1973 354 663
941 993 1086 1405
914 1911 -1401 807
503 1573 807 743
1750 -1236 1058 1620
1983 1042 841 630
117 -1112 574 459
45 1144 835 1541
690 909 -1608 906
484 561 -1915 1747
1252 274 1835 669
1689 1621 938 1259
78 -1364 -1406 993
1201 1459 1990 1851
1862 -1000 56 868
499 128 -1345 799
353 455 -1858 1890
337 238 1805 966
420 5 985 457
1986 -107 1500 1483
1829 820 -31 212
251 157 -98 1021
935 1208 -291 242
1391 1962 1851 1047
816 -610 -410 496
1318 -966 -1491 519
245 72 -1018 921
1171 -292 -1866 1465
987 -1172 -1653 140
1099 -382 -1677 92
166 -898 -969 182
420 1150 -734 1675
1053 -1760 -1756 482
834 -899 182 1333
1684 826 1185 1567
1162 -745 1504 1205
1552 -706 -1219 1082
1843 -1112 -166 136
1829 1109 201 654
223 432 -1990 1901
1946 -642 1136 1818
629 396 809 784
1891 -619 186 1579
58 1503 909 1997
628 -1781 -708 1500
1985 60 321 482
1012 -1518 -946 1884
1490 -1366 -372 1596
1478 694 -1765 1880
1536 -1603 1909 632
1153 -196 -1314 603
1968 -1867 -1070 1139
1896 1286 -674 180
1016 150 954 57
81 -1301 -1701 1199
1900 -212 -1553 1544
1810 -1028 1274 1834
449 -449 506 1774
174 1124 -991 641
1981 -750 -1527 1430
1835 -348 1142 129
1477 -55 -890 141
1694 -1098 1328 552
845 1625 1258 34
1452 235 -651 482
1898 -1699 1083 1664
1978 1051 951 1212
1218 1833 156 502
1485 689 -183 83
26 -1464 1685 15
1018 1991 1201 1973
821 -1021 -415 729
566 -576 810 111
1755 616 -1664 1409
1398 -1564 -566 1676
494 1881 1609 1251
191 -1618 1184 171
838 292 -277 1246
101 -35 -1991 1096
613 -1271 117 1933
575 387 -385 961
66 -769 1557 1118
849 -392 1592 1826
1442 909 673 366
495 1388 1478 136
1417 -7 -1557 1066
656 -232 -109 1376
1868 -1034 445 318
712 -693 -1929 440
113 -1900 -1209 1113
1771 1887 557 1116
1308 1763 -966 598
543 650 1090 1466
1171 -1952 -93 1795
1146 943 1706 1278
1642 78 703 109
1023 -1249 -1483 1269
1719 1324 920 1472
1844 -19 1274 1132
1822 -1351 1597 1803
575 -40 -717 1713
725 1504 903 1721
227 -949 919 16
272 -1639 704 872
630 355 -331 1079
1204 1662 -1961 1461
893 -1168 -1171 418
903 -296 1688 813
1933 1467 1670 1998
1886 -1118 -1213 1357
411 1442 -801 712
1852 -906 2 898
476 -1317 1265 1950
1577 -1461 1975 536
1045 542 -1693 940
120 1171 -438 285
299 48 -570 1888
702 523 -1165 1742
835 310 -53 1013
176 -1744 1032 1528
2 953 -194 91
261 1887 941 423
1756 -1504 216 1596
1807 -1115 839 1834
104 13 -265 311
1269 -1433 1916 1052
1674 175 -674 1624
732 891 1895 1899
1238 901 276 1948
1976 -905 1162 580
579 -585 -1650 321
702 427 1471 1764
596 -1074 303 371
1956 -923 -1971 1080
1552 -526 -898 1823
1742 648 1263 140
490 -1573 122 3
578 1653 1037 910
392 -286 1681 1595
308 -251 1876 811
1536 -1864 601 1765
26 528 437 1504
1445 945 -750 380
1528 -1613 -1283 1578
125 1066 805 911
259 104 824 1686
941 275 1644 187
1185 -680 135 32
1498 180 -1308 1419
135 1958 194 1542
601 571 -1555 847
1529 -804 222 565
1823 -143 -1184 1425
108 137 779 906
193 -733 244 1744
646 1187 -906 1410
1812 1577 -850 680
795 -81 -453 1258
1501 -872 -877 1766
1137 -480 -1723 958
49 -404 -1891 1016
828 -1592 1475 1372
1861 1204 -1367 1962
402 1124 -704 1889
1726 355 -1637 1625
1751 389 523 1738
1840 -203 474 515
960 614 1939 1908
1954 18 -48 1124
1219 204 -448 715
1576 -448 1533 1545
1749 -1318 87 830
1302 -116 959 1471
1274 292 784 1224
1827 1769 -1394 1540
1063 746 -366 839
226 532 1678 1557
1698 183 -33 888
1385 1504 1850 493
655 1992 -298 1175
510 -467 -467 507
756 -313 1963 1251
244 1211 -626 812
245 -398 -769 295
289 1813 -1726 155
1096 -95 -194 17
379 -1913 1308 663
1233 -1082 544 1182
661 1113 -39 908
1605 -783 -1195 1643
933 629 -504 920
906 934 1209 645
320 -602 -1889 1367
405 -1350 8 1960
1787 -1784 -1035 774
442 390 259 258
907 -1246 -1612 115
350 -1079 48 801
485 -386 985 810
327 -1400 -1347 1183
1534 1973 -682 1464
1817 -718 -1471 1004
1627 -765 269 1594
378 -898 953 772
97 811 610 1726
622 -936 -1912 1827
420 1822 27 1984
90 -728 214 136
1499 -659 -1285 734
1237 800 -1428 846
1610 -137 1815 1044
1313 1094 -690 83
885 -938 -1634 1103
997 834 -1209 1283
835 1064 -839 237
1701 -288 -1978 1421
1399 -1066 -1556 1785
551 1633 -1436 1292
1048 1056 635 3
656 -1706 -776 1614
1369 358 358 1429
99 1685 -1767 1856
161 185 -885 894
488 1650 -1803 1455
499 -576 1158 1178
1313 1929 -681 1720
1989 1521 -1269 1783
965 10 34 824
781 -1818 237 1168
9 1962 761 363
1422 -1596 -1442 1125
161 -634 432 879
158 -1167 -1146 576
1331 604 -162 705
114 1556 -961 1680
1907 969 1610 1118
1455 809 -919 1025
454 1524 1627 387
1898 626 656 1313
546 -159 -323 1388
344 -1913 -218 923
139 852 -1214 88
798 1474 -1853 1662
247 1296 -762 1762
913 -1722 943 1735
1530 -1809 -1998 408
1158 -941 1924 562
810 688 415 326
785 -956 999 124
1419 -1601 -121 1835
569 198 395 1426
1266 -1683 1463 755
242 1020 1554 210
22 -1988 956 666
832 -970 1079 72
1241 -1022 765 1230
634 -845 1052 1217
1234 -662 -978 1292
1092 1631 1926 1515
885 -1575 1743 513
162 -1057 128 1394
408 -679 -408 729
970 924 -548 980
1535 454 1757 1907
1682 -1105 -1786 316
256 601 1595 1882
1085 1938 -1262 393
1535 -1403 -1768 284
1537 632 -1567 1688
1954 680 1388 1446
580 -1107 -1908 549
1501 -1563 403 421
1081 1234 1639 653
1686 1716 -581 629
6 -781 923 1565
545 1583 -1492 821
208 -464 -1418 1795
3 -1461 -1485 1808
12 -1558 648 1003
1906 1469 -1923 740
1391 997 -126 610
1458 -2 395 1534
1550 865 -716 166
521 1959 874 1851
318 914 464 1779
1356 -240 -1715 167
372 1622 -1060 1702
142 -151 -441 129
245 -443 -551 1965
247 -1086 1604 1940
1926 1393 -923 324
1545 527 1857 318
27 -1895 -277 1768
1643 -982 -1925 380
1851 1993 292 487
1026 -1960 -1355 1675
1066 -553 -1686 1501
962 -1661 -1402 1623
780 -508 237 551
192 -803 649 206
600 1036 -147 1523
978 1799 130 1998
1473 344 -1855 1949
1292 1987 390 818
1886 -1529 1393 914
804 -931 -273 71
1730 -1386 1539 1408
1791 -49 1159 924
1332 1535 -1883 802
1824 1219 1741 637
