2000
1859 1790 1389 752
32 1806 1579 253
1964 1527 -200 1401
365 -255 1741 303
171 -202 -1939 634
1141 -952 -421 378
957 1356 1148 166
1191 -1119 1583 1445
559 1533 1683 340
272 -553 -1630 1891
1037 -1041 1961 1127
187 1265 1862 26
373 1309 -926 1975
695 828 1139 1566
644 -1138 -1799 1014
561 13 248 1702
1335 -407 424 1274
1476 -548 1482 1892
859 -1373 676 953
719 -1667 -268 1344
1868 -1164 418 1655
1775 -1840 -1047 205
329 1970 -721 1065
1855 1325 50 1442
1277 -1018 -592 1252
782 1176 -1843 113
358 -1707 1271 734
297 142 -1111 146
769 -939 1623 42
1067 1338 1645 152
1098 1144 256 1583
1155 328 299 185
448 -764 -446 1809
1325 54 -153 825
542 1860 703 1974
1047 -1507 486 1743
370 -1170 -797 657
1357 -1952 -2 158
1177 839 -542 889
1692 -333 -1676 987
320 1956 -1164 1650
610 1299 699 733
1684 565 -533 1249
1547 -1447 -1146 887
1617 1830 -157 1547
772 1968 1902 750
325 -110 710 1158
427 -1854 -336 969
749 1589 -543 181
1388 -1875 -1230 139
1254 -957 66 1503
164 760 -1293 762
765 1152 1089 760
1552 46 873 1003
1999 -926 1913 406
846 -1295 -193 1090
520 -830 -1205 412
698 -1897 752 821
1798 1990 521 529
354 915 1104 777
23 -1477 1296 137
930 -1865 302 674
933 -821 -1849 649
439 -29 1950 502
448 877 243 1414
1023 -151 -1869 346
852 1823 -29 470
549 -962 -888 114
973 202 1625 1117
281 -1788 1773 981
857 -1037 1189 1328
677 -1485 -1549 1126
325 1434 -1024 1572
56 1833 771 1978
1950 -438 -364 78
1278 1499 -1701 1912
1057 1567 -145 564
1845 809 -1091 195
427 1438 -931 601
104 1533 -256 1232
1448 1059 626 132
983 -464 -451 678
1366 825 1686 985
1532 382 1012 1960
1138 539 1202 910
1926 -1718 -979 1628
1273 1318 -733 1350
1233 -1063 1024 1830
616 -1869 -1178 1048
1994 164 -210 749
1355 -1312 -273 664
1855 1389 -1956 1956
1504 1718 1165 651
348 182 -1686 1056
1557 672 673 1415
655 -960 1877 744
1701 -1016 619 1007
1396 572 -150 1871
685 1048 -1224 890
1304 -1613 1417 1578
556 1826 -335 1948
1736 -1707 945 752
1262 -54 -505 602
834 -21 1234 660
1007 -1175 -927 458
818 556 1329 1708
1581 -406 1155 1439
357 -1960 1650 988
1509 1107 858 1024
489 -391 -1466 491
692 1567 -1788 129
602 -355 -1480 508
1590 -690 -1796 519
1638 -1676 -103 676
10 159 1704 696
1352 -1414 -1494 1562
923 -480 1742 119
543 566 -673 497
983 -206 -1131 1211
520 635 894 1487
1371 262 1011 1800
1438 1736 -1412 1432
1348 275 1453 995
897 -1209 -336 338
1310 -1334 1423 1154
1867 -1997 806 402
1432 929 -1907 360
107 1298 1978 1789
1373 -873 -1086 1356
333 -1436 -877 487
699 1978 1349 610
846 -356 1380 1782
1359 -230 1943 1696
972 -59 1243 159
1238 561 1969 1849
771 -1817 912 598
620 729 -1428 244
800 -471 591 98
80 1766 -639 1605
1233 -1396 -1802 1813
1197 1001 762 369
1410 1863 1001 1847
1329 1027 1626 1021
2000 1977 154 427
1241 1016 -927 62
1689 1161 319 487
1041 751 1366 1290
137 654 267 1504
584 1489 54 1509
349 -911 1368 1722
1689 -560 -825 164
131 672 1188 1163
1954 1956 1172 396
1047 501 -387 1768
1792 270 -1092 1523
1062 723 682 469
832 1042 -1753 1116
1885 -1818 676 1400
399 -488 240 46
1882 173 -834 1302
969 -148 -11 157
698 -191 172 1988
205 135 630 1231
120 276 1974 1862
1334 1737 -1245 1239
1187 -725 -503 1618
162 391 96 172
55 -1275 -949 1517
1726 1958 -256 898
1570 1322 900 539
1350 1428 -137 446
160 558 -1820 1378
1737 -558 1137 373
670 1475 1255 983
1426 1856 672 669
362 1875 801 1119
1327 683 1561 1113
528 1564 -1908 638
1501 -1679 297 1856
1165 1896 -1600 602
601 -1289 -20 310
654 21 -1608 615
1839 1009 1292 465
1473 -1218 717 1228
1902 1739 1808 692
515 188 628 476
897 -1379 1537 742
1663 -1840 -492 1212
1158 -202 728 1499
1284 74 1485 1011
1450 1883 -1611 584
638 730 -1082 340
1850 677 343 1346
1163 -1938 -180 581
162 1415 -404 1023
599 -1145 -796 1930
993 -168 -877 643
719 -335 1614 1305
1602 46 1548 83
1328 -891 -417 1943
115 -1156 86 52
72 -1271 1493 1369
353 1892 -904 1579
483 -1713 -1766 595
73 -618 1427 62
1327 623 1128 475
823 779 -118 368
1224 1103 1705 198
1978 538 -1227 1048
379 1802 1853 1784
1661 -614 -1238 1947
1557 1479 758 1256
1390 1550 297 1676
388 168 1980 1992
1994 1908 505 1585
1668 571 -1881 1216
317 -1904 -1073 1520
899 -359 -664 227
1238 524 397 1981
540 -1013 -2 967
1264 -539 -283 1469
783 -1267 -1868 1553
1577 -1849 -1693 1142
918 1021 1452 741
1182 -1229 -612 1963
1392 -1098 -512 793
892 906 1608 83
1753 -552 719 482
112 685 -946 434
318 737 -284 452
182 -1806 -288 1357
1261 946 -838 502
1165 -1534 -77 298
1714 -121 -802 650
576 -1463 -1306 1628
139 -735 304 168
221 -1483 484 202
1555 937 931 195
560 841 1453 1448
105 55 -254 673
424 -1539 777 987
522 -1295 254 1895
864 -1592 -478 873
130 -1462 1869 1913
1783 -1688 453 597
526 133 -1113 61
1848 472 -928 1270
427 1862 1117 1336
657 717 -1809 1952
1847 -1920 -14 335
686 1634 -824 1800
1902 712 628 1590
1950 -1866 -627 468
1261 -1729 1289 867
108 1326 958 1960
642 1158 1645 1979
1799 -1503 -1221 1112
57 113 447 546
90 1820 -767 1179
1695 1165 1342 1710
1571 -1768 -1544 1798
994 1403 -1679 1236
878 -479 -1628 1484
1502 -69 -738 1368
1194 1864 -1871 1988
1696 -723 -261 416
1026 637 546 1746
662 -1445 -1794 753
325 -416 826 299
924 993 -931 271
14 -1934 1062 1940
895 -1454 -1674 257
458 421 693 1858
1501 746 631 666
200 366 -201 251
754 738 -1419 1679
1444 -1030 967 643
1659 -485 -700 151
474 -946 -638 831
1990 271 -181 1877
1240 1892 984 116
367 1803 229 526
1467 314 1240 1576
179 649 285 1881
1408 -546 836 1134
1584 395 1041 1129
1284 -651 -317 1133
1010 -180 798 68
1571 48 1632 1513
1622 -1457 -430 1918
1275 -1979 1863 600
1353 -1254 -1609 958
1482 924 -1629 509
1865 155 1554 1591
907 -398 819 399
835 304 -697 1086
907 701 -66 1394
162 -248 -107 298
1753 -401 -297 1707
53 664 -229 142
1984 102 1769 1103
744 -1469 1107 944
559 -555 845 676
681 -225 480 452
1185 -327 996 1949
1268 1028 -267 560
740 997 697 801
1366 -1827 -829 953
1669 -1240 539 532
349 -39 1946 1876
672 1175 1493 604
1973 1856 962 469
868 -1883 -1413 1804
251 -1842 -484 1506
1036 -460 -1379 219
1244 1264 -1774 144
1638 -119 -1026 813
1142 219 -1587 1795
1647 -1369 -218 1431
1205 -79 341 977
996 1660 1293 1694
455 1396 -672 1967
1553 -105 -1374 1336
1448 -1309 795 1506
1189 -1659 890 1097
325 -628 -1672 398
219 781 415 870
411 703 -1977 1609
753 -1896 -665 1188
968 651 1658 1207
948 -743 1405 440
744 1685 1808 1407
768 -583 -1676 408
1785 1281 1346 276
1316 183 808 407
503 -250 158 956
1675 133 -1499 1340
63 1867 1378 523
163 96 -1857 1852
1966 507 1087 1895
1065 -1415 -703 1482
146 -495 336 1461
1082 627 -444 1069
327 603 -403 953
1987 -975 973 872
1035 582 1590 186
1585 633 1286 1042
1722 -878 -1846 683
1824 -1481 -178 1119
1121 -1222 747 1537
94 560 994 1557
477 -1884 1549 115
200 -1423 -1250 759
1996 1513 1399 1060
283 1912 903 1852
1226 207 1363 1562
963 -1028 -268 1240
677 736 1559 1897
239 -1647 -542 608
1624 -442 814 1783
74 -448 1514 1066
1298 690 -1494 153
1218 551 -1845 937
816 1378 -1573 276
1780 -1875 563 1956
702 1278 -1005 956
189 72 -729 1407
1129 -279 1479 1175
1018 1683 -224 1679
1150 -1820 265 1162
1783 -853 -1445 890
1643 -201 -224 1401
178 -496 655 1844
492 14 1233 1418
889 -1486 -1821 1313
878 -1022 -1744 114
1318 701 1196 600
79 -165 386 1029
105 -1015 -1636 1006
971 652 -1361 202
1662 1116 -539 1382
1135 734 -1925 659
209 1302 515 1591
665 839 -1815 136
1280 -293 -1345 196
629 -455 1527 1612
1256 -1343 -544 1733
1968 -1358 550 1445
1478 719 -1625 1116
840 740 -945 1160
599 1749 -1360 1647
1529 -1188 -321 826
328 799 -1876 1108
848 1522 -1076 1535
805 -228 -1565 767
683 -633 293 1629
1068 825 -1863 21
262 -1319 -1959 712
250 -313 1682 1931
30 602 545 1494
1564 -1491 -527 1510
1153 -834 1056 428
1983 -780 -1224 1164
1227 -719 933 1967
975 1711 666 1185
1305 1638 725 1187
347 -1356 -1934 330
985 -976 -600 1710
526 -23 1776 1836
663 -1016 743 453
1078 -1084 1671 1981
1888 520 1311 1244
1344 -1720 -1004 1201
994 1730 -977 1050
824 42 -1581 1980
281 -1956 -143 353
349 1814 -1560 1957
194 -390 411 617
58 131 -668 1153
1259 316 1312 1045
877 506 400 1059
320 1282 878 43
1811 -872 -1410 1874
1230 -517 523 720
281 1410 -352 706
1762 212 -1880 1832
1900 1569 1308 184
1322 1552 1581 1993
152 -1780 1259 9
755 1608 -1375 1000
747 1329 -1388 75
1240 -88 -1795 394
659 90 1674 1042
840 515 -1420 163
683 937 -1496 658
911 935 -822 1161
1056 -1698 1955 163
1691 677 -1276 1088
1617 1520 1787 1159
1976 1398 1428 1071
1673 499 -2 404
883 1001 510 377
759 558 1037 1056
330 -1770 449 931
182 -1563 -1387 687
1528 8 -726 1508
1668 -1251 1625 630
1133 1467 -1798 1599
1757 1928 -1227 891
643 -1293 1852 1610
1296 453 -143 385
1993 999 -404 761
1784 631 421 63
1003 -1957 -1123 1730
1795 1508 -1744 1209
199 1385 -857 1114
735 -1843 -959 1668
473 83 -1651 230
1494 760 -722 1717
1102 1380 1445 186
584 1910 -960 802
483 116 -555 492
1281 -630 -1657 1327
1990 -1240 -1140 1073
445 1412 -381 177
1123 -1016 -946 158
490 539 569 1709
1592 1208 1558 1159
1333 723 -888 1288
1232 825 1498 354
635 -575 -772 952
1115 585 346 323
745 -1351 833 1952
1267 1434 1904 912
1291 333 1377 967
471 1442 -1900 1502
64 -298 1738 1346
1251 8 -333 962
611 -1637 321 1300
980 1687 232 976
898 1262 822 420
1240 1693 2000 1726
666 398 1178 1013
587 -494 -1759 1137
391 -237 -907 894
651 -1713 -1990 1870
1064 -586 1275 1780
339 1588 1284 361
376 706 914 1274
1859 -566 951 72
1157 630 1225 247
213 -470 1737 351
284 -1897 1053 94
328 -174 1297 84
1834 1160 -1330 198
1576 322 120 188
651 -274 -1842 1780
562 1543 -348 1964
526 1820 514 1899
1588 400 758 889
654 1002 1299 1362
1530 -1004 960 711
169 -17 1395 940
1761 1223 569 1611
1340 522 -1175 1008
359 887 148 1948
1988 -847 -956 1251
248 909 1757 1101
989 -177 -1762 952
1154 -348 -610 1156
1318 1226 -1250 1014
192 59 1163 1414
1210 -847 -1628 1857
225 -662 426 215
1703 153 568 590
1986 -958 1441 125
762 -470 139 386
1054 1237 378 237
816 -696 -1287 594
836 -1582 360 11
837 -1155 -476 1252
1121 -780 94 1341
840 102 -321 348
1792 -1515 -501 808
708 -992 232 143
1120 -1048 -1299 1409
567 1081 92 1218
94 -1670 -887 1628
1086 -1532 -626 1819
1077 -853 1968 607
230 1943 -802 573
1012 924 1926 1182
1291 -1023 -219 1631
1432 1354 -544 1200
731 -761 -996 1541
364 -1042 866 88
1364 633 -1855 1140
1231 545 1414 972
657 754 1554 66
221 -534 -1433 1392
863 -1874 1425 387
244 960 -1210 890
1085 -1250 865 1467
1392 -1357 1132 1599
1367 1304 -1570 562
158 -619 -1914 1844
1305 -14 -1940 810
428 698 -1505 461
1153 104 134 233
1718 947 445 1104
1852 -1640 -1003 773
409 -1139 -1768 1682
1831 1077 1854 498
1283 448 711 1351
862 1022 972 965
304 1101 -1101 1125
64 764 1573 627
1085 -487 274 817
1480 1277 1094 594
679 -1346 1746 655
756 86 1200 1222
332 935 -21 1877
1729 1341 -1525 3
1033 1755 -579 648
636 -248 -1422 1921
1689 1428 582 445
1986 1328 641 1666
1291 1371 -1554 1784
31 271 106 972
1083 1925 -1306 863
1489 -424 1285 1221
7 581 1234 1127
1381 -1239 -512 1137
1323 826 1589 1140
1144 1610 272 293
196 -1652 43 572
1575 922 1448 423
1679 -1876 1254 596
1519 1434 959 1722
794 -178 55 1857
892 1254 -123 1029
1697 -1995 -436 551
1372 -1917 953 1868
130 -171 906 972
204 396 -1180 1844
1769 275 206 1845
1769 1624 159 1922
995 -751 259 1942
528 546 1403 1788
1837 1226 -311 5
1389 503 1718 1782
293 1510 1160 1143
559 -1713 -766 1109
1415 -717 -196 1520
481 348 -200 1726
1105 -1130 -1686 1478
929 1026 -903 726
943 -183 -601 894
140 -840 -1076 899
1214 1589 -760 1261
1294 -1067 390 184
1323 -1584 -781 679
246 1564 -1902 1132
1764 872 1721 1586
847 1984 -222 564
1749 -476 -1865 1266
727 -233 -250 115
1596 321 581 1198
683 1662 1373 1056
724 1037 800 1977
1064 -1566 1387 1006
860 896 -1084 1001
267 660 978 1684
1889 1654 949 1842
560 1670 729 1383
239 675 211 122
310 -1358 -219 506
67 -523 852 742
1112 576 -7 1396
906 429 205 331
1028 -1647 -1357 392
258 -1383 1740 1181
1527 557 1419 733
1735 562 309 1042
1165 1470 -497 1064
598 -1400 -55 959
133 673 878 1932
717 1535 1211 440
298 -1560 -861 96
504 -585 -853 1875
1834 1386 374 7
1301 -1866 608 197
290 793 -1991 1529
591 1815 969 1779
1183 1617 -29 1928
469 51 -313 353
1261 1625 -698 1418
628 -1220 1162 1717
1387 -129 -581 1989
1559 -124 -620 291
180 1931 -1685 413
333 -302 -1593 578
102 1165 -716 1735
931 -986 1651 1285
1454 -806 -911 1608
820 -729 -1967 1553
1801 -1265 -913 837
927 -1634 -1687 1677
1427 -1026 -1543 804
641 -1330 1113 1164
1018 -179 -1195 1769
1045 -953 -1908 948
1596 -1603 1841 1769
666 -872 -1863 761
1940 1204 212 297
1725 -850 743 1809
48 1610 193 79
1881 -1817 -357 1073
140 1112 -350 526
1149 -1424 -1825 814
343 266 -1388 1661
1382 -387 789 732
1164 -1470 1688 1664
1231 -1278 1314 1905
1289 -243 -979 1789
951 -472 -1277 994
1835 1385 -1887 775
1371 -1299 -1193 1508
239 -1561 88 261
934 -1805 1196 1195
498 1609 1526 1851
839 214 -223 1533
1888 1828 492 574
266 -39 328 1534
168 1985 -663 1763
525 -1158 1655 1348
1413 -30 -1644 687
540 -1110 212 1572
1877 -438 -1922 1224
1124 1343 -1161 419
420 1287 -1744 786
1123 1762 676 1701
1313 -485 1873 1650
53 1418 -357 401
1768 -926 1661 669
1047 1684 1580 1337
1333 -892 1458 361
1415 -1860 -1181 1509
70 658 1127 1994
913 1322 -968 600
568 1399 -1582 709
642 -1275 -1730 1704
1352 -744 -718 15
1575 1775 1069 714
1074 -1671 1466 1229
1294 503 1481 1794
1557 -412 -584 101
1187 1735 313 278
412 -1629 -1691 554
548 1212 1378 1355
677 1764 -1431 1027
509 -1856 -100 293
269 355 -766 900
1451 1916 -115 234
369 -465 -1398 1939
1244 -822 -1089 687
1837 -1082 1973 1363
379 -72 -431 1160
272 -1922 574 43
968 -923 -1938 988
1061 456 1472 927
733 1589 -605 750
1402 -1526 1096 1876
1737 747 95 1443
1868 559 -1199 1871
424 -1733 -1860 145
215 851 970 1398
1480 -1842 -1867 78
762 -1988 -754 1213
388 -81 -689 476
1264 543 -1558 1353
988 -700 1127 1347
904 574 403 895
1386 1451 -1300 470
1853 1109 343 1012
541 -629 554 1355
1548 1248 560 1614
161 -1586 -649 1718
500 324 805 1185
211 -733 -715 429
1617 37 1189 802
417 1594 960 997
495 -1610 -1618 1862
1735 -1693 -1406 1763
12 -1299 908 1282
227 1161 -948 1339
341 -400 1984 1356
1505 -1842 535 1987
1543 215 83 391
1646 -1670 714 1040
831 -1151 -684 1290
1303 -1309 -1908 343
617 -1968 898 1290
1402 629 872 860
1875 597 1222 122
451 -654 -632 469
1690 1390 717 1521
271 -1232 1587 806
1659 1906 1508 1906
444 307 -1145 1110
867 -1443 160 1540
1254 1581 1164 552
1583 1452 -1415 764
1067 150 -66 1297
1515 1585 1894 1373
1174 -1523 1128 1688
806 835 -910 1486
566 -157 1139 1200
203 -1219 -571 1459
232 -1588 -1942 1727
1704 139 1909 1793
56 -429 885 585
329 -728 -1221 525
339 -1625 274 1732
877 1050 -613 92
1478 1315 -1632 1077
63 -752 1077 1316
1935 582 1865 1361
1326 -455 -1860 585
682 1096 1678 1996
1301 -1325 514 1616
1188 633 -1671 988
1569 1695 1054 1902
1131 -548 703 1478
17 -358 1632 1592
635 1357 669 718
65 1885 1853 564
1825 -1136 -1359 1146
1405 1115 -1677 1238
1387 106 -1067 1567
563 708 -290 1571
1445 -951 -1932 882
368 -611 1799 1056
1052 -396 772 183
1441 1116 -542 1235
1934 -1608 1922 676
899 1852 1601 143
439 1418 -1321 1582
1794 -1725 1254 219
68 -1653 -1678 1305
1325 658 1579 859
1491 -1227 1109 923
703 485 -1965 1429
1264 539 791 1113
1606 -38 -659 1884
1816 -9 1376 999
1951 40 1324 1831
152 746 -1379 27
278 -188 1429 378
1950 158 1118 1546
618 78 104 1322
519 39 -1333 105
550 615 -1854 1004
1294 497 -914 220
1544 -18 -1425 1318
1746 -1313 1943 1833
605 -1984 885 747
1199 314 -128 965
1202 674 5 466
883 -493 397 1236
1172 23 916 479
1754 560 1894 556
1151 -737 1492 632
1073 1072 -1312 1154
1730 -377 1571 272
1446 -407 -1164 410
840 -578 -1080 526
1733 620 1225 1995
1343 1242 1448 1606
1883 1064 -164 1896
1011 -988 -1368 1997
1910 -1740 -1250 22
419 -726 -1806 808
945 -752 -1995 1787
410 196 -1292 765
716 -353 -1628 732
1799 1559 751 1679
1889 578 -273 14
917 -1124 236 1909
1327 1134 -803 1430
930 -711 1184 1203
1122 -1209 -1842 1288
1530 1745 147 799
328 -1466 1183 713
716 1652 -1824 1500
1565 -458 866 496
691 1164 -1687 145
398 158 1465 416
958 -14 -665 1106
1592 1481 -712 1471
1640 1285 1699 1780
1225 -1963 -1128 1586
718 1360 -1493 1740
253 492 1346 1869
399 1722 858 48
1570 1373 -1529 230
1223 -1047 1411 1236
740 474 483 946
898 -1450 1816 413
752 1345 -1418 421
62 1106 1779 1168
787 1173 -1319 213
1304 749 918 626
1883 105 -1284 791
1773 515 -682 1209
292 387 765 1472
298 605 892 1625
1612 22 1617 996
635 -270 -1887 503
1550 -1648 -1796 825
1599 3 39 1720
42 -936 -1397 1844
1217 -1167 1614 289
570 -61 -1886 1929
1727 -511 462 264
845 -494 928 1118
1462 -1875 1153 673
415 -1575 761 1880
610 1503 1058 257
1853 379 783 315
1202 -1920 -300 157
1589 -371 -1276 1549
145 571 535 1066
1827 -385 -964 1731
845 -776 -332 1886
757 -786 -360 866
435 -980 -1914 1053
150 -1961 -165 1326
1840 -1673 -1375 1276
1653 -1382 962 29
1 1837 592 1904
239 1645 1329 1268
1266 -630 1434 702
480 958 691 1847
1921 1785 1371 924
1109 1653 -1670 668
1867 859 611 1598
1739 132 191 104
1085 -969 559 377
784 -1405 702 704
1620 456 -1918 1586
736 1557 1836 664
1501 223 128 958
296 969 -1276 726
1764 884 1045 691
1398 -947 1205 1758
1495 159 -1915 1925
694 -833 783 1543
115 -673 41 1577
389 766 -173 1028
293 490 -1692 1316
1217 154 -1085 730
1290 -1112 914 12
614 -141 254 816
1902 1659 -1590 1492
945 1489 186 89
32 -1963 -1952 1699
1024 -55 -1428 555
923 -513 -1787 1293
1263 -1925 -1031 1914
381 -441 1942 439
1755 -716 659 1165
19 229 -1672 439
1986 -301 1261 551
1258 879 568 1728
1472 318 589 1933
1854 -1284 464 137
1874 114 65 1014
1470 559 1374 342
294 1580 813 1973
1893 752 727 1165
1768 1235 1385 479
1153 -1284 -1283 1585
389 -342 -1013 1499
527 733 -543 329
1243 939 68 1916
987 1821 12 153
1286 -139 565 600
1780 -100 1048 182
99 1187 -451 451
1157 -1368 -362 1573
1840 397 1612 148
1100 1638 1284 204
136 539 -799 1534
1654 -1299 25 1934
27 -1574 1302 406
384 1712 -304 722
1891 986 309 1379
1367 1785 -725 1788
1503 98 -829 1800
199 1885 -1989 1970
347 793 -774 555
1310 -73 1356 1607
1525 615 -126 384
1721 87 -478 1090
1705 -1601 -337 717
981 -157 802 1911
1428 1578 -1372 1975
111 59 -537 219
1348 1126 -1356 1187
1876 285 -1227 83
1877 946 122 1829
1760 1538 -1332 1381
836 -1219 -348 1907
897 1346 -661 676
1646 -287 -1959 1682
1604 -1839 1995 407
801 1484 -1799 1302
166 1916 -366 722
1305 542 1821 133
1236 -1242 -1844 987
484 -23 1660 372
1835 1533 400 1509
1326 -1102 1914 568
1063 1192 -1763 23
996 -974 -771 37
1030 1371 1549 1125
772 1591 -618 577
309 -1338 373 244
1849 630 -239 816
1377 1448 349 1962
947 2 1870 1737
1031 -1278 -1693 426
268 950 974 463
1443 1220 -1081 347
1475 1491 1896 503
660 -1692 1163 1953
1396 -798 -647 1800
661 914 -1510 369
1100 -765 -1116 469
628 1023 -1873 640
185 690 -846 836
126 -700 586 132
1399 269 269 921
1808 1829 -547 849
1476 278 103 875
214 -1364 -1571 1756
1452 619 -926 1581
350 -1366 -455 1162
1852 1168 -1037 868
1862 1846 -12 672
193 -1521 -448 1783
89 -101 705 228
1161 -1198 1970 185
1444 -925 -1503 1242
1136 818 -504 1263
102 1988 -1120 1815
4 -539 202 32
1946 -1768 -712 112
1328 1977 -993 1215
287 -635 1363 1338
595 1204 49 1282
336 -1062 -1112 1691
1786 -1577 -1741 1550
363 -1202 1123 743
801 1863 1247 1863
1789 -1838 212 1939
53 603 109 115
1890 -1948 -1344 1380
1683 1697 -1935 278
41 1120 1530 1071
1497 1185 428 375
173 622 -1642 106
243 379 -1576 633
508 -464 767 1321
94 135 759 146
1251 1738 -486 577
1512 -372 1136 150
543 -1798 366 151
1997 1001 1106 1675
172 1889 -531 880
1322 -669 -796 1270
569 432 -1867 898
1773 1944 144 620
1889 -184 -1337 897
1458 424 1436 369
546 -786 457 322
1878 -1304 259 219
793 -1585 -1678 986
23 -1872 1534 831
1123 -494 1162 751
1441 1148 -1089 1825
1564 -39 -1832 1492
1969 -1175 -1412 1752
1923 1268 -121 528
645 1400 1232 982
1059 -1907 1958 55
521 586 -1226 211
1210 -1347 -1887 286
122 740 673 1826
1429 -8 -383 187
1750 -1066 -504 1305
160 1397 734 530
681 -435 -65 1661
1530 -823 -1229 1015
752 1916 -169 930
558 -697 -1860 1937
585 458 610 1070
106 -1274 -559 5
272 -1288 -663 1238
507 939 -1054 22
1234 1147 274 1646
1294 1877 -782 1611
333 -1780 -1555 1949
1008 -997 -1955 1064
541 1619 1010 1349
221 -1125 -983 1842
383 -227 188 1630
1444 -227 1189 910
1265 -1315 -831 1899
1712 -1579 -649 1714
1919 1740 820 802
1679 1402 731 865
982 173 1624 728
1966 -1535 -379 1090
979 1409 476 817
1161 -484 -140 697
1956 -621 -445 1427
351 -239 1905 1820
918 -559 -801 3
843 1395 641 1710
100 1541 -1194 646
507 -1372 -138 1110
429 1427 -670 288
876 -1420 -552 1304
493 -1981 44 1751
1115 99 -195 1897
1218 558 -1933 1199
1044 -1887 -1580 1054
1304 766 592 751
1510 427 967 461
28 -1036 -409 1930
812 -406 1503 314
12 -713 1131 293
228 1764 794 713
323 -926 -1207 1815
507 -1466 -1102 1298
1073 1931 1657 35
222 592 148 823
240 1384 1059 159
1721 -1624 1167 734
223 -317 -878 943
1899 -1386 -1535 1165
922 -1238 1913 985
1823 787 -581 1064
1023 -1227 -504 450
1555 710 701 1348
10 -975 -1314 1135
1812 1120 -191 775
1816 -1322 -1814 356
1823 1464 -497 868
1798 990 -1777 1959
96 -1378 -1212 210
418 1237 1001 653
1126 582 -1658 437
1176 -285 640 330
156 424 1015 2
854 794 -543 1781
1280 -1756 -1424 1598
1047 -253 1189 400
991 647 114 1855
779 634 -1911 403
1733 568 -1984 489
1740 931 973 129
1137 949 637 641
1881 -8 -79 720
702 1936 -751 28
126 -1564 -1801 757
1530 -1097 962 175
1240 1478 1653 1876
242 1456 382 1344
757 -1287 1377 1203
995 -690 -97 963
1233 1017 1904 1575
1770 760 -1909 445
890 954 585 964
1267 1708 -1809 259
940 1356 288 577
924 -1512 -64 1946
20 -598 803 49
1475 1939 -31 1160
1439 925 886 1689
723 359 -1479 1345
683 -1796 -149 895
553 -1525 1578 1226
1412 -304 -1155 56
1492 1553 -714 344
1735 -811 1063 1065
1775 -1775 -837 704
1810 -368 -1084 342
1369 -1155 1306 680
129 -1319 1428 1414
573 -1428 1410 1300
1457 -1 -861 1003
1129 -1268 -155 313
544 -1431 -1510 1325
57 -718 -607 828
1882 1098 -563 527
428 -1869 408 290
1805 832 454 1943
1549 310 -1798 1665
1076 519 -1340 138
587 682 1044 525
1230 -1860 -572 1292
1665 798 -492 939
1432 975 -241 1203
1501 -316 -272 1936
1629 -1499 1405 756
1403 1148 728 946
1004 1908 -1245 883
138 1190 1611 500
1138 1169 1174 502
1557 1076 -1978 1885
1818 1863 1070 994
1706 1538 -149 1153
579 1723 1068 188
342 415 -1519 693
1402 1598 989 1032
1190 215 -127 1375
1658 -1657 -1307 1308
199 -810 -1493 803
1218 -1398 -414 1244
1302 1552 -1820 1621
1135 -762 -1120 1791
591 1437 -178 1709
876 1734 170 1224
1184 -866 -499 605
1144 -439 -153 1580
710 -740 -1246 299
1327 -899 -763 946
1934 1771 -211 845
319 28 1867 413
1349 34 -1922 471
292 -1402 -1922 3
1511 -396 -203 638
1787 -1064 1346 1577
562 -672 763 1095
322 1204 543 915
1892 1516 1090 1288
341 1918 -1559 951
1335 -336 1929 660
225 -686 -478 761
1899 552 1234 418
868 -889 86 624
1820 -433 1806 966
1338 862 -1076 1407
1526 -515 -1703 214
432 1347 -439 940
408 -550 -830 1685
691 1537 -1399 555
1981 792 -1436 986
369 -1800 -1060 1218
1107 287 629 1257
1687 -269 -1943 1126
374 -1868 100 1527
1024 1187 -1467 1116
309 -47 547 233
1195 1830 -269 168
1084 -231 327 1989
116 -542 40 1568
1751 1369 1040 1439
857 -1305 41 1385
1844 -257 820 412
470 -46 -1914 679
160 -1746 -1116 1873
888 -902 1871 320
295 1562 1982 1251
1404 -568 -1742 1833
888 -1519 559 104
704 1240 778 1287
1470 -27 -1469 323
608 612 -491 1886
1960 -849 -229 603
1050 759 755 660
1233 1125 -287 420
1482 423 158 941
951 -131 -754 1892
669 563 1753 1920
1174 -1602 1471 1934
576 113 2000 1760
1517 -948 264 1449
929 1138 1808 1411
1047 -130 -478 377
844 -898 737 1645
610 684 1557 1571
1983 1764 -581 1172
1451 955 106 205
1942 166 -626 1565
719 897 -570 1274
1262 1392 -805 1357
747 -234 -831 353
308 -1535 1259 216
763 -1302 -421 422
166 -1843 1116 388
382 -1424 662 1790
1600 1630 -925 1445
703 -848 -413 1886
1040 -1103 -1661 1474
1052 1411 1749 1996
1601 -724 1179 1438
98 1523 -191 1180
291 1015 167 687
557 830 -1952 1635
528 -1539 -531 153
540 -1510 1235 390
711 1535 374 1106
1546 1100 37 826
1332 -1088 559 1551
1765 1934 739 1829
1204 -488 -1841 85
778 943 -439 923
1477 -99 -1033 1096
326 1026 1550 1073
899 1048 686 1774
1430 -771 506 1644
91 953 -237 188
1590 1951 936 497
1243 -61 1217 1078
1588 -393 -1869 1190
1407 -1940 650 1810
269 599 245 1551
1333 -1793 -201 1237
1678 -827 392 1025
1144 696 -160 291
1076 549 363 273
471 1394 352 403
1564 588 -794 309
47 1811 -337 1288
1634 1778 202 1424
795 1218 1105 1399
1940 -632 -264 121
378 436 -1565 1798
1615 1382 -395 580
521 -188 -124 1642
1952 -656 -1790 566
1219 -689 -749 1176
980 806 -1413 869
376 -267 -13 1173
104 -809 -1761 276
50 -1988 1320 661
1512 1072 381 1610
80 1418 1377 110
722 -858 -35 747
1790 -1921 -1148 132
371 893 1764 845
601 547 -1592 1709
1080 1727 -1910 563
766 -314 193 1918
1758 1602 1501 164
283 -1074 1180 1820
497 1425 -1494 516
653 -202 276 1323
1760 -1975 -1405 1736
1263 -1458 537 1569
1334 284 -1425 101
336 -1833 -1330 1907
257 -1032 351 240
1149 -1748 1796 870
222 -546 292 1759
993 -152 -1653 846
329 786 -1082 134
1403 560 1021 961
1665 -1264 648 490
1928 335 -1405 1411
1713 858 -360 336
451 -120 -1541 1386
1223 900 -880 1230
171 1436 -109 955
48 -1083 1782 952
364 1988 -900 1947
441 -1074 1935 578
212 772 1483 142
671 -1665 -1585 1268
1663 -322 -1356 266
1742 593 -1162 432
794 -1968 417 1060
1140 38 953 1756
979 -1701 314 1681
1214 515 -1125 1694
1382 -728 1117 1365
25 1845 -1655 90
368 1431 -1399 454
98 755 1843 1477
1054 -442 72 696
422 -1305 907 196
1726 -833 -1518 1154
641 -116 -690 333
1516 -1200 1688 295
961 1462 -1014 1460
1414 1673 -1309 652
1284 -1971 1810 1246
376 -1281 1392 1848
1588 -763 1158 224
463 805 -1466 1806
561 -175 -932 1823
1753 963 -1490 420
311 333 -1791 705
753 -1176 -174 126
930 -1067 -1442 1833
871 1690 216 1538
816 140 666 1950
1861 935 -1207 741
1934 -349 -1688 388
298 1680 -1896 892
377 -1118 891 161
690 -246 1402 75
350 -1753 787 616
875 1526 -1552 200
1802 -1720 359 112
896 1461 -1697 248
1657 1155 -549 1069
1505 -402 982 1424
1225 794 -1193 196
1544 -1990 -942 1204
1239 -216 34 1051
1108 1456 -1286 490
928 -1164 1040 309
1185 1611 1099 262
1681 852 1801 713
1564 -1257 -1026 446
1942 1289 190 1435
1219 1465 -419 615
381 -1080 1916 32
1298 -1793 1048 1814
1812 -988 216 589
567 1400 1586 591
294 -863 -1033 1048
1342 -1734 -1478 1352
496 352 1780 1701
1204 1212 -119 1350
993 691 1380 1225
582 1212 1272 302
245 -1444 -872 537
898 1086 -161 676
56 880 1361 1434
1348 -365 -1751 1166
1160 -487 -279 1074
1209 -675 1706 512
1570 278 -744 997
1935 -654 678 1425
1395 1731 -107 1944
434 1318 1335 964
1607 1213 253 800
832 581 -1670 1550
1165 225 -1888 35
612 1296 266 1206
1792 546 -127 1220
1197 -1541 -1230 911
510 1233 1929 1114
920 480 -523 1262
4 605 -1560 1209
769 303 -1621 186
623 -1266 1889 1670
757 314 -835 326
1243 -620 1896 919
129 1766 1583 1896
647 -887 1850 751
1795 -1261 -255 1141
286 -1068 1914 645
791 1479 -464 1665
30 435 -574 1677
202 -316 -116 1218
4 1750 -530 1724
554 4 -1012 621
589 -976 168 1720
371 -513 -921 1302
1909 -350 1075 180
1282 -1633 709 1315
1307 737 1732 823
341 1636 -546 729
1690 -577 1171 901
1368 266 -107 1805
1424 1436 -15 1380
1336 1931 572 83
1466 1624 139 1687
1523 1423 1484 481
1300 -828 194 293
853 1308 -1345 427
1261 869 -243 1122
267 1477 63 120
832 1475 1834 531
1299 -429 -906 667
731 -1992 1062 1213
937 186 1941 666
507 512 425 997
554 -5 -1159 1577
685 -380 1551 865
595 -1319 142 1278
830 -747 1826 1029
1794 -1289 -1647 1502
186 -1665 -1503 694
388 -1036 -513 30
1200 579 676 265
1380 -18 -691 514
859 720 -1997 1428
17 140 1382 768
217 534 -1320 523
1304 1019 1831 1389
1991 -1718 -1005 1459
180 1689 783 1693
1233 -978 1361 1425
708 -1455 -1942 422
1174 -1393 -1028 1530
1396 1648 -1421 845
161 -842 519 467
338 606 -1625 1654
224 1187 708 802
1482 -860 -1816 88
560 1082 1161 1227
1593 -1575 -169 597
1678 -819 -1205 499
1453 -1338 -1370 629
22 -390 553 495
609 1149 -1593 571
439 172 1893 117
821 -242 -690 509
908 -634 -1177 73
1107 -881 623 1360
1363 -353 -1734 736
874 1986 -1287 1176
1049 -163 -1881 383
1702 481 -684 892
187 57 -1698 1739
629 -1562 515 1230
261 -804 -875 698
67 -363 1485 758
102 -677 -278 1087
1805 132 -1038 903
1273 1561 1819 1633
112 1711 1130 23
940 -729 564 1541
1994 -719 -1289 27
1980 -21 -42 1662
919 -1747 -342 1255
1686 -854 -591 1794
1253 1490 992 1089
454 25 -1857 967
128 -1618 -1363 702
1243 -174 1939 897
949 883 -866 530
896 911 -670 1829
353 559 -999 451
899 603 417 393
1490 -604 -240 406
1825 -1331 467 1408
1044 668 1660 624
1654 808 -113 1825
757 -1212 405 1029
673 968 -1121 880
128 494 545 571
493 605 -1836 994
1109 1366 126 711
1592 199 1407 717
702 -799 1452 557
511 817 -1095 1732
1098 -1918 1755 1763
831 849 153 1422
917 890 1015 878
1061 -187 728 1535
108 1202 -617 1730
397 -1718 -1266 860
237 1385 628 1221
982 -1725 -96 1387
1764 -834 -1182 236
1627 1641 -367 1471
1279 -1198 1196 1132
410 -1681 1599 1263
1673 1909 -664 1689
15 -758 -1141 623
625 1117 -980 585
1385 1540 -339 404
1828 13 1993 433
771 493 -1344 852
1806 -447 -1234 1669
396 1349 -662 274
1884 92 1709 1451
959 -1860 -1121 261
283 -663 -1220 1272
1002 -1382 1367 625
41 -800 1364 929
1162 -1480 -1108 827
1778 514 1436 1114
1611 502 -78 1369
419 1930 -1848 169
172 323 -658 1438
1818 123 -607 1698
632 522 -273 1153
771 173 -308 444
1389 1579 -1728 1542
1691 -1161 -1777 1178
40 703 800 258
1344 -1170 -1730 1905
437 1761 264 1131
190 802 -1771 312
371 1303 -166 1653
1906 1762 541 850
1373 -853 690 404
1290 -434 1271 1221
210 -1231 75 31
898 658 -94 549
1133 -1337 1828 43
951 -456 1172 1928
1403 553 -629 1547
663 780 442 1075
747 886 1985 1974
1678 1243 -315 363
681 -315 816 1344
441 -1655 1091 356
257 1887 -611 622
1526 -1157 -1902 724
737 259 50 37
1969 -888 -627 512
1430 -1922 -1173 731
663 487 -1745 605
653 -1836 1763 227
758 -303 949 607
915 -1980 1039 276
586 -1406 613 956
244 340 1716 1826
1744 1374 88 888
1070 -662 -180 1218
486 585 358 1050
1535 1636 323 330
471 1466 1534 724
818 -1886 -1393 1854
1315 -1629 -1116 542
1060 -1855 -574 1619
788 -426 191 1564
180 29 83 1854
1129 371 140 1874
749 1207 -45 1956
1502 1756 -236 1973
862 324 1623 1194
401 1573 1663 1164
930 -1969 595 822
62 1285 -1554 1098
999 522 1831 1356
1490 -962 603 661
90 1292 1310 193
1243 687 201 210
519 836 -1331 1963
1173 -1018 -443 1941
397 382 -1867 1149
381 1367 -796 452
1287 -197 1406 942
128 -732 -1635 1268
851 1957 -1141 690
1548 -1293 328 681
1470 1324 698 1246
1869 -260 -1354 921
613 1379 -369 295
385 -11 630 249
1060 631 -1631 259
1700 1327 1447 157
586 -1334 1610 358
1763 91 -1741 1548
1170 -1482 359 1332
348 1798 -1171 601
1034 1693 657 1253
58 480 13 857
1215 -907 -390 1691
1581 -875 -962 1363
317 132 949 1037
639 -646 1104 1098
1427 -1196 -1905 382
1151 -441 -416 1203
396 -423 -1690 197
841 -1523 37 1621
1095 -1509 -1689 678
106 -330 -925 1459
271 -672 -141 567
960 254 -700 515
193 1220 -1425 827
727 738 -1395 1081
668 -1296 -1720 1321
1117 244 -938 428
140 426 1827 1157
1854 663 -1429 1134
557 1424 -599 1172
1095 -1654 1375 1591
925 -730 -704 412
1493 -1969 -802 26
1497 182 -845 1040
278 1388 1384 174
1294 1792 1133 999
1158 306 -124 1573
440 907 1758 1765
355 519 545 487
1430 533 -1848 431
1432 471 -866 951
1971 178 -102 651
1252 -634 1693 1419
973 329 -1537 1676
116 -1565 -1352 1351
1377 -669 -1507 201
596 1624 1957 402
1516 -1311 968 214
1841 214 -1984 1183
907 -769 487 824
408 1737 951 403
346 3 1618 981
279 -1563 1119 453
1511 -129 -1326 1296
842 190 -1495 264
352 581 1361 1664
1982 -1145 410 450
1327 1395 -1404 1129
1361 540 25 103
1060 813 -50 1344
671 -510 -983 1341
1995 -1032 -1615 1515
37 -1268 1230 1145
1264 -1279 -1422 701
1857 1321 1207 64
1441 125 -187 1373
895 650 1986 38
1388 -1757 -246 1871
1084 -957 527 321
1899 -375 832 1593
1398 1240 -629 710
94 240 1590 1838
313 683 1374 1737
1089 -878 1896 693
754 -81 -2000 1120
400 395 535 1921
495 1640 -405 1136
121 -1767 -1664 330
1660 578 -1880 686
393 -1540 958 1026
726 1591 780 1406
685 -957 691 1247
491 1072 -157 198
1922 -326 1855 551
695 -1788 1640 795
1732 -270 83 1838
1223 -1001 691 769
930 -1546 -1935 985
969 -596 1647 638
1783 1903 1226 1629
1689 -683 1318 1831
1633 687 -1395 1952
68 -164 613 544
1805 -1112 -252 1909
872 790 90 1807
295 -1487 921 515
657 -47 852 1241
190 1527 -985 414
1212 524 -974 227
989 427 -1993 492
647 -153 1990 721
1954 -1815 1715 1680
398 361 658 9
1994 -1005 -221 577
1150 -1662 591 368
1602 -1329 -713 963
949 -1735 -357 922
1175 1166 -739 827
958 -1053 802 77
709 -1694 1092 1134
633 1933 -827 558
106 1928 798 1442
1584 731 785 593
308 -1779 410 1770
578 740 580 1901
1230 -1753 662 1533
1755 -103 -744 245
661 265 80 79
345 1511 1622 1102
1000 -1646 -227 1894
1784 -570 -1395 494
1922 -1296 -206 229
1045 -323 1078 1946
306 -805 177 723
1838 1949 317 1591
931 -233 -1018 372
782 -1068 25 938
659 57 -1099 1597
533 583 1480 1847
350 1678 -14 1155
1005 433 591 131
1427 399 -338 188
1797 1776 360 1093
1565 1683 -641 1420
1385 -85 898 880
730 1714 1330 1016
887 -934 301 522
1032 -816 -57 661
1067 1544 -696 1672
689 -992 -1440 1176
1378 1982 1852 1102
1029 -518 1360 1479
1129 -45 701 482
752 -1450 -1292 1493
750 -793 330 953
958 765 1622 697
13 1352 1194 791
381 11 1069 7
676 -778 -308 434
58 -1677 878 405
1502 1448 1671 799
578 1007 1248 790
1771 -444 -243 659
98 -1014 674 1393
1957 -1474 -410 1394
598 1517 -836 1210
1227 -1804 -1648 1346
1709 -97 -509 1190
1993 -1515 -1837 856
290 697 -1957 1963
748 1001 -1828 1880
355 -91 -921 76
1938 -454 1897 360
1565 448 344 1776
1335 -763 -1529 605
476 -1449 576 1787
1417 -1379 540 1819
511 -1383 1607 450
1988 -1495 -1370 1961
1425 1115 770 1307
933 1691 748 1097
1296 1253 1643 1497
777 -194 1773 787
1849 -518 1793 1571
574 795 1244 618
1497 1115 -66 973
944 -1313 -1124 868
1404 -568 -1423 1100
764 1651 -103 294
1393 -588 -151 214
768 -235 -1439 1380
1619 1804 -24 430
200 -1569 1040 1956
224 653 -1243 1963
929 -660 1905 923
1621 -686 970 929
601 -900 1041 1070
143 329 158 1525
1948 76 1606 385
91 -118 1944 1053
392 -954 1510 154
1573 -1860 1042 1884
1016 1160 -317 1917
683 1605 1038 105
187 1602 -1520 1361
1850 -620 1886 104
1854 -1640 1375 1641
687 1963 1429 1103
1596 1305 1191 891
535 -116 -129 129
708 -1026 -356 1771
1646 381 -706 1973
1731 -165 606 447
947 1872 -620 111
1684 1473 -143 76
1665 1669 -1119 1764
1686 -1913 -1889 1686
582 -947 -1762 9
662 -1282 -519 660
815 -1327 -478 1923
1871 -656 -1902 201
1785 -799 1983 1336
1024 -1929 10 1770
656 -480 -128 1084
1414 -129 1498 1278
1762 347 1002 468
1292 246 -1217 360
973 -1572 -1745 725
1649 1403 -1258 1021
620 -1659 -927 677
1041 -831 186 884
108 -1386 -1009 1047
1130 -1588 1623 432
396 -469 -1536 1202
248 1653 -357 1671
152 1836 53 1402
1416 -1179 -491 1757
156 1223 -1423 965
1176 1737 580 153
406 1387 260 182
1460 800 -585 1326
579 1750 1424 1412
1337 126 -1268 1089
1552 -829 1727 1603
133 438 1846 1721
1145 1330 1549 1720
1620 1400 1730 265
1645 692 -543 1336
819 -835 882 1815
1543 808 -1236 601
783 -1336 -1022 1911
917 -981 547 1918
1702 808 1745 1679
388 1995 -1731 1198
853 1509 1358 1220
113 -910 -901 1501
1015 -1570 -327 859
1513 310 1045 1761
1515 1489 -260 600
792 134 -709 1293
1117 1585 -1275 705
1724 -1883 -544 1608
171 -1143 -1529 1435
114 1582 -1232 1334
417 -1242 617 330
375 730 153 1500
108 -620 1315 1780
1800 290 956 1855
985 -1032 -852 1006
1042 1026 -968 1381
854 271 -1547 1581
1089 609 1845 1586
1279 -1456 -649 1701
947 -1889 1250 1307
1010 -1414 -1353 1644
245 -906 76 293
1867 1189 -1883 1430
1332 482 828 373
599 -1226 1683 1402
189 -1333 -563 1921
1123 -434 1295 955
1932 -1715 1037 940
1069 -625 -316 1102
160 1761 -587 93
1489 -263 58 154
548 -108 826 1289
589 224 819 754
1462 971 -562 1475
1357 1384 -802 1628
1811 -1715 1918 481
1998 -1632 1204 60
71 1261 -651 1225
957 890 1463 249
1409 573 1965 1887
1864 -559 -220 1430
556 230 568 1992
1019 -184 1127 1192
630 -1322 -491 954
1364 590 -546 246
44 1590 881 280
446 -1346 -1663 787
411 -578 -1222 985
921 -1876 2000 1428
1680 -1832 1634 145
175 -762 -1000 32
119 -815 763 1973
47 -906 401 794
1311 -204 747 1579
1541 894 -1126 1272
163 1754 1518 1526
414 -1803 372 1311
1057 -1573 -814 1597
952 -228 38 1491
326 1331 -832 1908
159 88 -89 1146
1870 -872 -1202 1344
1696 -1147 -609 1417
1400 -1277 -1956 1239
1497 -881 31 1556
1167 -683 -292 364
1478 -1241 1818 1297
273 112 1473 1062
1813 -382 -393 1429
1899 -334 -405 1945
305 -683 148 292
714 -1844 273 1995
281 -1164 -907 773
266 970 307 879
378 -518 450 218
1818 1569 -1728 1164
1759 1627 1619 1419
1989 768 1823 821
1879 1945 795 1275
809 771 -1727 1377
543 -512 1188 1520
499 -683 -815 1877
1171 -815 40 495
1264 -1692 850 676
192 1218 -1064 1613
172 1692 -377 69
1027 -411 -1923 430
741 206 -386 892
282 1281 -638 951
1449 1591 300 78
1 1254 -1821 1039
147 1472 -449 144
949 1882 527 585
753 895 -1624 535
1060 -1622 1847 715
799 1290 1177 121
1017 1591 -1120 330
892 55 -881 778
1700 1372 -410 1066
291 -1457 -1535 607
287 1623 1746 1233
290 1242 999 1149
745 1880 -1079 1636
1766 -863 -1256 1162
31 1981 942 1575
1708 -1604 -1828 633
1772 818 -1490 305
801 -611 -360 129
1199 1042 1111 1092
1521 -1386 255 1062
533 1442 1057 376
171 1949 1253 686
1529 1699 -378 416
1338 -1685 131 236
1962 -1020 -600 1026
1564 -687 -601 1543
1156 1710 529 3
1438 692 -1731 1107
901 -1536 1482 1271
1804 1939 -202 1845
969 -1592 -1335 660
1941 1669 715 834
1837 893 -840 431
1268 -1970 196 1456
1071 864 849 1325
1799 133 1948 1138
939 701 -1304 770
619 -1586 -1929 63
350 -789 712 724
1645 232 -621 1723
1829 -136 -1773 871
1209 -1497 -1494 1516
78 -1725 923 1122
1150 863 -1220 1989
1493 -321 1784 616
391 348 1619 1405
1656 -211 1046 1358
1026 -1649 1116 1608
1363 -1452 429 203
1276 1738 1967 379
1395 -625 1110 1394
834 -1434 -388 1803
1862 -618 -280 1593
1072 275 702 1214
1655 733 193 516
277 -51 1491 1464
646 -1564 -1949 1993
780 1124 660 830
701 -1984 991 685
1363 52 -702 1429
1163 -1601 72 677
199 -1850 1662 1250
668 -1202 1452 517
1541 -218 1419 1243
862 -1189 587 435
281 614 -1713 1284
1852 -1938 298 1428
