2000
547 -1038 1562 1657
811 -519 -1687 1942
649 -37 840 160
182 72 17 667
1055 -1621 -1354 1053
1524 -1279 1301 804
1225 -896 1620 1069
567 -88 582 557
1116 683 1273 620
1895 -1033 1389 69
557 454 -1029 1064
1671 -537 1816 1721
753 309 -666 1726
925 168 539 1860
1006 -1347 -648 314
558 1148 -536 1940
872 710 -1664 313
446 -1323 -344 6
1444 1643 1792 250
1187 -1190 -958 1976
1271 1367 922 1655
50 -760 -1928 1797
247 1421 -1910 1072
1023 -1845 -1703 108
1495 31 1364 1200
80 -1843 551 744
1854 -131 -1151 772
282 1870 -1732 216
288 -986 -185 506
1633 -945 -1609 168
690 -854 747 607
508 -706 1759 1541
778 710 342 1647
958 1164 -803 507
1324 272 -862 1640
940 -437 -649 905
12 -29 657 711
1773 -614 1724 428
722 499 -1994 168
1012 -874 216 31
1424 800 -1831 1128
134 -882 1259 1744
684 -1056 1566 1765
586 -747 998 76
572 -1517 -751 700
915 1389 -323 241
1604 -452 -1463 633
1943 -996 -309 426
1321 -1383 -1836 826
906 -1260 -552 1830
1776 -598 -1860 44
1187 -1296 70 64
639 1788 -1213 1419
1029 -384 1767 1063
1321 -1607 -411 1076
373 -1701 -630 487
885 -1274 1021 1126
1866 98 1558 989
1575 -89 -887 1275
1431 537 769 486
741 -1752 -97 931
834 897 1412 559
82 -1820 249 169
1807 -1214 -800 1541
1813 -757 -1538 202
948 1004 -194 229
1778 -991 1033 1492
294 -103 -539 12
302 -1295 1216 244
1866 -1807 -892 696
1262 -705 -66 758
1028 1585 1464 644
1928 -669 -906 1160
458 1984 564 654
1568 -80 592 1703
817 -153 1689 1236
42 222 621 78
1693 -1190 102 194
142 559 -968 1501
820 -714 1887 244
1294 170 338 1647
1691 -1149 165 393
768 -1023 1260 1298
1975 -1260 433 1309
282 1902 -980 242
1372 -1961 -1830 589
1424 -716 -1636 845
1728 800 131 1782
1943 -1006 1537 448
263 -353 -1495 501
1845 645 1520 1447
1592 -1776 1793 983
1821 -154 121 879
742 292 -668 554
1654 -678 -709 1894
647 -1888 -121 761
516 1997 -1181 1913
303 968 -657 1058
1116 1835 356 1700
340 1765 -1215 179
1667 -1427 1724 21
347 993 -1447 488
591 369 1059 41
248 852 -1004 1725
1748 -1756 -1942 604
1650 1318 1255 1569
695 1246 -757 44
332 -903 1709 1248
1245 -1048 -547 245
443 861 -821 663
251 1194 1879 133
1510 -844 -991 339
551 630 1240 1224
1168 -1515 152 129
1557 -98 -1437 444
1439 621 -25 446
1626 1215 1949 1006
1063 1910 60 343
1387 -301 201 538
1678 -85 1946 1705
1821 1827 -1795 1341
1881 -1246 131 1090
1126 845 1279 582
541 488 1005 333
698 -885 -202 720
1278 1189 -477 1673
686 -218 -1242 1400
1538 -1078 716 641
343 -423 264 396
1102 1553 -836 1684
1706 1377 -525 1113
342 1575 706 750
205 1584 -589 779
880 -502 -965 1131
1700 -282 -556 1903
481 187 1971 1018
4 1672 -1520 20
1181 1394 -11 583
402 1839 -560 1237
203 -1476 -374 911
1636 -1730 -1297 1551
1518 706 849 384
1149 -41 -325 816
379 -800 -434 261
1108 -561 -1107 1221
904 -131 1874 956
1501 925 107 1802
842 -626 1134 835
1101 -1041 -601 781
630 -1400 -189 1237
250 1405 1884 1642
705 1637 -179 1
135 940 582 79
671 -184 -1040 1314
1067 163 -1064 505
1414 12 1680 1367
298 -75 -1145 276
1306 64 -988 124
1194 1449 -1157 1614
577 -1885 175 1485
1518 1957 -856 1011
1600 1516 894 217
957 878 1436 1505
1452 922 485 1964
1627 -1468 -1133 1620
233 1726 1769 979
1693 1928 -1772 330
1389 -1954 1289 1068
1816 510 752 1312
1021 -1642 1675 226
417 -858 -373 1906
1709 1858 -1133 1571
478 413 1703 1118
148 1402 -1944 1821
1779 1603 511 1104
1653 185 -460 811
1493 575 -1976 982
117 -374 -479 700
1849 299 -1843 1724
538 1252 -1633 1547
165 -1052 1346 880
121 1283 -538 1015
1548 -716 -1759 911
855 -1813 -214 284
741 -1499 -510 1941
1528 -1462 -917 1831
292 1031 1237 1504
1010 1260 1881 21
1695 -502 1055 604
10 322 -281 1939
553 1379 -843 1895
1669 1268 -1725 318
1865 1959 483 1374
1511 -1495 350 67
1923 1876 1498 1949
998 1126 720 127
252 766 -1354 1441
1366 1203 -258 1455
1241 -1728 -1943 1417
1422 1080 -1981 1121
704 -1285 456 384
609 -329 -1323 1840
1333 373 935 483
548 96 -1744 1515
1725 707 -1943 1888
1246 -826 111 430
589 -951 1255 1028
770 -1020 -1220 597
682 -1629 252 43
998 378 1231 1487
650 1571 -1125 1938
94 800 1722 1992
576 -105 -447 1864
1472 176 -1963 61
83 987 1439 536
257 -1051 -710 715
1959 -267 653 543
294 507 1055 447
1490 -962 1833 1339
899 -177 -1510 406
103 1004 968 441
782 -647 -603 846
1901 -1619 873 1637
1084 -222 824 1474
72 -700 -1562 909
1506 -1716 1183 64
717 -628 -1902 1949
404 -1773 -1863 982
338 815 -405 723
728 1893 1969 1167
122 -780 -88 315
274 -192 1908 1434
1324 -636 1839 1251
904 -1190 1040 1587
1420 -1805 -1515 1560
415 191 1398 663
607 1833 1356 774
300 -860 -1493 115
538 1291 -1776 1691
1427 -1547 -1856 900
755 -1408 -599 1028
1178 1757 407 439
942 933 133 1212
406 1536 1333 1449
1040 -258 287 1587
780 -987 -445 183
1950 1425 -931 772
256 1317 -1863 1022
1773 448 1200 1101
24 894 -1150 1772
931 -555 -1356 666
776 -894 -71 332
1156 1757 -813 1833
1383 1764 1727 1597
357 1402 -1631 214
1735 -1248 639 1754
1003 -1115 1663 511
928 -1459 1953 98
891 800 -653 1985
870 1379 481 1473
1019 828 208 1880
1901 241 1161 819
383 -1352 1203 34
554 -1904 152 663
1596 1486 -140 1771
212 1985 1587 569
1399 -950 -1912 1425
1918 1196 367 86
262 680 -1647 1841
1966 1623 387 140
1196 -8 1911 263
1289 1224 1216 374
640 -389 1434 752
787 -468 -789 1266
374 1405 232 1003
1186 1838 -1463 765
1347 1114 1751 146
43 -713 302 1557
1549 -1474 -689 85
1250 1707 -1237 677
1687 -1633 486 1039
957 468 -694 860
1752 -1786 180 1725
337 -890 -699 1206
868 -1085 1612 1245
1955 -1424 755 656
1073 739 -1484 60
695 443 53 54
1522 -677 -88 502
1187 -1455 1202 1991
1566 1713 -174 1081
1499 1313 89 703
985 895 874 1474
38 -944 1452 1899
72 -1700 1887 1933
1495 1854 229 1593
1776 1407 1860 1991
980 1501 -1256 196
118 1799 -1572 334
1265 -1885 452 410
144 -21 -1961 399
1284 -1206 1542 1049
1858 786 -922 294
738 -1561 -912 460
401 -1521 -551 113
80 -90 -1855 1106
1074 726 1153 701
226 -1833 1976 486
635 -1065 1677 1078
1950 1002 -264 1255
224 661 -8 25
1529 -920 167 1313
821 -660 560 1221
711 -983 1178 657
466 1578 -1857 52
590 -782 1280 1428
57 699 -1268 614
3 -48 -1288 1991
1184 1937 -1225 1718
1130 -1010 -814 231
253 731 -317 545
953 813 1694 225
84 -1944 823 133
1525 126 1495 1426
1834 897 -1520 79
915 -1944 -1757 1879
1700 1941 822 1483
1031 -559 -1321 782
696 513 1935 1975
1687 1651 1408 818
1738 778 -933 1567
184 515 481 1874
1439 746 -1897 417
366 -1534 -58 1114
108 -1567 -1055 298
1023 646 -1957 1590
518 -1039 905 1318
1920 -867 1158 1477
1507 -1574 -1596 371
294 1098 342 1075
1318 64 -1045 829
149 -861 -313 1517
662 1034 -1593 1266
131 1248 734 1616
1079 912 1697 1598
117 422 -711 489
367 -1424 1326 335
143 1662 931 389
721 1465 882 802
1847 1870 551 1298
260 1680 -1790 547
338 1642 -1287 1355
1804 -1171 -1277 1536
868 -97 -1110 1742
1246 -1827 1055 1893
1331 -681 -1537 1593
1568 1156 -1573 1584
4 6 -966 1911
181 -660 -1270 1342
956 -1344 38 615
932 -1721 -1199 923
159 419 -255 101
337 1678 1189 1829
307 914 -1757 1694
865 -1877 -1064 1816
1725 -558 857 799
1850 235 -566 1154
1617 419 1303 1749
1391 -29 1346 751
581 -1265 953 589
807 -1104 1752 1917
542 -1788 458 1620
1894 -1343 -742 1176
1504 -1631 -1303 1911
81 -957 -1062 1039
1377 1807 1201 1043
686 -1498 253 1676
166 1476 1251 1142
1008 134 -1144 79
132 -1056 1608 1275
1070 1562 -975 178
607 799 798 1473
284 255 -1768 1541
365 1393 -1150 1827
975 305 -518 819
1827 266 -1266 1424
1021 -12 -1653 1769
421 820 1710 1812
425 -1786 790 246
473 -1571 134 555
1914 -960 -1441 1380
1428 -1501 1827 68
612 947 -1988 307
1163 1247 1534 235
444 -792 -1111 1662
1170 -1288 1176 109
648 -1675 126 1170
1407 986 1881 1528
683 -1692 -1647 221
1350 -1990 -82 1735
188 163 -497 684
1470 108 972 1272
399 -1465 -476 1131
314 -119 89 1416
105 1132 1298 1928
655 -552 -138 533
1520 -1223 -1029 1007
1444 -438 220 1674
1656 410 -1472 110
956 886 844 982
629 -54 -1616 258
1565 -546 849 1365
862 1579 -428 791
475 848 -1442 1508
520 447 -1941 394
1788 -1157 -748 1391
838 488 1907 378
181 -962 925 1205
1983 -1788 -870 1826
235 502 -1105 1346
247 -445 -1888 1999
194 -317 1983 1139
1299 664 -812 1951
688 1485 -577 342
248 886 1777 879
794 912 1046 1238
572 106 168 459
933 232 1070 705
578 -485 -1182 1008
965 -468 -892 1957
577 831 -752 637
1408 -252 1238 1309
1261 989 -258 381
298 859 -1441 1736
635 1173 -1267 333
329 -1011 -475 1089
561 374 1932 827
1602 -932 765 1527
83 1163 -745 996
1914 1721 -490 1590
230 807 1404 852
1174 1097 -1187 1851
447 553 570 313
1210 -253 -1457 18
723 488 -255 1407
1643 -558 -415 346
775 -500 1476 436
160 417 301 304
1745 -864 1509 1349
780 358 1470 559
101 1382 259 686
261 -223 702 933
392 567 -1986 1452
656 927 -141 79
496 -1365 1435 926
1249 -574 1586 635
352 -1982 525 1838
1198 1291 -1128 852
1695 -1021 1940 924
828 1282 -634 521
737 1425 -1997 3
431 -1169 -66 1349
1931 -1262 -918 1392
205 -1839 1155 407
1330 1465 1062 2
1867 958 1005 1611
348 753 1319 1027
397 -753 1643 270
1356 -142 -188 1331
778 475 659 1869
297 -932 481 1564
1989 -1919 1356 1477
1128 1597 811 1694
1587 -752 -457 1171
1132 -450 -404 1204
186 225 1480 724
1883 1189 926 108
432 -681 65 709
459 -1455 -1856 1826
551 -1006 -474 1764
1216 335 1909 1779
1095 1470 1782 924
575 -742 -1480 1742
595 -1651 -1565 796
1054 -1180 624 1390
721 -1710 934 1199
848 963 1340 928
1381 407 -1183 1140
1436 142 -120 1042
453 -229 564 1639
1894 1434 -509 1601
630 1302 -640 1413
1011 843 -1096 185
301 948 -1749 1194
25 1919 -903 664
206 256 574 869
219 1217 -223 282
32 1735 825 1907
1472 -565 -932 557
597 -841 -1945 1135
1644 -690 -1412 1326
773 349 1244 279
1620 -53 -514 41
691 347 -1362 1016
1102 -1047 -734 92
69 216 -514 1824
653 1634 1552 259
463 -1472 -1127 522
1448 172 1164 1644
1208 -111 1372 356
883 -1286 1902 419
1603 -578 1439 1916
1475 -1266 422 1974
5 -1088 -1178 782
1742 173 342 242
885 -1069 638 1303
1431 -281 1776 195
1382 -545 -1897 1875
1413 1744 1522 1527
430 703 -1284 1169
1564 -677 1732 250
1873 -800 993 1485
1969 -1194 -1982 1770
213 831 100 516
74 840 591 836
1647 1803 -37 867
1402 -1421 1881 612
1428 1416 232 680
1304 1840 -1761 279
1944 -371 -1021 846
440 1498 1388 539
1393 91 1426 227
1936 -1243 774 237
324 -1365 -965 1205
851 1520 -171 362
1269 600 -1019 127
888 427 1936 1502
762 292 911 672
722 16 -600 678
904 -1604 -524 260
345 -329 -1726 1600
628 -1729 -762 1927
1983 -85 -1038 121
866 367 -339 392
106 -115 585 1581
1912 1653 1496 659
800 -174 -673 1178
699 -757 1509 1109
1429 -644 390 300
1503 896 -1701 1211
718 691 -1180 753
314 -609 1557 434
1632 1042 1728 1638
1233 -954 1738 1224
1457 1706 381 1655
152 789 -368 1384
308 1979 1436 402
1925 1374 365 1584
448 -1899 1298 723
1325 -930 374 1454
1369 1777 -1426 200
453 331 946 749
85 862 1635 1134
353 -331 1585 364
1431 -1017 -938 113
727 683 -1899 631
1126 1801 976 1854
796 1185 322 1499
838 1620 -1927 595
1508 1358 -1522 1268
764 1867 1411 1853
1077 377 -1775 193
749 1416 959 537
1108 1258 -202 1198
895 1666 1534 1843
1477 1923 -851 409
1397 224 -969 1592
815 -1021 831 733
694 -226 1329 1510
149 -1809 -942 24
486 -1702 -832 1338
492 -289 -319 1863
1579 -465 -1912 1056
1834 -1289 1784 856
1000 1543 1923 902
916 193 -442 374
1204 1410 841 1896
335 1730 -242 720
947 -225 -1559 964
1168 -931 -446 529
122 -922 -231 199
1499 209 -1427 1736
638 163 1261 1869
661 -1821 -38 1025
1333 -653 -148 1988
1109 -902 1414 1641
1571 998 -491 1624
1742 1354 1969 1581
1804 715 -1502 455
1254 -1323 417 1754
1304 1906 1376 445
546 676 -1084 813
649 696 -1352 1080
1558 939 54 467
86 52 -1246 853
1480 -1508 -916 57
1570 1938 -1722 1808
1485 -1393 1656 1373
1972 945 -326 119
1257 1407 -1274 1834
1520 583 93 1366
1474 974 1703 1423
460 -1274 893 795
317 -1814 1650 791
795 1341 896 1171
239 1130 -1171 1665
308 628 -1547 1642
268 902 847 313
283 -601 -389 381
1770 1303 -1294 972
1365 -761 -118 1067
1790 1216 52 566
248 -1186 106 1694
1708 719 -1506 1686
471 -949 1845 1190
554 406 678 1096
1129 1603 -1707 270
1181 -197 -937 1002
98 390 1169 1171
1561 519 -1139 1639
1511 -1871 -89 564
1141 -866 324 1085
446 -757 904 1771
1395 1813 -159 105
1226 -352 -654 1399
43 -33 -1070 585
1906 289 1118 309
496 577 275 792
1882 -1726 1988 690
1224 -453 -843 1237
695 667 -1258 730
952 -594 988 1244
415 323 1578 138
1940 -1310 -1975 1673
1013 729 1953 1553
66 619 777 1531
960 619 1570 329
1159 634 911 1982
4 544 1578 178
472 1243 213 511
1318 1853 1456 615
441 -248 280 123
1404 655 982 101
1360 -1044 -1038 95
313 -605 -1930 938
1537 -837 -374 329
1156 1896 1578 1763
931 679 1968 1572
385 136 -1076 844
1369 -784 350 798
486 258 -462 1587
328 -470 456 581
774 -1252 486 820
199 1450 -1500 340
1720 -992 -1086 1069
1753 -1756 1833 298
1520 -1616 -754 1771
916 -1736 1114 803
1219 1616 -1906 1706
956 -1256 -1337 1211
1990 1607 -304 343
1112 1439 426 1777
254 -1596 498 1329
1179 1314 652 497
81 -1830 1811 1747
1274 1839 -304 1192
435 971 -721 682
1036 1716 898 131
537 462 1380 1860
196 -602 1550 1647
1640 200 -362 1646
1927 1159 -993 106
614 328 -1810 1876
268 -1614 -1433 1919
598 1520 1771 1411
1254 247 -71 1004
1247 1186 -1195 1434
1627 -648 -1213 575
389 1361 -754 772
1727 129 -1494 579
1646 1141 1963 798
1257 458 -1255 775
1101 1926 -1715 1414
156 1530 -1938 55
889 -1857 428 729
1869 -179 -1508 528
1606 55 -469 595
1427 -24 -1034 334
1833 1772 686 1218
993 1907 1902 816
1479 -989 1361 1410
1949 -1660 1049 34
1382 -100 786 593
283 508 64 722
41 1888 86 1164
1089 -852 -628 1051
39 1103 -359 591
500 -465 -703 1851
1524 -193 -304 1095
121 -1958 599 1087
1894 1940 169 1395
116 624 484 1701
1472 -511 -619 1997
1003 -487 -1880 8
1417 -125 1793 117
579 2 1946 1527
581 776 1553 1910
912 1863 -719 317
169 372 -1303 1949
1272 -1692 -1864 1417
634 469 -621 1192
880 103 416 1927
1614 172 1121 1220
1021 1476 -645 1924
1065 1116 1875 157
291 214 1692 1821
1360 652 -153 1713
1816 854 772 1887
264 -1134 818 1165
1808 -1757 1312 1719
534 343 -1382 1453
466 1573 88 642
1472 -342 -31 1422
1937 1980 1950 1277
569 649 1948 31
562 -1122 -1062 902
536 -479 292 714
1676 -104 -69 1752
594 1561 -1867 1423
194 -1495 -887 1026
714 1029 -1824 9
1002 -1922 582 431
1078 924 -424 149
376 -1019 294 206
860 -1429 -511 1505
195 -1316 1110 395
912 1850 -317 666
686 1170 -68 866
663 689 -315 124
30 -1932 994 1730
231 1527 586 533
1994 -1700 797 1223
755 641 389 897
341 1778 1510 1822
434 1791 5 206
196 -1311 -382 1461
1864 1961 -306 217
46 -962 -1982 1511
746 -981 -1748 654
742 -835 515 1650
1086 299 -1647 1675
674 693 -1703 755
1383 9 807 684
1575 -254 220 888
1916 -1691 -1576 127
1673 -1902 1568 1100
1249 -336 -990 1328
1966 -688 1956 798
1787 146 610 701
1322 -425 1694 1274
80 -691 -1189 979
164 1842 797 1228
1027 1653 731 622
767 1746 -806 323
1019 -342 -1252 140
1969 1062 -1553 1899
892 768 382 249
1630 -428 -1645 657
987 -801 -985 1683
940 699 -1092 210
1774 -417 -1524 790
416 738 265 1915
361 -387 -1842 593
1775 1069 1373 250
1360 542 -884 1438
269 -1779 -1745 1690
330 168 -954 60
944 1524 1786 505
268 844 1539 840
669 398 1244 1957
233 -1637 1907 399
1448 829 -1144 1385
1448 979 1264 365
984 1392 22 1684
877 -1794 -1115 879
1743 -1275 -1582 1554
1293 737 0 323
1557 -736 -852 351
141 -1494 -608 822
1197 -1325 -71 506
338 561 -508 308
1965 -926 -751 1343
1570 1840 881 1611
938 1576 -651 1851
241 1778 -304 1479
40 -1500 -849 1563
436 222 -1734 86
1101 -576 1123 1740
1120 -1187 -551 1221
286 -256 1164 796
475 1651 -1579 48
783 -1107 -1927 262
1016 1987 -1170 1045
1431 -805 653 1784
254 -1659 231 1216
1336 1163 -1275 1728
1681 -266 220 367
1546 1969 -362 745
1511 -733 1200 207
368 769 1833 1074
307 1058 413 76
1088 844 -1088 855
1740 489 946 99
1263 -506 -793 805
1334 870 -137 562
1697 1673 728 1352
1734 749 -1676 102
204 973 1590 1119
33 1069 564 1404
709 618 -810 86
1277 -949 1296 815
769 1514 1111 474
1581 -1358 28 319
1300 1062 -469 1433
408 -1464 862 567
308 -796 -966 558
1602 117 1733 245
997 1286 343 407
433 -1332 1333 597
110 800 -160 1202
1032 -543 556 1829
1282 -38 -773 1642
1390 1379 -1520 1377
854 1791 -1085 1166
1687 139 239 1799
1137 1797 653 1737
152 841 366 1972
1350 1279 -1484 666
1174 1994 843 1220
1179 -1512 1696 1389
311 -728 -962 357
964 -1559 1655 1647
271 1041 -242 243
1047 -166 -48 909
35 792 -135 1900
649 155 -1707 100
56 779 159 1852
767 -897 1116 1169
803 1011 -1957 1121
1293 1945 -144 769
1770 -1726 -1564 1272
569 1107 -1980 1793
1600 -220 -1737 301
1480 974 1513 255
716 -1523 302 686
1790 248 -839 1462
1971 -1496 -474 231
1666 -1086 -76 1781
1032 -1535 112 134
1638 -730 966 1911
1010 -1396 222 1496
914 -1433 -1492 1659
308 364 -204 617
1753 -491 1738 765
933 1434 -1140 1622
529 636 1530 9
1481 1552 -1068 14
1935 1676 -1702 1902
262 567 -1425 971
1735 1042 731 72
751 348 918 1421
1967 37 189 852
1243 -1915 -696 863
1132 454 -554 1184
110 392 -234 1646
370 1116 -1798 999
1309 1106 1525 1352
376 281 -1275 1399
494 -613 -76 1258
1121 1094 -1615 1613
932 -1363 -915 752
482 -1665 1807 1095
630 -1105 60 520
1217 -394 114 560
1160 238 1724 815
339 101 -1773 967
1919 159 1569 193
669 1955 -868 1512
305 281 -1670 1755
755 -457 -249 815
1617 -1981 -392 1243
1388 -1905 -1118 523
438 1259 1398 1662
330 -1155 -1932 1080
1140 1534 -258 209
1221 480 -116 1843
769 1290 -255 1087
384 53 -1486 1449
1792 1126 -801 616
1937 -284 1488 1895
1368 -966 221 631
1933 -574 1728 603
124 360 1227 1594
1640 -1699 791 1824
1524 -1851 494 61
616 -849 1818 500
1874 389 169 1950
1314 888 -897 1701
1308 -573 -775 1785
122 973 393 606
1256 -1965 -99 1820
278 722 -877 1150
938 -1450 -1923 916
11 -1710 315 65
1239 -902 189 957
846 1769 667 1795
1220 -1208 -1834 1300
1539 719 1179 915
1926 -617 1904 72
1824 218 -1868 109
1475 -1411 -427 1251
953 1470 -1374 526
495 96 -1142 1445
1925 273 1122 1651
1471 764 -1384 217
407 -846 -1662 1449
1016 1527 -381 572
1493 -1230 -1079 1390
624 -1882 1051 477
467 -1485 -354 1949
1083 1713 -796 1958
1207 -1318 981 980
93 -1702 -1383 1607
662 -412 -590 1633
1949 127 1650 1738
437 -205 -1169 1935
880 1876 -1436 495
1288 -786 827 1789
57 -994 272 1217
101 -401 -66 1367
1791 -1275 -514 350
1920 -1306 1853 1961
454 -1126 -1256 498
1264 1690 -1265 914
115 336 -1402 219
264 -732 826 926
987 49 1740 1189
1790 -1327 -263 794
1860 -1198 -356 334
1366 -100 -1520 1267
1297 1668 -339 1282
1222 -672 689 1335
1321 -1700 -294 192
947 81 822 145
1297 -341 -1501 402
562 -1640 235 127
780 986 -1568 1735
887 928 -1294 1359
1552 -154 1414 268
840 -738 -827 1532
643 1865 1851 1054
1482 379 -1580 37
1929 -1374 -1760 473
113 -57 652 197
1927 1189 -1752 250
1971 -248 -309 987
707 -531 -256 1263
901 -790 186 1683
1616 -104 861 533
1484 1933 904 1290
1717 403 496 360
300 -1136 824 1645
1558 274 -774 1558
587 113 -1806 169
1400 -222 614 540
573 -1640 267 107
112 1599 -227 342
1801 -389 -636 944
1508 -1242 -457 929
306 103 1245 1701
872 -1089 -1302 92
1406 -924 1970 1624
913 -1286 543 33
977 -421 -1202 1492
420 -1784 139 192
689 1056 -1555 680
1302 80 1140 1140
1011 716 -555 1743
285 440 -634 442
1276 401 370 504
620 -93 1236 1808
1200 -461 176 735
1770 248 -511 1299
629 -1691 -1031 1072
492 1773 -1128 735
383 967 -763 1946
37 1927 1054 1682
645 -1000 1315 1385
620 53 -261 1944
906 923 429 490
660 -188 236 239
1604 932 1000 746
484 -1184 42 516
839 -1233 -791 1463
65 1676 -373 1555
393 -1092 -1219 396
910 -924 763 1258
303 1230 300 407
1682 -1029 -3 341
830 1542 878 774
1264 1908 -476 1778
1562 -200 -953 1748
1135 -560 1003 1101
745 -1829 -113 688
484 -318 321 1668
1584 -1591 1553 166
386 -1674 -753 644
147 -421 1632 594
1280 -551 1780 169
1992 -186 1635 195
609 -1733 307 1889
548 1647 1952 277
1452 1037 -1299 1064
1787 -1799 1566 1877
1302 1294 -1606 1148
1492 -1577 1576 1776
738 735 116 361
322 1824 -1666 1571
327 732 -1005 973
250 -1985 822 1532
729 -517 -499 869
1330 -1797 649 1958
1213 -1093 -213 1901
255 1655 1587 719
472 463 268 739
678 1228 796 1749
879 -873 161 259
508 1490 -1349 1139
504 -816 -1590 1515
133 -508 -1382 1080
1815 -1247 -532 584
1015 1593 -325 1152
1889 1135 913 1862
774 1573 -1533 1575
1675 -445 400 1091
1864 -705 -907 1324
571 1384 691 379
1586 -919 913 1275
1908 445 -345 300
521 848 -794 1537
621 407 -1786 1682
193 -394 321 1739
1882 1088 936 699
1056 -107 -545 86
1856 -1170 -1519 84
1211 337 1447 1168
853 -57 -131 1145
887 -1415 1093 1588
1005 1832 292 232
104 -209 -1843 496
284 -1079 385 797
1348 -195 -739 498
298 -1211 -361 1110
271 611 -483 805
1993 1294 427 1695
623 -974 1300 312
1535 -1261 -1865 1030
953 -256 1000 1095
722 -991 557 1000
418 -178 -1276 1086
22 -1035 -524 961
1534 -498 584 1452
720 1905 -1314 1903
883 -1284 1708 1421
1717 -37 1034 798
1478 44 192 1166
411 1641 -1529 220
1116 796 -1942 908
1734 -1985 375 1974
601 -1638 1102 1797
410 1745 -1591 1048
1155 1743 -480 1396
1855 1672 1060 1232
1038 -1587 1472 55
1671 69 -165 1530
17 108 -1300 1052
1448 -1386 1473 1572
383 -265 1020 1630
440 1664 271 1594
829 175 1983 1612
1227 -552 674 170
402 -1250 635 305
38 -1969 308 769
1489 981 159 44
1343 1324 1297 315
1744 1886 -1675 537
505 803 -1458 918
1971 -1276 536 725
923 565 1826 1582
1840 -1201 1363 13
345 832 19 289
556 -1367 487 366
280 659 -939 1787
1772 1603 -489 1445
429 1164 1812 1226
1220 -323 -1110 303
158 -1557 -449 1595
634 -1918 844 73
671 752 -923 1658
1395 1064 484 1953
5 -862 -87 1141
212 343 1144 50
949 196 -1400 472
417 -1889 1222 1371
292 614 -817 881
1648 178 1294 983
872 38 -10 1869
1317 1228 -1858 1381
948 880 1184 296
902 629 -121 225
943 -1951 508 607
1848 -432 1136 1287
142 426 -19 1776
1648 429 -652 1526
1988 -378 -1050 1688
946 828 1442 714
88 -1703 -1858 532
564 663 781 1248
1773 1270 257 1280
1547 -1600 -1281 757
1114 -432 1987 857
956 -833 1020 1159
532 826 1185 157
251 1954 808 1649
1438 1881 -784 1065
1294 1478 -247 1617
287 752 196 1049
761 512 -1176 933
842 580 1834 283
739 1690 1803 888
1990 1693 1817 12
1951 -1197 1011 201
1688 -1368 -1945 776
66 363 -597 116
1171 1486 -1834 876
1203 -1647 1772 1285
94 -812 -1968 1030
1829 1667 444 267
156 1297 1820 1395
1822 1038 -1917 1698
996 -1938 1250 1311
1842 -439 401 231
1723 -385 544 552
1383 -1017 1732 695
692 1738 1386 283
1858 1268 -1543 879
406 -1854 -1801 340
152 -115 157 1132
1909 1102 -655 305
573 -1595 -1404 1676
390 1713 1311 1902
295 -791 -785 1674
1502 -1817 1591 825
1995 849 -150 1621
1602 -367 1452 1678
557 1904 1086 584
1016 1370 -428 331
1331 -992 476 834
996 -1549 107 1052
530 -1074 1679 1022
971 693 52 1888
1583 -1706 1449 11
1442 -312 -867 193
750 -1172 1570 837
1471 -1302 1829 926
1653 -336 1680 89
325 -270 -1128 852
457 1439 -1644 1764
331 -1682 -482 1872
702 989 -1431 819
1765 -729 -394 1678
1658 1544 2000 1043
1417 654 1928 299
370 -797 386 1266
1194 105 819 1909
1962 953 -1303 251
1663 -254 867 1561
1720 627 193 28
108 -1698 -1960 260
1553 -384 -1642 1299
1094 -911 -723 1473
826 396 3 1099
66 1442 -1063 1392
711 1174 -1514 1427
1109 -1258 -777 572
174 1715 105 935
821 838 1368 99
1556 -598 638 451
1382 170 198 785
621 1068 635 1222
1341 602 1574 1828
1551 -1386 1338 1068
1759 -50 -741 536
431 600 -1006 1362
1570 -966 -1499 843
1137 -228 -179 1445
234 150 -1993 873
572 -1941 -741 1362
44 -13 943 240
1858 1066 1189 375
973 194 953 909
699 1832 -663 447
1650 -957 -1426 476
1722 242 999 729
849 1590 -235 251
1253 390 1919 1744
877 -565 149 1719
1441 -681 -606 1443
285 -1523 1245 988
1506 -1676 -1131 397
469 1714 1308 551
591 -1412 -605 189
763 1793 1949 838
1690 853 -1500 543
1826 -1154 -524 86
715 215 292 1088
353 587 1401 643
1893 327 -1503 365
780 358 -1656 1595
1838 -1718 1529 419
376 -903 -571 91
1771 -280 -145 1199
570 -860 647 607
1056 -164 -1026 1998
568 -1776 1848 1860
1251 561 1083 349
870 -1834 558 1128
1769 -1595 717 1178
729 1186 -531 1944
342 114 1906 352
1686 135 1169 1025
384 -353 -1256 973
338 577 -211 1774
940 1898 -664 1263
131 -330 667 863
1999 -400 1792 1410
1629 -1887 -140 975
1837 -526 685 1618
933 366 1157 1340
1884 -765 -1782 174
1552 134 -1425 1714
1761 -1720 -1485 674
1155 -534 -1965 1919
1616 1120 -1191 171
1972 -1001 -776 1919
1151 1532 -727 710
150 -77 -1124 624
675 552 740 1856
992 -539 -1429 879
1984 -778 -1855 599
1319 736 234 392
348 -116 1916 582
366 1873 -1781 1368
1404 -1163 1830 1115
300 -49 -1612 1550
1029 -1306 -453 692
1028 -1046 -51 389
731 -954 759 1100
413 1905 -421 730
1588 -1640 -527 1794
284 -270 -921 1723
773 219 1427 1713
1972 1381 -1541 181
1394 -568 523 984
1324 1213 129 1892
1729 -1314 172 1843
616 -235 547 1110
1223 -1285 470 1535
925 -1015 1113 999
377 -1063 -1203 169
1632 212 -1061 1749
251 1806 924 1694
1574 1230 -562 620
99 90 1743 1819
1253 635 -713 10
1141 1778 -1350 1997
305 -866 -1213 412
696 -777 -1082 2
1343 1033 1046 670
1951 -991 1450 1637
180 1909 -635 958
127 -1981 1025 501
885 1597 -1682 952
1791 932 -978 909
408 1812 -1965 218
1010 -539 -1035 748
1249 -305 -1224 769
782 -936 -340 1837
981 996 356 1161
695 1567 1393 1183
713 1247 -1069 256
1348 -738 -1364 606
115 -1659 1740 2
1415 -984 937 1687
1270 1402 1030 1309
440 -543 1218 871
89 -1188 436 189
618 -1044 1839 747
1616 987 -1932 752
3 -1658 764 656
865 -550 503 1267
376 537 -1775 707
1375 -790 401 994
702 558 979 1314
1521 -1375 -1890 1387
537 1304 -161 1144
635 1694 -706 1850
1903 -1840 1159 580
1778 -406 805 1501
340 1190 1800 833
1531 -99 254 1360
399 -1825 -1827 270
1707 -94 1023 209
1075 1067 -1235 935
1512 7 -287 13
1861 374 -290 504
1974 -39 -1110 1296
1676 1326 1237 1120
282 -519 657 1576
1723 1459 1632 1227
1722 592 705 1505
1191 90 -71 534
873 -490 1085 425
679 1024 -1812 622
702 -737 -762 429
1918 -988 -1649 1120
1901 -1409 -1216 1401
834 -765 828 906
1371 1961 709 1739
424 871 668 455
1597 152 -1161 655
1124 215 -210 1829
1529 1123 -406 1619
1276 1188 -1784 1954
882 1828 245 835
645 -817 -1465 1258
367 -220 176 1965
1027 -1247 1966 825
1428 -1896 -830 846
316 1865 -315 1742
231 1519 -1623 1778
1605 -56 -676 1797
491 1397 -203 678
1762 -855 -253 1803
567 1332 -1035 1449
1802 -1850 -1040 1213
623 1123 -600 822
912 -1396 1117 856
328 744 -1261 730
1369 -1884 -1066 425
1431 -127 287 1155
1500 1056 1141 1725
594 -27 -60 974
1900 -1135 -1355 945
205 933 959 503
1214 268 -621 307
1325 1093 -1754 1996
169 458 -835 46
999 -1255 121 1385
912 1281 1376 1904
1440 1102 1847 412
1273 -1177 1163 999
1662 -1769 -912 369
840 -1344 1188 703
1957 -2000 -1176 1830
868 -426 1873 468
1306 1345 231 1256
1263 -1529 350 1029
914 -1241 1493 1475
337 -456 1885 94
626 -386 1021 1653
109 313 920 1452
144 1948 -259 107
442 645 -651 108
928 111 1694 689
1530 -1122 569 1611
391 -1528 1299 1652
1557 1214 -105 695
1194 -106 543 1298
1070 1965 1620 1483
1566 1353 -1847 1608
363 723 957 1749
1849 -581 -233 290
304 -1298 -67 419
1375 -881 -973 814
1620 -1336 999 1376
1861 322 -604 441
682 -239 -1007 1851
928 -140 -1778 1327
1127 1616 787 415
405 -662 -600 845
242 905 1789 1451
602 1804 1215 1345
302 34 -187 603
35 -1037 1939 840
1393 -1961 -1978 172
853 273 315 1982
1263 -235 1973 411
1413 26 1168 785
1934 1450 -496 1445
504 -893 1470 862
483 -714 -18 663
1076 824 332 833
787 1383 -1619 1982
509 -118 -1702 951
994 957 1137 72
1752 -1502 -46 783
1718 -1733 -341 1760
794 939 381 611
852 -365 1313 1061
1945 -671 711 691
1632 -263 -1694 370
56 -1292 -1061 890
400 1225 -1592 1446
1806 -1342 -10 837
313 -909 -631 1548
287 1459 -513 354
688 1764 1954 339
1376 -339 -1561 1134
1609 1912 549 1175
1559 700 -1814 181
1418 995 -827 261
263 -252 -1445 341
216 -611 -624 314
247 -1933 681 59
1943 -1470 -981 307
1275 174 -1835 707
1853 1580 -366 1085
1737 -1563 -1584 1082
1823 703 972 1397
596 -1622 -1760 1102
1985 1640 1830 1289
691 408 438 1852
89 1217 1321 84
1594 -1349 -241 992
1276 -1475 1383 789
1678 1357 1526 648
1823 614 -1718 183
436 409 -1480 1249
1494 -1179 -1338 473
146 -928 611 951
1015 631 -92 439
123 -1594 -1628 1319
967 -598 -1780 557
1590 -1388 1836 576
1642 1695 1323 1722
1479 1865 130 140
1654 -918 1773 186
1204 94 -137 1755
1056 -1828 1694 1722
2000 1570 -840 1192
412 1730 -73 1335
1906 36 -1385 80
1329 -209 1042 542
1198 1568 516 81
274 1741 1427 1101
601 -310 -631 440
932 56 1681 191
1016 -589 770 1521
1293 -1534 821 946
1745 1436 -1572 1834
1458 -149 1460 244
375 1536 -1601 1295
1736 -1953 1337 160
833 517 -1684 78
324 -393 1115 485
851 1011 519 708
858 -1132 1040 1487
1299 702 1427 1261
1215 -1894 791 459
1796 733 -1956 103
1530 951 1390 1862
1693 -1210 -687 302
350 -1753 1683 1788
1106 515 1287 1216
17 206 1966 45
1160 -762 -1046 1082
1912 -455 157 691
405 1153 -1887 1528
1287 -1684 1038 188
124 -704 1434 375
212 -1704 -1271 357
1204 -1547 1619 1957
612 83 1021 107
977 790 -695 1871
1307 -1908 1884 76
1848 1755 1142 1841
1887 -33 500 323
1806 -89 117 1577
1205 763 -1291 1167
169 -797 -886 196
162 1052 -736 524
13 -1558 -1888 1582
394 1410 -1650 902
991 831 -1818 1301
291 636 -1711 924
580 923 -1312 1285
658 -278 406 458
785 -1189 -1788 1756
1867 -1284 895 605
364 -405 -753 998
788 1567 -386 386
1225 -167 -1748 337
674 -1642 702 86
1661 1199 1147 1050
809 -665 201 902
1133 1413 1438 1885
1584 1729 -1287 1984
766 -718 1418 423
1737 -1474 -1921 431
1606 -1406 1749 903
1676 -907 -686 770
505 615 -538 1448
1260 746 -1278 372
1468 1496 542 1479
415 -1840 1306 1812
436 100 -345 434
1466 -1438 660 621
934 -837 541 1734
1345 1802 -1149 142
1128 -669 -1338 415
1210 -1254 -702 1411
1230 526 -1432 986
1258 1994 926 121
269 -275 1077 758
534 -1617 515 1453
1418 1373 -564 174
690 -326 -799 1484
954 1324 1945 223
1012 360 -547 947
1187 1711 1501 343
656 730 1260 1519
1609 -1492 -663 691
1629 1960 -789 574
513 1862 -25 1487
254 -713 -623 1675
304 1594 480 1305
1401 497 1653 1236
1740 591 68 1869
258 74 -1198 1383
1512 25 1151 745
1215 1774 505 1088
1483 -251 216 1370
1717 -1862 -930 1083
41 -1410 1557 348
136 337 1231 711
375 -302 -457 733
1839 1077 82 576
331 572 1948 1897
93 -1208 1065 1795
1801 -1883 176 1966
1399 -1660 -1096 285
1525 -223 -794 1480
1780 -1536 -733 987
1494 112 1301 1605
1655 635 867 1434
865 -291 971 626
965 1084 -428 887
1225 -1958 86 1115
1573 1500 -1662 1488
789 -1377 177 414
1114 695 -1046 64
1609 -284 -681 1287
1850 1888 -330 806
1978 -1197 -1030 740
1065 -1257 -1295 1629
1149 -1812 827 1681
1582 1634 -256 132
696 1388 11 780
860 -1324 1187 1542
1038 1442 -1003 754
1464 1461 1892 1810
902 -1515 1800 703
457 -525 1955 1988
468 -1412 1605 497
738 1089 -1331 1561
1070 -1136 -940 1428
713 238 -1576 222
935 1956 -1383 1318
1570 -1699 -758 1392
1606 1841 -612 1636
739 1921 1949 572
1359 1232 1404 1674
1201 1586 -1123 544
1015 -772 -1147 1685
1953 -1965 -75 455
1747 1821 -732 1988
1207 1346 -469 1663
633 -661 1886 866
1369 524 531 838
1644 -1506 438 1868
588 -1783 -1929 711
1203 -1928 -1825 944
1844 1157 1643 977
883 121 921 538
423 777 1562 320
1167 -1302 -444 1065
1242 -12 -805 241
525 -346 313 1655
1346 729 -1955 1136
1139 -1713 -1276 52
115 -68 -994 940
53 911 -88 779
867 -833 -663 769
1256 -232 560 57
1750 444 -845 1613
1026 -857 -1654 1756
1379 -1100 1479 123
950 -1398 335 1649
1485 -530 -1091 73
1947 365 499 1252
713 1803 1108 1652
1861 1801 -996 563
1598 1616 0 1450
1561 -88 -386 1866
1455 1715 1589 1494
1996 1996 -1227 311
82 -1376 532 439
20 -86 -671 246
1627 -1462 -501 921
53 -883 571 965
641 1089 -961 1240
1508 834 598 193
1287 1680 -580 499
1510 -480 -642 726
786 -696 -1310 1030
1376 498 1967 354
473 -1343 595 286
376 309 892 1937
1311 522 -671 1928
1538 -786 -1988 1649
1529 -552 1005 1313
611 -919 -1140 1503
14 1512 158 678
1648 314 -815 231
321 -1877 1247 1845
1182 1105 181 919
1576 -160 -913 665
771 -961 990 1387
504 -1738 219 1873
1635 641 124 1777
1749 1655 -97 1736
1235 1493 340 1877
965 1334 446 1101
1592 1517 1990 309
1853 -412 1597 203
1703 1605 -1555 1198
401 -402 152 273
86 -1710 -744 924
1719 1549 1836 587
1993 -972 1176 909
1908 1400 1523 1526
661 1594 1286 1517
700 941 1207 383
367 263 45 282
1830 325 582 419
1004 -1473 274 241
564 -304 -190 1007
1730 -1439 334 46
558 -457 1582 1120
149 -1398 770 750
855 137 1523 580
458 -1606 1894 1424
805 -507 477 390
1766 -1184 -661 1630
269 -1784 -425 1732
1631 -842 -377 1624
1604 -680 -1109 268
1512 -610 519 553
510 594 1401 554
760 -322 1928 526
144 -395 1009 1434
467 1490 1442 1685
577 -1629 -908 315
446 -854 -1502 1051
1716 1182 -1077 1097
1167 -1119 -645 876
1647 -270 1064 353
42 1513 2 806
695 258 -398 880
1443 1407 -1163 758
896 1067 -68 211
1474 -1795 -643 1384
512 804 1238 983
1529 843 942 1161
1244 1832 -75 1449
318 -786 672 1591
888 1664 -890 1495
1799 100 -1759 1119
1211 -334 -280 572
1160 51 1738 397
679 1299 -972 423
70 -1446 402 1567
228 -838 668 1091
1590 88 1139 546
5 -461 1758 1519
1230 -1987 -984 690
544 389 1745 1734
33 -463 582 444
1242 504 1574 1527
1366 35 -1294 1311
1495 -846 -1756 1534
1169 1907 32 885
781 598 -282 1704
344 76 1607 1934
1121 -1522 -504 498
510 -1690 573 1861
840 809 1216 841
1738 72 -1889 1687
70 -1243 -1155 938
368 -1516 740 162
849 -1460 -1439 1795
933 791 -1225 1427
1869 268 -1315 303
1902 -1892 1546 678
977 -496 1810 44
1409 -688 -30 1129
976 1820 582 952
1362 1937 812 168
47 -1061 1780 478
1669 -1181 1135 1745
1013 1365 -683 1053
1122 -398 -1970 865
1573 -1962 17 1361
427 993 -1678 564
453 1470 -221 375
1911 1229 -500 1896
1961 806 1095 59
969 1850 -43 1145
1447 173 965 940
632 633 -975 1509
1060 1735 1233 1654
1080 -959 -1547 1480
1397 1205 -1952 1687
239 528 330 352
1470 900 1180 874
240 1712 68 1898
1093 1329 -154 1309
194 -1967 222 610
31 -999 -1773 557
1929 767 1613 1910
2000 -1146 -1350 280
346 -1268 -1491 1410
479 1837 1987 1241
827 1614 -1386 1540
1102 1403 1954 559
1471 -1085 -1298 1801
1685 1591 1715 822
1901 -1141 -1977 653
1751 1055 98 1162
1321 -444 1213 1918
1194 -400 144 1274
1608 501 925 1464
1155 -1672 -807 1026
127 1812 1696 1273
838 -767 -1573 95
1572 -37 1915 765
1833 1964 566 718
11 -605 -1019 450
593 338 1613 1916
1657 1255 1278 900
451 295 -619 438
1651 -150 1286 386
595 470 -562 762
398 -609 -92 454
535 -477 1387 195
352 -1094 948 1824
403 412 337 1535
1021 -1479 120 154
1709 1057 920 1276
1162 -779 -1478 932
362 -1926 509 518
1660 -818 1215 1865
559 742 61 1545
1048 -1672 878 54
961 116 -1959 1636
228 -1340 584 1962
1940 621 1362 1955
372 1317 -1454 47
925 -619 424 755
1757 -1567 -1732 1829
563 1816 1426 1841
1572 -99 846 1687
1817 227 837 842
383 -226 -1686 1250
1589 1234 -1636 1339
673 -1414 -612 1924
204 -5 1117 1169
1153 -1921 1694 1242
1490 -871 785 26
1571 -364 -1993 496
1389 1332 -85 1681
588 -1612 1337 1668
162 882 1265 1764
1026 -675 -1400 290
229 1265 1900 593
56 -1588 -659 1464
444 -1451 76 1988
309 -1651 -1162 1763
1852 -1515 -295 1273
541 626 1609 1983
922 -1392 -357 527
1686 -1762 -1171 1657
1498 1775 -1262 1890
723 66 300 384
1154 108 423 1343
635 1461 -25 351
886 -859 -671 467
258 1761 -1657 1139
733 -950 -1260 747
797 -982 -1729 42
1130 -1466 292 500
1985 862 -262 1713
963 544 -663 779
83 -858 -648 1348
332 -1502 -406 766
1865 1833 -1973 352
539 1176 -69 888
711 -1984 -535 1492
1061 -423 1662 583
1074 676 -789 107
463 -15 -1256 1097
271 1866 547 930
221 1456 988 682
1876 1560 -1961 807
1061 -99 1594 1686
1445 -614 -185 871
1147 219 993 652
502 1089 -1819 302
1542 388 1573 984
1055 -1879 444 410
137 782 -1595 359
1762 952 1689 55
522 -1180 -1449 1318
1365 910 1664 867
1517 -336 665 1618
1294 493 -6 1275
1832 1789 -1476 24
97 -1466 900 107
400 400 551 1270
1347 -1670 1984 400
1050 1187 -1733 1895
1801 -1083 -1673 249
1322 -921 -1761 697
249 877 -1087 912
294 845 -1685 1690
855 -1491 1490 1493
339 403 -55 1365
1816 325 -580 867
1109 639 -1470 249
241 -1572 1808 615
530 -129 -956 1250
1047 228 1694 496
607 841 124 1821
1184 -1784 1167 1672
1153 1923 -1849 1654
1359 -233 -1245 1199
972 -33 1902 1004
1819 804 889 255
1062 -582 -1623 1227
88 -1647 507 440
932 -1872 1402 1489
220 -1203 -604 1093
538 -1294 1707 153
1402 -432 -747 260
1694 270 724 913
297 1309 -285 1345
469 167 1767 1238
205 1250 421 1945
35 -1773 -796 1814
875 1459 -1145 1115
254 -1121 1600 60
537 -102 -44 1458
139 -605 818 1127
826 -1254 352 1883
1071 -831 -1324 1715
1557 1485 1529 340
1694 -620 -982 1932
718 1722 607 1258
862 1134 59 1841
986 -1996 45 1241
1891 -1077 842 1262
334 478 -958 303
1396 451 791 240
1040 -185 -1648 1800
1108 -1348 193 612
1012 -1892 1008 242
1433 -156 -1393 1671
159 -1376 1287 1338
1751 498 -466 982
1718 687 -1558 876
900 1712 -229 1215
174 -235 -1195 1414
405 987 229 77
1101 1043 -1939 1956
1375 903 -515 126
1431 -7 -1893 1796
1094 -826 -38 976
497 -1466 273 1906
1424 -375 -965 1535
400 -195 1233 380
226 -912 1140 263
1161 440 -1636 191
848 -1883 -1755 1911
402 1825 1969 1095
1072 1445 -243 171
927 -711 -1369 722
1143 800 -1923 992
1701 887 1302 220
697 1870 -1688 1363
1113 554 1068 227
1133 513 -753 1409
209 -1252 -1417 1668
1926 -1752 -1768 1911
1120 -1621 -1793 1339
1865 -1580 1549 418
1021 -1905 -346 1349
1725 663 479 1439
1004 -1105 -148 1664
485 265 -1431 1900
866 1612 -1313 73
1830 1567 -1713 676
629 -1668 451 1453
519 -1678 -900 1398
1032 1829 216 504
139 -265 -965 1773
1970 -1919 930 1879
168 -1286 438 744
151 917 1505 728
770 491 -1826 307
1677 -1419 -850 680
1631 1317 -1822 123
1287 876 -1104 499
180 1210 -1482 381
1100 251 -1262 951
22 -131 -828 390
1632 -1557 1407 1360
809 -738 -1276 547
216 -977 1712 1660
163 1833 447 817
985 1518 927 488
1001 -272 1315 381
1032 1950 -924 896
480 1714 -496 1221
635 -66 1418 802
1468 616 1676 1444
598 989 1156 794
1203 1953 295 1416
1614 44 -1196 406
1673 -846 -973 623
760 -1094 -270 67
724 1242 885 1045
1146 -1348 1055 1661
1897 1071 767 1014
392 1804 579 1713
1085 166 -466 1921
614 1961 361 189
628 -474 -1089 610
1084 -1801 901 1950
949 -274 -627 1430
1500 1277 652 1057
1106 1673 1890 698
1292 -1097 -1207 626
1443 -668 1030 43
658 -1717 -1089 1326
907 158 -1812 822
1570 1391 602 1635
1824 -530 1619 1992
1617 -830 -123 414
22 -1934 -1154 1839
1508 -1563 -1855 1963
420 -1814 1066 1750
1009 1007 -290 712
541 1824 -1257 1196
156 160 -1077 305
662 646 -353 1196
682 -251 379 148
918 -301 693 1589
608 1304 -408 1278
624 153 -595 1171
