1440
18 -951 678 1759
8 -319 1776 1421
13 544 1692 1711
4 -1543 841 1281
19 -268 -1155 1294
13 1236 1956 1537
8 1033 -211 1152
7 81 1113 1340
2 -913 -1163 1087
9 1972 -1999 1791
5 1575 821 1815
19 946 -854 1365
10 912 -733 1774
13 1400 1916 1797
3 846 -543 1967
2 1372 1572 1989
16 -478 -1161 1845
1 884 1777 1536
11 713 -1900 1292
5 1826 972 1968
12 117 1818 1559
1 -1015 -1042 1131
1 695 -76 1848
3 -522 -71 1743
14 465 181 1534
16 -818 1920 1554
5 -1292 701 1862
14 -1423 892 1346
10 -436 904 1725
4 -230 -1376 1647
14 589 -899 1004
4 571 344 1429
11 -1352 -40 1241
11 832 581 1371
10 1081 417 1636
2 -191 -1159 1166
11 1050 941 1840
2 -1261 957 1442
15 698 909 1982
4 1462 -1286 1959
16 1793 -1955 1588
17 -929 -951 1374
10 -1312 867 1093
6 221 23 1259
11 1411 651 1310
8 -1669 -1044 1609
15 -167 1959 1987
15 -773 -1324 1483
20 -648 -1755 1191
6 -1031 -1209 1874
18 1855 46 1380
1 1521 1491 1985
18 -1760 1676 1547
16 254 -1510 1377
18 -276 -13 1686
14 518 -163 1084
19 64 559 1257
10 -232 1549 1424
12 -1035 -444 1482
11 1890 -1103 1299
13 -445 502 1309
4 -402 -1029 1374
16 -1549 1471 1357
12 1574 523 1708
17 -343 -1833 1532
18 -984 665 1658
14 -601 1009 1527
8 817 -1758 1241
19 364 966 1819
8 -1071 1575 1506
6 -238 1781 1358
5 1714 1953 1239
18 -736 25 1942
1 1027 1102 1065
16 1469 1444 1760
5 863 308 1047
8 1590 -1284 1108
10 553 -35 1902
15 513 1115 1379
1 1634 1431 1597
7 1620 -1303 1821
11 1536 773 1328
4 1031 1878 1625
1 925 -807 1394
4 1759 1590 1821
4 -400 1975 1311
19 -1820 -1462 1138
17 -562 -75 1833
11 658 -1209 1175
16 630 -1686 1775
8 -885 -1577 1713
20 -1478 590 1909
20 -711 376 1978
17 115 964 1411
11 -249 -614 1728
15 -1170 -1451 1702
18 -1464 298 1470
13 -1420 -1727 1846
15 631 -514 1544
15 -717 1017 1439
2 -1842 -441 1737
5 1753 -491 1664
13 -382 -1257 1068
13 560 94 1112
5 1297 -723 1226
17 -153 -1745 1477
13 -1795 362 1020
16 556 1837 1582
8 -689 583 1949
9 502 264 1594
7 -606 -673 1197
15 -1870 -1016 1002
10 -1361 -666 1858
8 -17 -792 1031
11 1450 -944 1153
13 -1538 665 1097
14 -1309 -160 1717
19 919 -786 1126
20 -1258 -774 1184
19 -47 1336 1474
3 335 -331 1714
10 -1517 -1186 1119
16 1171 -897 1576
17 43 610 1943
6 565 1085 1709
1 1469 -429 1120
13 -771 -465 1634
15 -1664 -905 1131
7 -385 -1879 1376
20 528 1075 1533
16 708 1676 1285
17 -7 1959 1873
2 -344 130 1357
19 788 -67 1430
16 -572 -1622 1444
14 -924 -824 1754
19 1073 224 1096
9 -884 -1449 1222
15 -1562 -1386 1760
15 -1908 1315 1336
13 -108 87 1671
19 1547 -1624 1510
19 574 -240 1473
9 -560 -1553 1958
2 55 -758 1898
17 -1710 1617 1642
17 1861 -1071 1425
17 -991 1214 1339
12 364 -1301 1001
7 1522 -1697 1959
13 1759 1333 1679
6 -1132 1652 1387
8 1388 -239 1137
16 -747 1510 1564
15 -1932 -1167 1100
19 1093 971 1508
5 891 551 1473
14 1164 432 1926
15 -11 1856 1482
7 -938 332 1511
1 50 202 1768
19 -1770 1421 1613
4 150 -1868 1492
19 -180 -347 1762
10 92 544 1388
20 986 -368 1428
15 562 -1673 1630
7 -1819 -1508 1091
5 1232 -429 1149
13 -274 687 1532
16 1629 1119 1203
7 1724 -848 1185
18 840 1395 1069
1 634 352 1985
15 3 -883 1038
2 1157 -898 1033
1 -439 -1444 1368
6 1386 -489 1848
12 68 -1182 1742
18 -1045 1860 1983
1 -303 -1614 1931
14 -225 -799 1854
18 61 1130 1933
5 1490 -1781 1174
8 1282 -1143 1005
6 612 -900 1626
7 817 233 1581
4 525 1417 1257
20 -1217 -374 1519
14 -1290 1951 1970
9 -860 -375 1213
3 1488 347 1578
6 -1698 617 1037
10 39 -1275 1213
13 819 1930 1691
13 1158 -1780 1798
14 -598 -30 1307
17 936 863 1418
10 -735 -1452 1659
4 -1032 489 1774
12 -992 267 1892
17 -396 981 1490
10 -262 1367 1865
18 -681 1954 1340
11 -123 1926 1494
8 -1288 -1667 1373
7 -961 -849 1960
8 1877 -27 1926
12 1324 926 1395
11 -583 -910 1607
11 -676 170 1985
10 -290 -836 1335
11 1375 256 1118
18 -217 -913 1265
12 -1349 -1473 1760
7 -1897 1823 1212
20 -813 52 1819
12 -1491 -953 1021
18 1492 -1103 1679
13 -523 1863 1278
19 -1314 -1616 1740
7 1085 -617 1462
7 -1449 1228 1045
2 458 905 1166
3 514 -1327 1837
13 -1003 1051 1545
13 369 1052 1431
15 -841 -286 1159
6 -742 -1437 1252
15 381 1138 1340
14 131 917 1008
16 -1985 -1194 1180
10 -576 1294 1755
1 1747 1701 1347
4 1977 1888 1318
9 -1338 -403 1575
20 -1458 -1150 1869
2 -1766 1886 1006
19 -745 -487 1109
18 -398 1041 1230
20 -1405 472 1473
16 943 5 1298
13 1818 -46 1176
14 701 582 1069
5 -750 252 1781
13 -149 -1351 1936
9 196 957 1960
10 -864 1541 1673
17 -1833 -1237 1106
6 570 1618 1755
14 1954 914 1177
14 -20 -1511 1497
18 -455 -1705 1224
3 -766 1513 1566
17 1594 -720 1160
10 251 1905 1658
9 1489 691 1475
20 438 -406 1526
2 -742 -569 1058
18 -1781 -241 1842
2 1993 -1854 1913
20 61 -879 1030
13 -1687 943 1456
1 859 1522 1315
20 559 -227 1360
9 -859 -1304 1424
9 1622 706 1947
20 1440 -520 1239
17 777 -1760 1175
17 -127 1843 1266
12 -374 972 1567
15 -1375 1319 1558
3 -1974 -1485 1269
17 854 1195 1678
16 -385 -1845 1126
10 -918 -1035 1071
7 366 1625 1221
9 -695 -527 1803
6 -111 1309 1665
1 -1034 -1496 1049
17 -732 -383 1989
4 -1049 -1448 1412
9 -766 1228 1597
15 -1900 1391 1875
17 701 -949 1533
20 1716 852 1238
15 -570 1189 1182
2 -1055 -798 1531
18 1854 1110 1429
15 -351 -487 1682
2 714 -1128 1034
16 1280 -1157 1964
13 1814 -1365 1894
14 1447 1808 1524
4 239 -1089 1556
6 -188 -1992 1672
19 -1587 1247 1769
17 -1091 -17 1818
7 162 -222 1349
15 1185 -1590 1834
17 1235 1602 1616
15 -1807 -1859 1026
4 811 -765 1617
13 -999 1098 1404
2 -1756 -1865 1307
2 -1017 -831 1654
6 1939 1489 1518
14 -1146 1200 1839
17 -849 -277 1727
4 315 -348 1687
11 -19 -1858 1027
4 -716 1602 1105
5 -144 202 1214
6 -1772 148 1494
1 -1990 3 1854
13 -920 -460 1106
3 1533 198 1139
8 -124 -871 1424
5 1450 689 1095
1 1017 1041 1232
11 -1891 -830 1547
14 959 865 1463
19 903 415 1276
18 480 -1370 1109
17 -909 -1318 1321
19 -292 119 1114
15 1753 31 1425
10 -1791 1941 1236
13 -1159 683 1436
1 464 1334 1470
4 226 1668 1787
15 -1879 1684 1973
18 -1218 1478 1318
6 521 342 1672
8 -1347 1303 1365
19 -1675 -661 1308
2 -1396 1216 1568
3 781 612 1308
9 -938 -1309 1748
19 1993 -356 1925
19 1085 -1695 1831
11 1429 -644 1975
8 -324 256 1282
18 -1048 92 1308
18 1147 96 1023
8 159 -1855 1562
9 -1868 -67 1471
10 418 1285 1409
14 -1547 -1206 1735
16 -1970 -1482 1869
15 -1069 -1684 1419
5 -1049 692 1289
13 -1088 -1805 1834
13 1033 -879 1095
4 1649 -384 1452
12 -1062 1292 1692
5 -1172 1963 1116
9 610 -1794 1925
18 -207 -1682 1957
7 99 -750 1454
19 1617 1476 1785
13 -867 1897 1101
6 -1955 1938 1570
6 1391 -1100 1295
3 1939 -1799 1863
12 428 1644 1466
8 179 -279 1130
8 -1616 -1179 1687
9 -1603 1932 1355
8 645 -437 1092
11 -1155 -1736 1791
11 -828 1475 1547
4 1129 446 1873
15 359 -413 1589
17 96 -1164 1897
13 427 385 1150
2 -1188 918 1015
6 808 512 1730
4 -623 254 1615
11 1495 1422 1593
5 -725 -492 1706
5 -716 1574 1534
13 -1794 1038 1906
17 26 -937 1031
18 1029 -1227 1574
20 -1277 -1630 1586
20 -1172 762 1646
14 -883 -3 1254
1 -565 1065 1991
18 -739 1544 1192
17 1110 -429 1991
12 -596 -690 1531
10 1472 -629 1876
5 -43 -1911 1900
19 -1254 -1026 1845
17 603 825 1920
4 -567 -493 1895
3 -1931 1267 1964
12 -75 -992 1044
14 647 -400 1590
8 -1683 1655 1457
9 372 594 1403
2 1805 909 1625
7 1656 -413 1077
10 1339 1664 1202
6 -86 -258 1471
14 -649 735 1222
20 -307 -773 1834
2 695 94 1038
12 -1902 -15 1697
8 842 554 1179
20 90 736 1649
20 -261 1794 1598
1 -720 -943 1923
7 495 -23 1490
5 -1255 1020 1655
19 1029 1542 1931
11 -1203 49 1946
13 -1987 -1304 1081
1 599 -1044 1026
9 -126 1568 1699
16 970 -633 1266
4 1943 648 1526
17 937 -1245 1170
4 55 -1537 1751
8 -1209 -1516 1047
17 -1870 -664 1321
16 902 738 1759
17 -1684 594 2000
17 1316 -507 1811
8 -1070 -1700 1452
8 877 -738 1238
16 -177 594 1091
14 1991 1847 1009
17 619 -1233 1647
7 974 309 1645
20 -1959 -1749 1256
14 -43 -1666 1154
19 -1784 -24 1313
10 1441 980 1683
10 -1762 -375 1678
18 -52 493 1308
11 1081 1674 1191
9 -1839 1350 1255
15 -22 -1387 1460
2 1954 647 1776
13 317 -379 1578
20 -1703 530 1530
5 739 1792 1859
18 -297 -803 1244
5 -1606 959 1414
7 1666 -800 1361
17 -472 247 1261
13 -1469 -1015 1082
19 -128 -1891 1347
5 1639 1695 1783
2 980 1457 1213
20 1634 -972 1753
7 775 913 1626
12 -213 729 1297
18 -242 -298 1100
8 -535 -1336 1575
20 1351 -1795 1279
6 495 385 1977
7 668 1394 1963
15 1542 1142 1702
19 620 1972 1007
3 -1291 -1030 1725
10 -1103 1454 1454
9 -1912 -865 1905
4 1281 1434 1978
1 -831 -1161 1627
15 -940 -140 1385
4 125 1197 1487
3 112 -225 1929
7 -1121 800 1915
2 166 -29 1594
2 -899 151 1005
16 -196 254 1503
20 1417 229 1894
10 -1898 -345 1824
5 -340 -1177 1275
14 182 1961 1678
9 1326 -1733 1941
4 1974 -1239 1026
11 -1668 143 1082
10 614 694 1546
14 837 1213 1665
4 -510 -634 1746
20 -962 -210 1809
12 -168 -843 1220
11 262 -412 1169
10 1379 -102 1540
14 863 291 1079
20 1811 -1337 1511
19 -1256 899 1662
10 -707 1219 1210
7 684 -1170 1556
18 -1844 -656 1437
20 -1466 -459 1890
20 -1013 -678 1811
1 1715 -830 1712
13 223 -1712 1993
8 -915 -452 1742
3 514 1001 1735
10 -967 842 1463
15 -1689 -1305 1931
16 1986 -1644 1428
4 1942 516 1433
19 915 -166 1101
14 1232 987 1713
20 -515 -1250 1404
3 -705 843 1072
11 -1786 606 1058
3 -620 -1650 1075
7 -1639 -22 1068
12 1304 1218 1475
4 -394 -1081 1282
9 1729 -592 1261
11 1386 442 1971
15 1 1849 1553
4 104 -430 1274
18 -550 -1044 1584
14 1575 158 1297
3 -758 112 1486
16 33 -1454 1257
8 689 -415 1724
13 -904 -309 1315
6 -1173 385 1211
20 1232 83 1299
20 -585 -810 1277
16 -1826 1213 1647
18 1876 -1494 1195
20 -1448 366 1317
2 -712 1147 1138
3 -899 1504 1518
19 -1262 1604 1165
4 471 1047 1271
2 263 -1579 1202
5 432 -1829 1563
3 1480 7 1187
7 1448 230 1389
12 -1039 -379 1558
3 969 -531 1951
9 708 -527 1749
14 -921 -701 1450
7 230 -925 1974
9 -1182 -446 1609
4 -1933 391 1628
13 -1541 -609 1209
8 -915 7 1300
15 -228 -1152 1335
5 1531 1772 1084
4 -1480 -1640 1193
3 -401 16 1197
5 868 -1948 1296
12 1232 -616 1702
11 -1891 -116 1340
20 375 -1537 1063
15 -403 463 1835
13 -833 620 1537
13 -1663 -1142 1558
19 1526 1588 1044
16 -21 1681 1552
7 -469 -830 1321
12 -1555 -1273 1638
11 -1867 570 1659
5 1118 -423 1013
20 -818 -1707 1082
10 1083 -1693 1746
10 404 -1387 1517
6 -1754 -839 1879
14 815 -1861 1276
16 76 -1704 1378
14 -1363 1502 1896
19 376 -890 1868
6 429 -355 1641
9 -1819 -1886 1252
12 -409 -1825 1003
16 903 -1897 1788
20 -707 1540 1567
11 1669 -1243 1583
7 78 -128 1892
16 -1101 -1379 1490
15 1018 68 1003
12 262 -438 1243
17 -79 1149 1433
4 1354 514 1337
9 -1309 -207 1359
9 -1909 -1362 1794
8 689 1874 1776
16 -1907 -162 1529
8 -646 1373 1591
10 -1408 -361 1750
6 1988 -800 1024
20 -327 745 1922
5 451 1545 1264
19 -384 869 1900
8 -1596 1891 1913
20 -544 -777 1851
12 1362 -172 1685
4 -1741 -1515 1679
1 -43 506 1923
15 384 86 1266
1 -1620 -1387 1817
4 -672 228 1530
16 -82 1985 1107
19 975 642 1697
11 -1520 1542 1176
4 257 -1203 1883
4 -1877 602 1089
6 -1914 177 1214
12 240 1198 1998
4 1676 -354 1390
7 875 312 1811
5 -1084 1855 1838
18 -610 -1265 1912
16 1444 -1582 1319
11 -1554 382 1855
16 1960 -1950 1190
6 -455 -1824 1980
4 1943 -1835 1713
12 -1614 750 1644
2 186 435 1337
20 -448 1968 1378
3 -1078 -227 1055
20 1715 -650 1941
20 -1359 -431 1740
7 -1318 53 1816
7 -1259 -829 1867
10 1916 1049 1632
11 -1040 1265 1284
12 355 610 1995
2 -253 1285 1643
13 1605 -1564 1680
9 -417 -1168 1555
12 1996 -761 1376
5 1233 -438 1128
6 -1893 -426 1705
2 1505 -1045 1433
13 1575 1426 1814
7 1655 1020 1818
13 -710 1107 1657
16 1042 -506 1897
4 -558 -688 1079
18 759 -1519 1824
10 523 1871 1991
14 -112 689 1448
8 -1569 880 1051
8 -900 -1069 1722
12 1315 -1077 1341
3 42 -552 1753
15 -1925 -200 1251
6 24 991 1367
5 -1125 -61 1693
4 -447 1399 1212
3 -812 -82 1337
8 1945 957 1672
15 1521 -618 1991
17 1462 -760 1148
13 1831 862 1495
6 -1738 -1917 1444
19 542 714 1883
5 -134 -1391 1275
1 -1697 -1075 1022
20 -1574 -1684 1657
16 -399 -1466 1550
6 1082 1848 1746
7 -46 -1456 1686
17 431 -1388 1050
4 231 251 1468
2 1783 -1245 1660
10 -1562 797 1919
6 1314 814 1264
5 -860 -112 1588
6 -542 822 1511
15 1166 140 1104
11 -701 -1701 1817
1 -1902 979 1943
10 -167 -1507 1921
2 -1910 -1974 1260
8 -1061 -1631 1360
2 -1233 52 1094
18 668 1865 1448
15 -691 -1849 1088
17 -154 -1337 1120
9 -1970 286 1739
10 565 156 1008
18 1193 1682 1897
17 611 -503 1473
1 525 1551 1335
17 -1231 1575 1710
7 1950 -1806 1307
2 -850 -611 1349
4 -1000 -1122 1973
12 533 -1293 1591
1 -117 -1298 1941
14 387 780 1287
20 -984 1138 1059
11 -595 1593 1575
17 -956 -1009 1586
9 1604 -851 1962
10 -1864 1109 1696
2 -253 1100 1038
7 803 1232 1614
17 681 1593 1413
14 -1730 -1404 1634
4 -1716 -1147 1039
19 1197 493 1921
13 -1954 -1534 1401
16 -1553 1061 1693
3 1050 -1534 1838
13 1032 -1265 1155
16 455 -692 1620
15 -1705 724 1622
17 -665 585 1925
4 499 1722 1684
19 1706 -670 1501
5 305 -561 1844
11 456 -555 1497
2 -1950 -485 1293
2 384 -1345 1209
4 1899 945 1983
13 -1070 -514 1756
17 1075 -242 1079
1 -932 -730 1110
17 -1107 1415 1458
3 -1361 1169 1652
17 -637 1077 1226
16 -1639 -508 1176
8 -190 -948 1987
8 504 -1628 1405
20 -437 514 1960
6 -1676 -1432 1123
8 867 -1639 1441
14 -1304 464 1059
5 953 -678 1174
4 865 -226 1374
7 -633 -785 1694
3 -289 -1429 1190
19 -1483 -1113 1048
2 1246 140 1205
15 -1596 -1618 1695
16 -174 1533 1996
19 759 1809 1400
4 1166 -1131 1023
5 -832 1145 1862
20 -1460 -1335 1098
13 -571 1009 1096
2 1943 556 1660
1 661 -949 1847
17 -529 -390 1788
17 1036 -1029 1492
3 1566 -1197 1668
2 1858 -1249 1163
9 -1102 1219 1533
18 -204 1359 1021
12 353 -554 1375
6 1665 721 1732
5 -828 501 1929
18 1471 1683 1402
6 1179 -1351 1375
3 1550 -988 1967
1 -1526 -1488 1460
19 733 81 1270
6 500 977 1997
6 -645 -592 1408
13 -628 393 1180
14 -1790 501 1645
3 -1058 -691 1133
3 -1617 1891 1734
1 -556 1459 1159
11 1167 -1534 1377
16 -913 164 1745
2 -1883 243 1086
4 -453 1914 1712
17 -689 1332 1990
12 732 -1201 1588
6 1798 1344 1810
20 1387 -888 1140
10 -116 -1741 1531
16 -1245 1962 1495
5 1918 1892 1837
7 500 -1769 1559
16 -1133 -1666 1668
4 -533 61 1928
5 749 -155 1075
10 -1180 1766 1949
16 -22 -468 1430
4 1679 1902 1511
11 -499 1475 1937
20 965 -308 1585
14 324 1680 1946
7 987 -1182 1774
15 1512 -607 1282
7 -20 -1962 1399
10 -1901 420 1286
19 -1037 -360 1601
16 -133 -951 1067
5 -877 -648 1782
7 -1402 -1369 1742
14 -307 1077 1129
4 -1611 1716 1962
3 805 -1498 1225
15 28 -1423 1894
17 1892 -1364 1344
13 1324 1716 1666
1 -879 1093 1384
16 -1638 1209 1962
16 128 896 1454
12 -1905 1671 1415
3 476 -478 1469
19 -308 1019 1939
15 597 -947 1954
13 -1198 -116 1059
12 1840 -1505 1127
4 630 1580 1195
17 1590 1794 1949
16 -356 -447 1373
14 1618 1519 1815
6 -35 697 1330
15 1635 -663 1877
4 2 305 1193
7 -365 1099 1073
14 -724 -770 1218
1 999 -1348 1164
14 1686 181 1803
12 1259 424 1561
17 -320 -1560 1632
15 1448 640 1797
2 778 -1048 1766
5 -7 82 1378
13 1427 460 1277
1 -886 -1483 1250
12 -1595 -806 1899
1 -679 1265 1020
3 355 696 1708
15 -1714 -15 1972
16 -245 184 1904
14 -905 -1508 1438
10 -671 -1199 1757
4 -1176 -1564 1863
14 1148 -1668 1551
14 -695 1906 1386
16 894 543 1668
17 639 791 1084
13 -1675 241 1629
10 -672 -957 1419
11 1167 -447 1024
10 1847 -1243 1334
2 -1838 -496 1445
6 652 868 1737
20 -1488 -1308 1470
7 -94 -505 1935
5 -351 -379 1729
18 -542 -1309 1763
3 -1249 1773 1453
11 498 785 1160
6 1806 1035 1680
17 902 1696 1489
20 1414 446 1825
12 -1456 -775 1629
1 1614 1616 1993
16 -1865 -465 1018
14 -839 810 1262
8 1971 1326 1872
17 -646 279 1190
4 -1821 273 1260
14 -539 960 1482
4 -1865 1433 1053
3 -656 -1757 1683
10 -1210 -630 1857
20 334 215 1410
8 -1210 -1785 1079
15 893 -928 1902
5 -920 -140 1186
4 601 -1902 1666
20 -1980 -415 1085
5 1939 -701 1836
12 994 1228 1658
14 -382 -1781 1602
19 -1344 -1577 1984
13 -342 -334 1633
10 -1377 -685 1851
10 1794 -701 1574
18 -1696 -1663 1874
10 1701 -1496 1999
8 -256 -1045 1222
19 -1054 -183 1607
5 -386 1972 1182
2 104 977 1064
18 -497 -99 1646
2 -1037 392 1008
4 318 -118 1476
15 -1984 365 1890
4 896 1194 1481
11 1566 769 1712
11 -70 552 1822
18 -431 720 1533
10 -1243 1804 1156
14 -72 -504 1784
13 -1961 -1689 1873
6 -565 437 1210
11 -1232 1885 1271
11 -329 -408 1737
8 -375 1755 1097
9 839 1381 1590
12 -1419 -166 1302
9 -1676 -1977 1563
2 -185 910 1546
1 -1763 -1461 1181
5 -699 710 1835
14 640 -83 1931
20 -259 -780 1214
3 -500 -1940 1128
14 -1462 1078 1190
4 -289 -1386 1974
14 -1765 1880 1325
15 -1707 -408 1327
15 1254 65 1927
7 415 -993 1513
19 -1487 -1049 1220
9 -471 917 1589
12 -739 1683 1330
9 -1514 -227 1703
13 688 -1950 1782
13 -1942 398 1369
20 301 852 1236
1 -1050 -595 1404
10 999 -1294 1021
18 863 1721 1277
12 -690 -110 1627
18 -788 -1546 1099
19 873 -1215 1084
13 835 163 1081
16 -1207 64 1317
13 1771 888 1732
12 -535 558 1645
14 671 1895 1319
12 -1731 573 1921
10 -1141 377 1690
8 1241 -811 1041
9 -243 -1257 2000
15 -1569 258 1445
5 787 -79 1224
1 -1561 401 1067
6 712 480 1091
11 1741 -1656 1972
1 1904 751 1711
13 -1479 1666 1738
8 1339 375 1527
18 -686 -1222 1889
4 -873 55 1361
17 -290 -1776 1409
17 697 806 1504
13 -1089 -262 1900
12 1864 839 1570
17 -1848 1980 1565
11 72 -548 1060
16 -1501 -593 1986
10 992 192 1284
13 871 -777 1228
3 -974 1214 1922
14 1789 1818 1546
10 -1634 -885 1077
20 1633 -1837 1534
4 1437 1844 1461
13 -838 626 1077
15 1772 -305 1462
16 -382 -1 1354
8 893 -1750 1320
11 -615 881 1216
15 1717 1082 1443
11 -1015 -1378 1188
5 749 -1122 1437
9 1653 -157 1275
20 -125 1136 1550
2 -1856 855 1798
4 -525 -1343 1269
11 130 -131 1544
7 -44 1170 1316
1 1538 -675 1199
17 1129 -1706 1635
4 1275 1754 1709
12 1511 -1544 1365
15 287 1131 1123
16 -805 -480 1477
18 -492 -1825 1131
19 -1421 -410 1658
18 929 1161 1795
17 643 -154 1423
3 -250 923 1994
7 411 -171 1796
8 1435 -353 1906
19 1798 -1068 1634
16 518 1799 1178
14 1603 813 1400
14 238 -516 1726
12 236 211 1040
17 1083 656 1512
10 -125 -752 1520
8 1281 975 1944
14 1436 14 1412
14 -1972 -1452 1896
16 -1733 -546 1281
5 1384 -1421 1109
17 438 1275 1226
15 -759 -1068 1098
8 230 1973 1024
7 897 -815 1998
7 741 -867 1766
19 -1172 -1623 1187
13 1189 103 1671
20 -849 278 1849
15 -554 218 1406
15 332 1202 1993
16 845 773 1299
13 392 -476 1111
4 -81 -313 1993
11 819 -126 1911
18 -772 -1108 1632
18 1130 1463 1896
19 -1708 -589 1131
3 254 1931 1464
13 -20 -1256 1798
15 124 -90 1987
20 -1863 -1044 1835
3 -552 1160 1596
14 -1887 266 1183
19 1052 1748 1964
7 -1647 1066 1321
2 -1633 -283 1701
20 -1798 -1864 1568
4 855 -290 1758
11 1934 -1610 1075
17 -987 -1080 1382
13 -970 1816 1366
8 1237 1951 1417
9 876 992 1929
8 -1701 735 1616
11 550 32 1640
20 -813 1282 1467
18 -1100 218 1892
7 -296 -1045 1705
11 -807 54 1004
16 -1969 311 1859
4 -1082 572 1987
18 -1932 -1517 1067
13 -1100 -1476 1983
15 -508 1243 1468
11 -944 -711 1460
8 -1171 -410 1287
5 -842 -917 1050
3 1550 1640 1221
5 334 1981 1518
7 1215 1766 1727
10 1125 -1083 1545
6 1782 -1986 1003
20 922 627 1502
1 -1453 1653 1986
5 11 -538 1181
17 1359 -1104 1455
2 -1242 -629 1104
15 315 847 1712
18 52 1079 1576
16 -256 -1622 1914
5 -1042 196 1759
8 1687 184 1753
1 1876 888 1065
18 -1009 652 1617
14 -381 -696 1690
10 -1918 -1546 1644
6 -572 -562 1338
1 -1273 739 1878
20 469 -1838 1792
3 1094 -739 1308
17 396 265 1393
7 838 -646 1075
9 -914 -1549 1231
5 -978 792 1894
5 -417 -1343 1189
9 1581 -1582 1718
3 -786 347 1243
2 -1658 -506 1739
3 -1532 -1792 1718
15 -869 -1318 1595
19 -731 -1417 1815
6 1241 -1700 1018
3 -1868 1015 1685
9 -1956 456 1199
9 287 -1802 1768
15 1834 -1747 1743
9 -1472 307 1316
6 744 -1341 1218
13 1125 407 1215
11 396 -980 1202
9 349 1869 1812
20 380 456 1363
14 1893 -1364 1210
16 1364 115 1081
2 646 1895 1909
17 1393 -1838 1127
6 1484 -994 1339
8 -1361 750 1296
6 -129 177 1492
14 -7 -1165 1184
7 -1921 1848 1101
12 -1178 -1656 1001
15 -284 820 1137
10 -1822 1246 1766
14 -1053 160 1621
3 -281 1658 1384
5 867 -387 1959
15 1581 1313 1171
7 1933 -1513 1986
7 1805 -1937 1580
14 900 901 1344
15 823 -859 1152
9 1454 1465 1388
18 -1086 682 1949
13 343 -1490 1391
8 997 273 1516
6 -1326 1515 1644
9 348 1005 1252
1 1956 1617 1810
16 -1788 -1758 1291
8 432 913 1175
8 -1503 -1450 1858
7 1768 1292 1087
4 -1887 -1782 1700
8 -1916 -45 1225
7 -109 -129 1198
3 1648 1814 1417
15 967 1447 1599
14 1966 -752 1418
5 1280 -1043 1669
1 783 -713 1110
3 1439 -549 1859
1 -255 599 1529
12 -1307 -1450 1067
8 -557 -1103 1155
2 611 1929 1001
19 -1978 1775 1355
14 785 -1741 1862
18 928 -710 1812
17 -383 -1299 1223
18 -82 -89 1711
20 197 -1780 1569
5 -1087 1544 1491
8 1428 -1976 1473
11 1762 597 1727
18 -32 -1625 1803
18 -146 -868 1107
11 -948 -1326 1114
6 107 1939 1445
11 -288 1420 1354
1 -792 -371 1665
17 -1319 -74 1788
3 -420 -498 1157
17 -1286 -1889 1188
9 155 848 1794
3 -1489 -1365 1504
5 807 1898 1800
18 -171 -1659 1919
8 153 702 1259
18 -577 -718 1070
2 -855 1766 1179
11 -1322 -494 1163
12 1472 -1929 1606
16 283 -466 1919
12 1883 689 1520
20 247 1329 1319
6 531 130 1198
5 109 467 1979
4 -681 -670 1239
9 583 -1245 1197
6 1474 -591 1002
3 -1146 -1769 1803
18 -14 -7 1775
9 1034 266 1391
12 1755 -800 1859
4 369 -1570 1718
5 -189 -1108 1985
9 -112 797 1470
7 -1297 -158 1796
18 642 1042 1890
3 1589 -189 1269
14 931 -59 1251
17 228 -901 1157
19 -1445 1998 1309
10 1527 -676 1402
18 273 1825 1331
16 416 600 1348
3 -1046 1587 1985
7 -1959 1384 1368
1 811 1115 1337
5 -743 -168 1554
8 16 -459 1601
10 1814 -336 1182
1 1800 1326 1925
20 -1384 1736 1392
5 1539 570 1775
7 207 1659 1330
16 -714 1562 1991
4 -1834 -1441 1239
9 275 859 1712
13 158 1138 1963
7 1258 849 1210
10 1560 -282 1677
13 -1093 -1221 1791
9 -1190 -1423 1078
6 -378 -761 1678
7 100 1300 1303
13 925 -1548 1628
19 1167 944 1683
1 1784 725 1277
1 116 -138 1961
9 -1795 1086 1299
7 1466 998 1488
8 342 -378 1979
16 1112 -407 1264
8 1974 1644 1568
9 74 -1487 1170
10 -1074 -934 1921
14 -1081 -502 2000
11 28 -1000 1587
1 1129 -1486 1415
12 649 -127 1781
2 1523 1768 1042
11 -968 977 1365
18 -184 -561 1714
7 -56 978 1618
7 866 -1285 1710
2 -1229 322 1844
1 -117 281 1976
4 953 -833 1347
14 -1407 -68 1498
4 1022 -1144 1785
10 -1227 -144 1670
2 -915 506 1239
3 -1370 -933 1686
15 -573 -868 1485
5 556 1041 1004
4 1582 -913 1621
17 -1118 -404 1672
5 413 1737 1135
14 1640 609 1243
17 1769 -511 1385
14 1724 -710 1473
7 -196 -1493 1156
20 -1016 -302 1366
14 1232 -1056 1312
4 -1131 232 1341
2 1956 456 1872
12 -1841 -623 1659
7 -938 -1914 1432
12 -1479 -542 1527
15 -605 -605 1124
2 1191 -501 1872
20 -1098 -545 1848
6 -1202 1900 1214
17 -1267 -1740 1840
14 633 430 1359
8 -1870 1340 1834
6 1993 -467 1490
14 -86 -1513 1613
4 -1094 1918 1285
13 1193 1961 1663
20 180 -1233 1150
16 -403 1362 1902
11 -1684 -1399 1755
9 -924 1382 1203
19 1297 880 1151
1 632 -1156 1631
9 1391 -1742 1927
13 -716 1103 1982
16 1133 -1865 1179
2 -1414 1104 1598
16 -662 715 1741
9 -498 1066 1178
11 -510 -665 1744
6 798 864 1110
17 157 274 1211
12 832 -1356 1581
16 -1502 308 1426
15 -745 -367 1637
3 -581 -392 1238
8 840 -715 1101
7 -356 -1615 1388
19 1453 -1697 1285
12 -1405 1295 1472
19 -122 -1808 1996
11 258 1624 1425
7 -440 805 1352
6 1230 550 1803
18 -1039 -1434 1501
6 -1046 -1708 1893
19 736 291 1809
14 362 731 1069
13 187 -812 1551
2 -826 570 1487
7 -1615 -571 1199
4 1002 -986 1336
20 170 -1931 1407
11 -1190 709 1914
3 516 1338 1769
20 1759 1574 1979
6 137 1630 1844
11 -572 -1930 1819
10 166 755 1363
18 -1090 -1863 1235
16 80 -831 1857
17 30 1767 1474
9 -583 356 1278
5 731 -1645 1868
10 1498 1782 1147
20 -1237 1594 1334
16 1760 -725 1640
18 -1987 -1508 1437
12 1775 898 1378
13 992 -354 1362
15 -367 1919 1524
1 -7 1859 1405
18 246 -1963 1565
4 -1178 -487 1205
6 1635 -171 1372
6 174 -1962 1302
12 1506 -831 1879
9 289 -850 1669
20 445 27 1328
1 -1723 981 1719
17 -515 349 1722
11 1450 1045 1518
11 -1707 1798 1246
9 134 -310 1904
10 1292 -1968 1116
16 -1551 -1248 1955
9 214 -839 1638
20 -501 1009 1776
11 515 180 1711
2 1636 -975 1580
11 233 -483 1320
8 -1345 -1670 1066
12 -611 -133 1704
14 -424 1502 1469
12 -952 -145 1080
18 1358 1913 1826
5 1676 1705 1680
8 127 601 1541
18 -1129 956 1391
1 132 -974 1727
13 -1887 -1974 1598
3 -565 -606 1649
19 -1064 -125 1987
15 -179 1293 1513
13 992 1398 1668
9 419 189 1288
12 1873 -456 1636
10 1474 -737 1318
1 241 323 1945
8 767 -298 1759
1 1731 1527 1824
3 -1230 -955 1600
9 -1308 -1845 1456
13 1612 1101 1596
6 -1721 209 1398
18 833 -746 1277
17 -1930 389 1014
4 1197 416 1852
15 -605 -1089 1499
19 1199 1833 1844
8 1929 1891 1559
5 -1494 -1585 1966
15 693 -1144 1582
14 -1659 756 1105
12 1295 467 1963
11 -375 1904 1717
11 -1302 1882 1711
14 1418 -1107 1716
3 1327 -1561 1828
16 74 686 1081
11 -908 431 1974
20 266 1123 1976
10 -934 606 1812
18 -768 -1551 1738
3 -145 467 1749
9 974 -1195 1242
1 138 -271 1137
2 -1202 -369 1222
19 -201 755 1773
10 -860 1838 1127
11 -30 1955 1833
4 -588 -52 1197
2 -173 -59 1494
18 -423 -1645 1302
1 -1605 1289 1955
19 1397 -1620 1190
14 -1958 -581 1408
4 381 -1177 1311
12 -1051 -1125 1564
8 283 101 1568
13 -640 1386 1852
15 547 -363 1541
10 -1859 -975 1156
20 -1342 -1589 1731
16 1136 -1489 1683
12 386 31 1463
19 -1334 1954 1187
1 -1821 1027 1233
6 1705 -1837 1543
11 200 -872 1616
13 -605 1517 1838
19 -2 617 1503
1 1190 -1859 1118
20 -1241 -313 1605
14 -1281 298 1329
20 -794 -1584 1335
19 1412 -1675 1349
6 1417 -1754 1312
20 134 905 1085
15 -862 -535 1632
13 1870 1649 1143
14 623 -177 1844
1 472 1904 1975
7 -1415 1695 1372
19 1020 625 1312
9 306 1867 1756
10 -905 148 1162
9 -1088 -1024 1248
9 1585 -818 1471
5 -128 -1715 1291
2 -1782 -301 1929
9 785 1063 1914
19 -1128 1533 1577
10 -344 -1877 1874
11 1953 -1026 1079
18 177 1079 1756
12 618 1957 1494
18 391 419 1274
15 -1473 1549 1058
