1134
2 -655 -611 1839
5 1206 1931 1606
6 1505 1437 1241
11 -1787 -301 1509
4 1531 1404 1982
10 -1227 -26 1744
6 380 1881 1257
12 1305 -51 1663
5 -1295 -603 1349
5 560 795 1045
17 1062 610 1516
2 1830 318 1370
4 -1865 148 1460
12 1287 1189 1444
11 -831 549 1854
17 -1229 1175 1659
10 -85 1949 1278
8 1266 871 1266
3 1060 -1037 1419
20 -1628 76 1797
15 956 1524 1426
9 -697 -1409 1202
7 -1696 -1310 1673
1 -388 -542 1372
11 -1109 345 1146
3 -1002 -563 1553
17 1458 804 1703
10 1998 -1195 1678
10 290 1716 1629
18 -1358 379 1054
18 -165 -499 1353
4 -1349 587 1880
19 563 463 1837
9 -1662 1906 1579
18 -511 -807 1057
15 -24 -1269 1249
19 -1058 563 1638
17 1812 1486 1613
9 -1462 1326 1378
2 1402 -1578 1329
19 -646 -807 1374
6 1905 279 1311
2 1619 -1462 1487
19 -1261 1865 1699
12 -1884 11 1890
20 -538 1319 1450
10 973 -474 1490
8 1989 -215 1709
9 -1455 1030 1267
11 -860 -460 1876
18 -574 -1930 1662
14 -281 -1966 1493
17 -479 -275 1917
10 -1600 -1470 1482
16 440 264 1941
9 1912 1902 1346
3 -1176 1636 1964
11 -1200 1709 1942
8 -1418 1429 1400
9 -286 212 1644
4 -117 267 1782
4 -600 360 1615
8 1323 1259 1066
1 1738 794 1674
8 -68 -1458 1393
6 -11 557 1655
10 -852 -51 1032
18 915 360 1301
19 753 -1541 1069
8 864 -1575 1731
3 963 -1200 1367
1 27 1186 1681
12 1933 5 1659
8 1004 -1264 1680
11 767 1412 1584
3 1602 -1325 1522
17 -1441 1828 1960
8 1426 484 1425
6 -1664 -1981 1662
11 -1043 -962 1106
8 -1038 1912 1618
13 659 1671 1070
8 -1138 1494 1515
20 794 1958 1070
2 61 -1406 1777
7 1131 1886 1731
20 1567 196 1446
1 -1284 919 1381
15 -1612 -780 1619
6 -1441 -1027 1389
19 1219 -766 1746
15 -1763 555 1891
11 815 1648 1637
10 -307 -488 1915
13 1779 1212 1235
14 51 -102 1068
17 77 668 1688
10 1782 -1307 1561
14 0 -1152 1271
2 -367 373 1543
14 -137 -1363 1096
3 1827 1774 1273
6 192 428 1264
11 705 -1626 1514
2 990 1267 1156
1 -966 -1126 1701
8 -1740 -1171 1996
4 1663 -956 1896
5 -1631 672 1690
16 -1915 1400 1112
14 -1971 -615 1273
14 -1938 910 1769
19 1898 1863 1551
20 1775 -981 1860
2 -217 -629 1436
10 -1403 106 1293
7 -1234 -1345 1113
12 -1143 940 1949
17 -878 1399 1212
13 1487 1903 1993
15 -64 657 1960
18 722 -1285 1773
19 -1082 1901 1185
14 757 316 1115
17 1079 1194 1786
8 453 -1307 1228
7 -4 257 1647
16 -540 -3 1453
14 1251 1061 1880
19 1731 1037 1138
10 341 -1926 1676
10 549 -911 1752
10 1884 -742 1177
6 -698 1677 1688
17 -343 990 1754
13 819 338 1870
16 -91 433 1711
7 -1561 1335 1859
14 -1964 808 1273
13 -1282 337 1191
10 1748 -1221 1274
4 -1445 1263 1498
13 -511 -920 1520
2 -1862 -1181 1999
2 861 1430 1449
14 643 1543 1585
8 -260 -1803 1868
7 449 -418 1722
5 368 -1133 1263
13 -1550 1941 1952
17 227 -63 1491
2 -704 -294 1162
11 -892 59 1199
9 -1833 1252 1414
6 1491 585 1213
5 -1526 1343 1215
15 -1716 -12 1798
6 -1228 779 1449
17 1427 1464 1195
13 460 -790 1200
3 -1909 -1456 1003
19 978 1974 1980
3 604 670 1212
2 -1173 1243 1954
9 -755 -7 1128
13 -1880 1458 1564
11 -854 676 1379
7 1862 -511 1666
2 1468 1688 1515
4 -1871 -309 1120
19 870 1460 1781
6 1824 -1460 1521
2 1485 -907 1060
8 538 28 1748
9 596 450 1026
5 219 1919 1403
5 993 -908 1761
5 1705 -427 1871
6 1177 -309 1375
17 -1157 -1623 1850
6 -877 -1188 1941
6 1137 -16 1623
10 -497 749 1054
10 1546 -886 1791
11 -1626 -1827 1735
1 861 856 1975
13 -1523 -1238 1547
20 -1316 1988 1963
6 1065 -1252 1694
8 -1665 1362 1036
2 -28 366 1744
10 -963 594 1824
20 -1490 593 1047
20 1664 -1696 1157
15 1435 440 1988
9 -194 57 1896
16 -693 -868 1406
8 1246 5 1353
2 741 -383 1851
2 1694 142 1859
4 1596 1026 1716
10 -1719 624 1224
20 1263 774 1276
15 -370 1574 1544
2 -1722 -1666 1908
8 -178 -1260 1569
13 721 -1662 1044
4 1291 339 1640
8 -1290 -1097 1203
15 1385 -1174 1146
12 -1122 -961 1756
11 -910 -1317 1740
8 830 1543 1618
19 -469 -1555 1641
15 -1279 143 1787
2 1462 -130 1530
7 178 -1066 1935
16 1237 958 1818
4 -1393 1604 1021
2 -1206 114 1938
4 1703 -814 1981
6 -296 554 1581
16 1700 1209 1768
7 -1448 1516 1679
17 -1374 501 1521
8 -1907 -257 1365
11 821 1864 1614
9 39 -1287 1977
12 1354 761 1219
11 433 240 1887
13 308 70 1365
8 -608 1350 1646
18 -1090 1565 1811
3 -1211 -1679 1448
17 -62 -837 1776
3 -957 1117 1194
3 -796 1149 1251
12 -639 844 1809
4 1965 -235 1299
8 1615 1733 1672
7 -1189 -1906 1198
2 -1648 607 1770
18 1992 -562 1229
1 499 -208 1510
5 743 -559 1641
4 -1456 767 1661
11 148 52 1507
2 1632 -421 1559
6 1756 -1342 1871
4 -1362 -1979 1529
11 -1737 -373 1261
1 1374 1023 1950
7 -1637 -215 1764
12 -228 1762 1111
6 -1020 -841 1961
5 1859 286 1182
1 -169 455 1014
17 104 990 1160
3 -1104 1221 1942
13 -1465 -263 1073
11 277 -1813 1630
6 -673 1824 1278
15 1754 1304 1383
2 1718 278 1256
16 -608 405 1322
1 -262 -1670 1475
10 -1008 1163 1840
20 1772 72 1198
15 1777 244 1639
16 -1947 548 1365
4 -836 1460 1009
15 1720 1941 1837
9 301 545 1061
8 450 884 1405
17 1434 1833 1766
18 -1200 -1302 1959
10 586 759 1464
1 257 140 2000
12 883 -1545 1223
15 150 -1875 1271
14 -1184 608 1540
19 265 -1774 1272
14 -1481 662 1880
4 -462 -303 1391
1 1652 1421 1978
18 31 -1629 1544
15 -116 -1079 1503
14 257 -416 1044
18 -1389 -321 1877
17 1376 -1234 1334
19 -1503 -1744 1294
1 1840 1431 1939
7 431 1088 1612
9 -851 -1124 1735
6 -1835 706 1747
8 -529 164 1047
14 1457 -404 1675
11 1332 -623 1458
7 1713 52 1286
1 -425 1383 1149
12 140 -1293 1808
16 -1325 -1750 1543
20 573 1399 1702
10 1842 -1960 1310
12 -761 1842 1936
7 934 1792 1506
15 -1841 964 1478
16 1471 1420 1331
20 646 547 1206
10 438 -722 1188
9 -335 -1044 1773
3 -240 -211 1149
18 1856 -1400 1167
19 661 441 1023
9 -646 1237 1080
3 635 -692 1150
3 -703 1103 1286
12 1240 -578 1001
9 -1456 -1381 1667
19 933 651 1062
11 -379 -1885 1559
10 233 -149 1051
19 993 510 1010
13 -976 692 1200
18 1345 686 1233
8 -1168 -947 1238
8 -1399 -1460 1084
15 1747 -657 1504
16 1456 955 1547
12 207 1877 1385
12 1392 1950 1089
14 -384 -1106 1596
12 -481 1879 1394
20 1376 1794 1202
19 893 -1086 1315
17 -1513 1483 1175
19 -641 1723 1747
10 1202 449 1454
17 363 -347 1221
2 1203 1542 1807
5 1821 -1568 1571
4 1562 429 1318
1 918 -1254 1809
15 1243 563 1494
14 278 616 1196
14 -668 639 1267
13 1510 -129 1765
9 -1085 -1140 1295
18 1617 -1531 1711
6 -829 -1928 1940
15 1426 -1335 1839
16 1306 -1156 1993
20 869 -1937 1480
14 981 -64 1454
7 1425 774 1404
20 1984 54 1366
9 -1453 -501 1455
12 1739 -930 1024
19 -1276 1907 1981
5 -858 481 1759
18 1678 -1073 1516
14 875 -975 1209
14 -1943 -1852 1116
14 1685 1426 1826
12 380 -274 1421
16 -317 460 1831
3 -157 -1026 1201
9 1258 -197 1184
18 1882 1425 1080
8 -648 -1254 1334
7 734 -1604 1297
12 -783 -1261 1969
15 -746 89 1418
1 -284 873 1543
14 532 1634 1688
4 924 1576 1051
18 1169 -636 1004
14 1588 478 1630
8 1987 1210 1676
20 -423 1218 1374
4 481 1729 1580
12 -1913 -40 1202
20 1094 892 1010
18 1961 -712 1606
1 -979 -36 1702
19 493 -620 1797
20 -533 1062 1071
20 -753 684 1429
13 1317 -1374 1739
15 -409 355 1698
18 -1085 343 1186
3 830 -158 1344
11 -936 1868 1792
11 1385 -184 1317
11 -473 -45 1151
19 650 1014 1418
1 -1417 -1470 1841
8 820 76 1340
15 1132 -1238 1258
8 -615 1130 1110
13 1802 1937 1087
11 1551 26 1989
13 1847 1740 1207
1 728 -423 1378
4 -55 -508 1846
18 -46 -1155 1837
19 -1744 1409 1328
4 1129 -1356 1642
18 980 -383 1664
17 1064 -204 1360
15 -1059 318 1407
19 147 1754 1277
7 1952 690 1613
14 -988 907 1427
10 -1549 -834 1123
11 -1531 -156 1880
6 455 583 1871
15 -1113 -1692 1465
8 1221 -1 1037
4 736 -1981 1877
12 -1036 1110 1420
6 -318 -779 1900
20 1491 121 1231
9 492 -1985 1657
9 -694 618 1627
13 -1917 -834 1983
8 1026 1386 1872
20 -1495 -1828 1717
13 -1338 1674 1143
4 -80 -88 1195
10 -1801 -691 1161
11 -1949 -146 1315
12 -753 -717 1227
17 -907 -638 1608
3 521 1875 1600
3 271 321 1141
5 -1357 190 1321
19 184 1755 1746
15 -1944 1057 1104
16 514 -1924 1155
6 -225 621 1093
1 -347 1616 1426
18 -813 892 1869
18 459 1210 1612
17 1290 1970 1831
4 -1614 -1992 1149
12 104 -1647 1002
16 -639 -582 1162
19 -683 509 1124
8 410 -345 1584
20 314 -426 1261
16 1045 1778 1444
20 -1130 851 1568
9 1733 -1414 1866
11 -1447 1242 1982
16 1241 515 1622
19 -427 1748 1872
10 222 184 1862
1 -1278 -1701 1459
9 -1455 -1185 1374
6 -57 1214 1577
4 781 -1601 1013
14 439 1152 1776
10 1284 1137 1672
19 947 -297 1482
16 -1408 -1254 1533
5 965 1105 1712
5 449 1512 1776
7 772 -1219 1953
12 -4 -887 1883
20 -239 750 1843
4 -1689 -606 1708
2 1450 -137 1788
8 1446 -1934 1474
13 -240 -1137 1448
9 -1538 -1348 1323
11 -1160 1501 1651
6 1455 362 1497
13 -40 -1473 1317
14 -571 -522 1660
20 1287 -1491 1098
20 1554 -655 1623
16 1229 535 1645
11 158 738 1512
11 774 1337 1167
12 1825 216 1090
10 419 2 1717
18 -1703 68 1543
17 -32 1136 1312
4 1485 -1997 1753
2 -1601 -1746 1020
13 -1927 -1281 1548
18 -976 1121 1314
8 1965 -388 1171
17 -1383 1746 1363
10 -1368 -273 1852
6 789 1224 1521
10 1259 -525 1023
20 -1300 -1153 1076
19 -1179 -1783 1765
20 1007 54 1726
5 1618 -1253 1043
1 -622 -1355 1405
13 -527 -1056 1844
10 -1739 -85 1073
20 -787 -285 1493
16 -183 1369 1732
15 -948 -1913 1313
18 862 -719 1394
8 -1063 -240 1401
15 -227 1688 1836
7 -147 1035 1546
13 -225 1211 1407
17 -949 1067 1183
16 -1171 -980 1494
11 1987 1597 1429
6 408 -111 1170
11 -36 -1020 1845
16 21 -1176 1248
4 432 832 1767
3 31 1428 1472
13 -926 -327 1268
19 1245 -1625 1167
10 -1764 1669 1800
10 800 1396 1315
12 -157 3 1253
5 -1619 -528 1971
17 -1901 1386 1695
9 88 -1660 1047
1 1080 -348 1662
10 -1580 1382 1500
13 1203 -1898 1377
18 731 -15 1597
14 1395 -1519 1613
13 60 1378 1413
5 -691 -5 1808
1 1978 -270 1230
19 165 -374 1071
3 1101 852 1290
10 636 1884 1718
4 1264 -1554 1168
6 -418 1509 1084
4 959 -1060 1433
12 155 411 1991
6 1225 -797 1764
1 -1052 -1753 1841
16 -804 1182 1588
15 1610 -890 1933
10 1043 -1380 1406
2 -1906 -1545 1641
3 1896 1895 1574
3 -656 -1076 1720
13 771 -1137 1918
11 -342 -1237 1849
12 -751 1979 1428
15 721 -1256 1103
7 -920 1610 1054
9 -1771 572 1971
5 579 1318 1819
4 -1790 -280 1853
19 391 509 1094
3 -1037 1047 1447
20 -543 -650 1162
14 643 -997 1224
15 -1455 -156 1961
11 -980 -800 1636
2 1895 379 1240
1 1856 -288 1679
1 656 1491 1478
11 -1549 1408 1970
3 -927 -507 1370
9 1602 -1510 1127
2 269 1436 1756
4 -993 1174 1430
18 -1047 -1905 1440
1 1057 -1455 2000
6 -546 -1383 1381
10 -1576 552 1289
12 -1177 -1542 1190
15 -1213 -902 1875
5 -1663 -628 1235
5 1292 1182 1374
2 1228 234 1397
13 -798 -1322 1520
15 850 1553 1708
20 -796 395 1632
6 -271 -1265 1605
8 952 1069 1704
15 651 925 1549
17 -1254 1183 1208
8 1610 -485 1922
12 1868 -976 1378
10 -1330 -1595 1204
6 -1192 -410 1424
6 99 831 1597
20 -1271 1168 1940
8 834 -1053 1362
20 1337 -178 1384
14 862 705 1003
9 1147 -1781 1990
5 865 -1280 1630
14 1910 1989 1955
18 1643 -1356 1336
20 -331 -1312 1745
1 -823 -701 1796
18 316 -129 1589
12 -1608 -1316 1079
7 -122 74 1330
7 886 -1454 1820
2 -1489 -337 1739
13 1382 -1596 1593
18 -223 1338 1598
5 1311 1384 1858
16 -1964 866 1807
20 101 -301 1519
15 1287 1747 1643
13 -1064 308 1173
18 1080 221 1027
3 1518 -1308 1632
13 1362 1915 1004
12 1317 604 1980
1 314 -208 1389
20 -674 1865 1078
3 -1180 1584 1741
5 882 988 1494
8 -922 1881 1215
8 238 1548 1338
6 1225 1911 1114
14 -1525 -1340 1723
1 -1706 1223 1294
19 -733 250 1888
2 1266 -285 1082
17 -825 -1963 1708
14 -1222 1270 1968
5 1012 -1972 1006
2 1254 12 1191
19 454 1003 1531
4 1128 -1164 1306
5 -1458 -1202 1657
12 -505 1190 1605
20 819 -1595 1522
19 836 1999 1974
17 -858 -1818 1929
6 539 -1624 1096
16 831 -305 1622
11 693 746 1604
3 1027 -1872 1766
13 -1007 -113 1958
7 1171 -1149 1913
15 771 -1848 1040
16 -1150 668 1980
9 -1888 1135 1692
16 -1176 -914 1663
1 1806 -353 1582
12 1281 -48 1007
10 -85 -1131 1221
20 687 184 1361
7 -988 1427 1597
6 -600 1875 1805
20 1887 1717 1274
11 -363 249 1229
18 -802 -580 1266
4 65 -1154 1108
14 435 1966 1636
5 -544 -535 1415
13 451 -1385 1786
16 -783 -1168 1406
17 856 1611 1726
14 -1741 -712 1917
14 1442 64 1140
15 1362 209 1942
1 1845 1704 1150
1 972 1544 1515
11 733 468 1288
13 1407 1002 1074
6 1752 -34 1454
19 -1408 1316 1126
18 955 417 1422
6 340 -200 1584
16 1004 322 1368
12 -875 -1434 1170
9 -1012 -361 1004
5 1477 1118 1773
18 1346 -981 1848
8 369 1904 1470
5 184 1795 1915
19 1936 1607 1714
9 1051 408 1255
11 -1729 62 1525
1 1917 906 1273
12 501 1515 1100
1 1219 981 1859
9 947 452 1021
11 -1608 1490 1749
8 -1653 59 1123
6 -793 881 1901
1 1401 -913 1078
9 -205 720 1910
7 417 -1956 1155
8 598 -1780 1042
8 1334 1607 1497
16 -193 -1257 1542
5 945 -786 1453
6 704 -1480 1421
6 302 -480 1466
20 598 816 1348
5 -1923 -1426 1413
10 -1844 30 1638
19 -109 662 1327
13 -1451 -213 1160
20 598 222 1684
2 116 1488 1882
14 -470 -1139 1850
18 -1943 -1047 1859
2 -1880 799 1276
7 1074 -919 1818
1 -162 -272 1799
1 283 937 1169
19 1814 655 1741
17 1370 1997 1956
6 -1398 53 1222
12 -1670 798 1883
15 -373 815 1910
15 1971 813 1505
6 -76 665 1811
4 -1352 -280 1653
5 -714 1432 1960
19 -1893 1975 1460
17 1072 968 1420
17 -284 1418 1281
6 1170 -1609 1701
19 -1424 -818 1214
14 1447 -847 1673
18 1078 361 1408
18 -489 939 1300
16 -589 806 1195
3 1654 -1208 1236
17 251 28 1299
17 -1413 584 1184
2 780 1268 1872
18 -1622 -589 1201
8 -332 255 1644
11 -361 314 1165
8 -655 -1256 1548
12 -1098 1117 1445
12 27 1085 1971
3 -91 -1895 1283
12 966 -1306 1903
13 -224 -853 1210
9 -1862 1579 1020
3 -1116 -472 1186
8 352 337 1335
1 56 51 1876
2 1154 1642 1233
13 -1250 -190 1071
9 -612 378 1556
19 -345 -854 1368
5 -1762 505 1932
14 1344 -517 1809
3 449 -1954 1075
17 213 478 1290
12 641 -340 1809
5 -1987 -52 1092
9 -1522 352 1233
13 -200 1148 1695
4 -694 985 1738
12 1905 -434 1573
9 -312 1068 1043
12 -3 -1220 1968
9 715 1430 1139
13 -105 -606 1498
9 1712 1797 1489
10 -1078 1855 1478
11 717 -103 1020
14 -977 -1640 1765
2 -1465 813 1026
18 1197 1457 1772
13 601 245 1061
4 1808 204 1614
20 -1333 314 1349
18 -1428 926 1633
17 -841 803 1577
2 1209 1938 1156
15 -1814 -813 1108
12 -1141 -731 1472
13 1769 -1787 1434
11 -1913 646 1759
3 463 -1560 1257
9 554 632 1626
10 1830 -951 1506
10 -1126 -1071 1327
7 619 -1641 1746
5 -243 -497 1341
20 1030 74 1602
5 -935 -225 1571
8 1001 -1981 1840
11 -1238 121 1883
6 242 -1017 1656
18 -1756 -1574 1728
10 94 81 1593
9 1439 1016 1366
14 1860 -168 1877
13 314 1811 1471
5 1687 -923 1062
17 -545 -29 1740
14 -74 -966 1979
4 -1864 -477 1324
17 1176 -1556 1886
4 1732 949 1388
11 633 -1608 1052
18 -391 -1686 1491
9 -303 299 1902
10 1769 -1468 1087
13 1739 1778 1234
2 -1734 -904 1582
2 -1708 282 1891
11 -700 -1823 1903
7 1447 -1193 1918
13 -1685 -1773 1157
8 1007 1644 1294
14 168 -418 1889
3 -1412 -1949 1484
19 -514 -928 1376
3 -1201 -146 1632
4 1321 -45 1562
11 115 1153 1497
12 -219 -80 1608
7 1431 55 1593
6 72 -574 1177
16 -812 94 1591
19 168 130 1044
20 503 -1045 1824
6 -1571 1848 1555
6 1947 1962 1370
14 259 -541 1941
5 -1214 -182 1444
16 -1803 325 1728
9 -1903 1192 1073
3 -1815 -1348 1622
11 1048 537 1709
2 -1522 -1036 1106
8 1165 925 1071
15 -1949 1582 1387
18 -1089 -309 1624
10 247 -506 1972
1 1606 327 1035
14 -163 -1577 1289
14 117 1559 1457
14 -1344 -505 1240
10 -1731 1883 1132
19 1282 -1365 1556
14 -1569 -1552 1690
16 -490 -640 1085
20 39 -6 1656
4 -994 -596 1123
12 -647 -1171 1243
16 -864 1936 1535
7 -1159 1638 1888
3 1697 884 1874
14 -1972 -453 1174
8 1487 1725 1972
10 -1176 636 1984
9 -1238 1927 1550
13 -227 -427 1361
18 1485 -1689 1717
15 -209 566 1724
6 1101 115 1751
13 1271 603 1831
16 687 886 1022
12 674 1931 1622
13 -1370 -990 1510
5 -1813 -231 1946
20 1878 -139 1415
6 1181 594 1583
20 916 990 1335
11 355 -1888 1548
11 -739 -1338 1210
9 -1166 143 1925
17 686 661 1540
9 1201 -467 1008
12 874 -1951 1833
4 99 -1650 1372
13 -528 396 1025
12 790 1516 1616
17 130 1373 1754
17 459 1782 1004
4 403 577 1448
4 1151 -1496 1782
20 1909 -999 1631
18 -1546 -864 1528
2 -856 -986 1261
9 -1142 1494 1571
2 -1760 -690 1889
16 -1047 375 1978
3 1565 1027 1252
14 -502 -1746 1169
7 -182 1437 1672
7 -397 -158 1664
10 -1687 528 1863
4 1255 -1099 1794
7 -3 1374 1114
15 -1757 -698 1819
20 758 1118 1897
12 280 747 1078
10 -479 -201 1284
3 1597 162 1523
5 568 1476 1245
7 1839 1766 1195
15 -1415 1374 1520
13 -1949 -246 1046
17 -751 1613 1592
16 -143 -609 1065
19 1100 -689 1122
11 1110 -147 1562
19 688 139 1051
2 -119 1713 1323
10 -3 -320 1604
6 -234 -1403 1340
9 690 -636 1155
20 672 1143 1911
8 419 -1459 1354
18 923 -1495 1352
17 -172 -1789 1243
11 -1470 818 1504
17 -126 -1920 1025
10 1007 1976 1569
8 -118 1960 1003
7 -1059 1881 1912
4 1353 -238 1963
20 -461 -1564 1140
14 1041 -1374 1990
8 -404 -112 1038
19 1165 527 1975
14 -388 -1288 1992
3 1928 1949 1306
6 -1557 -1813 1340
20 1327 207 1962
5 594 -1506 1740
18 1102 -713 1682
16 -1636 860 1625
12 -1888 1598 1522
1 -1993 522 1670
1 1834 -845 1671
11 -1368 -565 1652
14 -386 -641 1298
9 1642 -796 1324
2 471 -1852 1343
12 -1468 325 1123
16 -1912 -1287 1155
3 1984 -1773 1418
14 1769 1802 1263
16 -1986 284 1723
20 -1473 -1493 1380
9 1260 1644 1779
16 1284 1588 1134
14 -257 -1114 1041
19 -1131 462 1307
8 -460 260 1739
18 1189 -145 1755
9 1817 -1622 1542
13 -1361 -929 1248
16 -140 -768 1222
2 566 -939 1678
12 -100 1979 1383
14 1617 1164 1328
9 -313 -1442 1577
17 1644 1551 1257
16 1550 764 1991
10 -921 140 1728
14 -285 1822 1114
15 -56 -127 1620
1 521 1612 1429
20 -891 228 1368
13 -62 -1041 1114
12 516 1197 1764
15 -182 1487 1732
1 -1809 -154 1508
4 1036 124 1985
16 1681 102 1121
1 -1069 340 1371
1 -1878 -1948 1876
8 536 594 1290
18 -1093 907 1230
1 345 -243 1154
20 1034 474 1581
17 -867 -551 1660
19 -1478 -302 1821
5 -1792 181 1330
6 82 -1559 1515
14 -1338 -830 1914
3 1327 -1439 1309
10 4 14 1317
2 8 1508 1556
9 -435 1275 1338
14 21 -188 1526
12 1767 3 1020
13 1921 -424 1286
16 -1117 595 1930
20 -873 1818 1803
18 -237 1117 1797
11 -1784 356 1743
12 1053 -1982 1901
9 -255 -7 1284
18 -660 -1360 1350
4 933 -1487 1627
5 561 955 1106
16 -314 926 1898
2 -1351 171 1931
8 -732 1856 1563
6 -277 -1570 1484
2 742 -1742 1195
19 -603 1170 1005
11 32 1899 1533
13 -194 723 1977
15 -806 1820 1712
9 1303 1964 1450
20 -1510 -182 1815
4 -1461 257 1201
7 676 876 1427
8 -419 259 1108
4 852 498 1900
8 753 -481 1168
9 -686 166 1974
11 -1704 -605 1404
3 1239 -713 1631
9 -597 -476 1800
10 -110 755 1577
7 1794 -1572 1524
9 535 -1007 1833
11 1574 1740 1743
7 -1645 -1990 1114
13 -1141 102 1022
1 1250 -1162 1051
5 -1223 536 1762
2 776 -611 1817
3 12 -1428 1163
9 -1935 -1710 1132
5 -1283 -94 1547
19 -1789 -574 1407
5 -860 -230 1567
15 -440 648 1434
13 1096 817 1635
16 718 -975 1537
17 1287 530 1884
8 -106 -1687 1352
2 1538 -1832 1169
19 -1743 368 1058
9 1715 -62 1453
20 -432 -1097 1248
20 1236 1435 1673
18 1243 587 1277
6 -1794 1084 1586
14 -1470 1141 1056
6 1745 -371 1246
15 398 1686 1757
12 1976 1465 1264
20 -1647 879 1463
18 -469 430 1528
19 -490 876 1999
11 1970 677 1690
16 1598 -1235 1437
10 -935 489 1749
9 -660 -1597 1636
15 -1845 -1538 1460
11 -765 -1870 1596
11 1036 -1460 1505
3 1320 480 1260
15 -945 396 1538
17 -646 717 1522
1 1878 -1386 1106
15 -1407 93 1262
9 182 14 1719
18 1517 1806 1543
19 605 -1893 1009
14 -410 1133 1302
15 -516 -1620 1290
13 -1364 -803 1115
11 -742 1802 1264
4 -1769 863 1952
13 -702 620 1062
12 -952 396 1490
11 -1584 -422 1206
1 1700 -1044 1894
5 1161 800 1938
9 -372 -700 1554
4 551 1550 1150
16 -265 1633 1893
2 1956 -137 1890
5 -1961 -1999 1033
2 391 1529 1289
15 -504 423 1480
11 -1261 118 1213
8 923 747 1833
17 -1336 -1536 1295
20 -435 -427 1305
5 -1097 1193 1669
17 1487 -1567 1343
12 1589 1066 1589
16 -1653 -1949 1559
8 -489 971 1681
1 1601 1087 1948
9 707 1933 1373
7 281 -1750 1003
12 1334 1115 1908
5 405 1240 1193
6 308 1073 1731
20 198 -1035 1093
8 1015 386 1096
15 -809 1101 1027
20 -1359 -833 1606
17 245 -1011 1634
6 852 1111 1631
20 -778 449 1256
3 1535 -403 1487
4 -464 1035 1418
16 -754 1740 1049
15 180 -1855 1927
10 930 -263 1591
18 690 -1091 1604
19 1313 -1611 1483
6 -1450 1483 1047
7 1525 -1904 1726
7 -1008 -570 1163
19 1261 1905 1021
7 -1395 1130 1138
20 -679 -1140 1735
19 191 256 1815
15 143 1536 1961
7 -1852 114 1767
6 139 -253 1850
13 633 106 1034
17 -928 1871 1697
2 1438 1146 1723
5 1032 1902 1971
