607
8 1839 -1782 1826
15 -972 549 1520
6 1293 -1628 1217
6 -1379 -68 1566
15 937 281 1258
17 430 1915 1554
13 874 3 1913
3 1575 335 1581
7 -1438 -245 1028
8 -1146 -1206 1693
6 -1770 456 1109
2 1722 -1342 1728
1 10 -697 1907
13 350 -1906 1640
7 -396 -614 1832
10 -1561 446 1990
19 -680 1687 1702
3 361 175 1350
12 1272 -1878 1795
3 -1842 -560 1544
12 -184 -1812 1182
14 1063 -853 1124
19 -602 472 1059
18 -401 -1460 1011
16 -652 -827 1749
14 -740 -1157 1722
10 1363 -1891 1679
10 990 331 1872
19 593 -1762 1129
16 -1916 -1688 1355
17 -447 285 1857
4 -971 776 1036
18 -1754 1277 1201
3 436 858 1974
6 -1663 -360 1125
18 1612 -1195 1845
9 -840 -1555 1598
19 -1155 -127 1991
7 -850 -1827 1825
6 -1482 1709 1822
14 -834 -324 1913
1 -213 -354 1791
3 1929 1922 1662
3 -848 564 1594
7 -1951 -826 1809
12 -715 366 1812
7 188 -1215 1510
14 -1327 847 1612
7 -1722 -1460 1538
4 1440 -1439 1637
6 947 -217 1406
6 1181 -921 1866
19 -815 112 1579
17 -1998 -450 1651
8 -1016 1137 1571
19 1494 -782 1545
6 -935 1566 1729
16 -423 729 1765
13 154 351 1135
18 1014 1043 1929
4 52 279 1035
13 -1796 -1529 1148
6 730 1084 1085
10 1801 -1471 1306
17 1135 907 1636
18 -591 -850 1180
6 -1269 -507 1846
19 856 1298 1687
6 194 482 1349
9 936 75 1885
13 115 -1683 1439
17 1909 793 1616
2 -114 -312 1404
5 471 1191 1602
20 1475 1508 1228
17 -821 1541 1205
17 -188 -1967 1556
6 -1194 200 1045
18 567 83 1771
14 -1206 1248 1976
4 674 1160 1322
17 1254 1750 1675
8 1537 -144 1025
13 -1557 -350 1799
2 699 -1831 1141
13 1472 1987 1610
8 750 -598 1816
8 1562 59 1886
7 -1890 -1669 1513
3 916 -716 1193
8 -331 -53 1348
13 -923 -188 1745
16 1253 -623 1373
17 -1424 1282 1391
19 -182 36 1878
8 57 1303 1859
12 1065 -147 1338
5 196 809 1210
14 -1500 -1201 1976
3 1186 -1512 1432
11 592 1815 1050
19 -412 1450 1206
20 1988 1658 1830
16 1366 -1371 1799
18 -622 8 1290
13 1679 593 1462
1 518 -198 1678
15 -1449 -1372 1736
3 1692 494 1692
9 -502 385 1674
18 -1719 370 1686
18 -1042 260 1180
17 1839 -1413 1415
2 370 1619 1538
9 1790 -1169 1883
19 1439 154 1775
17 -983 1771 1511
5 -386 -1863 1526
17 1106 1018 1938
13 1836 675 1520
5 1537 1497 1162
13 313 110 1974
15 -1207 -1489 1216
5 918 -426 1450
16 -1124 -1397 1062
6 1333 1726 1073
5 1848 1443 1405
6 29 -782 1730
14 -1197 910 1371
9 1162 873 1011
6 167 -1629 1372
4 -331 1295 1733
16 709 1035 1209
20 -460 1529 1181
6 1137 594 1128
19 284 -1537 1641
17 1674 1486 1185
10 1619 -915 1496
14 -1446 -1862 1680
20 -1445 -457 1707
18 -1612 1744 1027
16 -904 -1178 1069
5 299 176 1295
14 55 1650 1589
1 925 1778 1098
4 1441 282 1460
19 -866 1145 1910
6 -67 -201 1486
8 1198 -1508 1203
13 493 1397 1612
17 1865 147 1825
14 -1729 1001 1188
3 266 652 1792
3 1338 1800 1031
18 -1786 657 1101
20 712 455 1211
16 1703 494 1192
3 1511 1001 1993
10 340 -1744 1741
8 -1828 -693 1371
9 -486 -1153 1387
16 656 -712 1770
18 -384 1002 1957
12 -605 653 1214
17 1826 -713 1211
6 1910 1791 1185
13 -1917 439 1525
18 -875 -1464 1275
17 -1611 150 1487
10 -577 -1922 1604
19 1770 388 1631
10 -871 -1884 1967
4 1703 1758 1251
3 -1405 -1505 1292
8 -1355 1219 1092
6 -1906 -1133 1051
18 -1526 120 1058
5 1315 1681 1234
5 1285 535 1526
4 -647 1843 1368
19 -622 -180 1713
9 -271 1280 1792
5 -118 -1050 1737
19 1210 743 1664
8 -412 -1834 1211
6 -298 451 1276
17 -1322 -1147 1414
20 -614 1830 1142
4 -1294 -232 1597
12 1974 -364 1491
20 -81 -1349 1693
18 1637 1502 1564
8 -7 411 1015
15 -849 1375 1930
10 269 825 1800
1 -709 92 1809
15 -799 1997 1255
20 -1799 1171 1599
7 -851 -968 1737
1 -514 42 1664
5 1405 -1482 1438
6 1006 1260 1093
12 -1946 -1612 1076
11 351 -1537 1377
14 -799 875 1187
2 819 1102 1803
20 -1981 -174 1292
6 -479 -1083 1917
19 -1581 1346 1262
2 749 -759 1129
19 421 477 1862
7 1543 526 1369
11 1985 1625 1172
8 1260 -1918 1073
2 316 -1068 1528
8 847 -1861 1509
10 -1686 589 1019
4 -169 -1453 1588
16 1268 -1572 1177
8 52 1569 1233
13 -821 1294 1775
13 -1873 522 1691
13 -1982 -866 1772
12 1579 -1075 1757
6 -677 438 1838
15 780 -1213 1829
10 1869 701 1020
14 1062 -1626 1893
12 -515 1885 1805
10 1763 805 1829
6 518 -797 1069
5 355 -1544 1215
12 1509 1182 1671
18 -1608 -644 1331
13 -937 -382 1678
9 1344 201 1269
8 -1876 -421 1835
4 1348 -1866 1386
19 1291 -1304 1287
6 -1989 -1513 1018
3 -1919 1014 1553
16 -123 1763 1321
9 1509 1385 1907
1 -26 1188 1468
14 413 1829 1765
16 -1277 1622 1795
10 -527 125 1582
18 586 -401 1422
4 122 -1150 1046
18 114 1538 1058
15 -1305 135 1058
7 -1145 -1233 1661
17 1358 620 1077
13 -1253 -1478 1558
11 1712 -995 1843
10 -1616 1601 1717
1 -203 1659 1767
10 1942 -1266 1410
10 1840 -340 1118
18 -608 -436 1304
1 445 1346 1069
16 293 -398 1290
20 -1863 -1472 1968
16 1535 1962 1586
12 291 -139 1203
3 926 1053 1038
10 -25 1302 1889
10 -1166 -125 1933
14 374 -606 1168
15 1593 1309 1978
3 -1859 -464 1730
6 1646 1526 1829
12 1456 308 1231
9 -295 -194 1046
3 555 730 1624
4 1675 1572 1145
13 -1683 -1226 1099
16 -1537 1276 1373
11 1489 -985 1488
15 -1390 -942 1872
13 -972 -14 1869
12 1472 505 1510
2 1189 585 1584
7 -1550 842 1024
9 -993 -952 1543
6 1473 1397 1792
8 1095 -1750 1044
8 -1652 64 1488
4 882 1831 1329
1 -1626 1009 1881
14 1926 -11 1552
19 420 -963 1185
2 351 -1137 1584
5 119 105 1169
2 1391 602 1099
19 892 -733 1985
16 746 139 1506
19 1412 -823 1153
7 1516 -725 1850
8 1632 1144 1911
16 -1193 -1329 1430
2 1545 -661 1694
18 -608 523 1418
14 1334 -1826 1025
5 1893 991 1959
14 1752 57 1269
9 -1617 1646 1344
18 944 -448 1247
20 535 856 1818
16 -902 -1090 1534
7 -1986 1473 1588
20 -262 1627 1362
11 -725 -1187 1170
15 1651 1895 1972
17 -1823 -1364 1544
18 -82 -1191 1699
1 -335 957 1400
15 -1306 1304 1215
9 616 1149 1068
18 879 -779 1588
6 612 -1396 1280
20 1334 98 1962
13 -1341 463 1780
3 -1803 -350 1520
7 -125 -376 1254
3 -1438 1629 1072
9 1925 122 1017
6 -1067 -1673 1840
19 -1437 476 1607
15 -1595 482 1109
20 1080 -1273 1527
17 898 -513 1715
11 -913 -1629 1269
1 485 -1649 1347
2 -1008 308 1300
11 -816 1048 1453
1 1669 -83 1823
20 1205 465 1235
15 -1569 -151 1821
13 533 381 1268
15 1229 1604 1747
4 -513 560 1268
16 -1220 1107 1206
1 -1106 -1561 1064
1 196 -750 1320
5 -429 -360 1829
16 -107 -418 1754
10 -1796 878 1733
13 1569 -1699 1364
12 -1716 341 1618
3 1219 -1866 1102
4 -637 -1052 1196
9 -1476 -1561 1306
8 -54 1327 1207
9 -211 -93 1308
8 -703 -1259 1342
16 1619 228 1099
9 -354 1942 1198
7 1249 -1086 1349
17 442 303 1583
15 -1587 -1414 1600
8 1640 572 1386
20 -922 1245 1355
7 1416 423 1703
13 -1062 208 1718
4 -1220 1001 1754
1 782 1299 1357
19 -1008 1307 1682
6 -1128 1695 1793
5 1332 141 1248
9 -402 -280 1832
12 246 1790 1977
15 461 -827 1241
19 -55 -651 1566
16 990 1024 1810
6 925 1310 1762
2 -1294 -1864 1972
11 -349 -1821 1824
14 -202 -1328 1260
17 -1670 -745 1961
17 1839 1041 1825
1 1401 -821 1559
8 332 -1961 1713
10 702 494 1657
4 1037 835 1089
15 -1859 1103 1978
17 -472 1276 1571
12 -724 1959 1152
14 1444 -384 1610
19 -547 -414 1930
2 923 -233 1396
16 1916 -1619 1680
3 -1633 66 1876
20 -1117 1373 1616
5 -595 -379 1917
17 709 -1282 1473
11 -892 1938 1047
6 -274 -617 1832
4 486 1703 1801
11 -1723 -128 1631
11 -114 706 1266
2 886 -724 1573
19 750 1549 1246
18 1840 -967 1122
10 -1056 775 1828
3 -1512 -888 1808
12 288 -1905 1448
19 -404 -1 1917
16 1592 1420 1975
6 1277 -1734 1517
17 883 729 1374
5 -540 1751 1407
2 405 457 1729
5 -748 -684 1932
6 -1152 278 1667
20 1701 1865 1908
3 -249 -79 1626
2 -1952 -290 1980
13 1451 213 1264
1 1930 1788 1280
15 -568 1222 1889
5 420 1090 1269
8 409 -1655 1521
19 -586 -1434 1718
2 -231 -99 1167
4 1404 1308 1601
10 1084 -561 1403
10 1278 -819 1359
9 10 281 1591
5 488 349 1507
4 -3 -1700 1049
3 -782 925 1997
11 -777 83 1540
15 -542 -776 1309
17 -855 358 1644
1 1239 -1222 1859
17 1393 503 1858
19 -17 -1226 1312
5 -1638 -202 1165
4 -972 -1554 1387
18 -1627 -1929 1004
16 -1567 -1527 1834
16 1680 612 1423
16 -23 1686 1722
10 1003 -627 1531
10 -450 1336 1989
19 -69 -1692 1961
2 319 1255 1906
13 -1385 -1173 1538
14 1059 233 1912
17 -52 1241 1765
13 -1107 1484 1224
20 450 -1973 1775
14 682 -1203 1634
3 247 -1763 1119
14 632 -1430 1226
10 900 -461 1726
1 -1072 -1097 1680
11 1080 -755 1917
4 1732 261 1767
11 -1094 1108 1781
16 1884 151 1402
3 -656 1528 1125
3 970 268 1686
8 3 378 1058
9 -1742 1747 1433
7 -1023 -887 1330
19 -1265 137 1232
12 495 1862 1322
15 1963 751 1333
5 -1766 -864 1526
1 661 -1062 1303
11 -636 813 1653
18 -1351 -1307 1039
15 -603 252 1602
8 -1767 -1807 1247
2 -281 -1778 1585
7 -1773 -1151 1867
16 -328 1521 1872
12 -292 -1840 1326
12 -1636 386 1015
5 1583 -1732 1755
9 -1226 1327 1229
18 539 -31 1824
17 952 -1134 1958
4 -777 -1893 1805
13 1813 1340 1535
13 227 450 1218
6 1880 -1151 1653
17 331 505 1068
8 953 905 1031
9 1110 626 1497
14 1074 -1315 1335
15 -53 -742 1304
7 373 -281 1330
15 -1411 1996 1384
5 1950 1179 1920
18 -585 261 1906
5 -1246 -1520 1471
18 -1240 -145 1516
19 -486 311 1255
15 1843 1374 1994
14 -851 1458 1920
14 1278 40 1179
17 -565 -106 1836
9 -1771 -830 1249
18 -1251 1685 1608
7 1582 1742 1749
18 835 658 1970
20 552 -190 1794
6 1150 -322 1810
10 1710 906 1487
15 123 865 1715
12 939 967 1360
17 -924 -9 1224
18 81 356 1484
14 -43 -767 1123
18 -1271 800 1608
19 -405 1829 1153
8 1533 -1204 1148
9 162 1657 1818
5 1587 -188 1049
9 1388 1573 1377
19 1918 1661 1160
16 1394 464 1459
18 -1168 1721 1170
6 1166 1686 1115
7 1971 1 1750
9 566 1487 1639
19 64 -156 1895
6 706 66 1084
12 -452 -597 1530
18 -1281 -1457 1137
6 -435 1212 1715
6 934 852 1630
15 125 -940 1220
11 -1390 -1580 1395
3 -979 472 1675
1 -879 -92 1034
11 -1191 -1278 1641
18 1270 693 1722
5 -1134 1741 1991
3 -349 1693 1632
4 -1323 -246 1672
5 -62 -1274 1534
20 1895 1456 1808
9 467 1273 1984
7 -29 -1535 1563
7 1822 -1643 1292
4 1740 -68 1236
6 -1652 -881 1544
11 -1918 -561 1085
5 828 1505 1951
1 1567 844 1791
18 -89 -1354 1898
4 1708 -1254 1780
6 -878 73 1641
20 -266 592 1894
14 586 -1435 1593
11 1984 -884 1065
2 -750 -1617 1991
5 438 1301 1066
4 990 1466 1773
19 -290 1885 1837
10 599 -1155 1216
10 -1759 -853 1390
7 -1395 934 1417
4 233 -558 1870
20 -1893 1737 1618
1 722 -913 1748
16 1269 -1611 1852
11 492 385 1750
6 424 -1190 1922
13 -1944 745 1797
1 -723 411 1655
18 -1912 -1734 1196
4 -286 1514 1557
19 1301 417 1455
1 -84 833 1542
20 751 -553 1374
13 -562 1851 1990
6 -116 -1669 1669
16 655 1977 1066
6 839 -760 1148
1 107 -544 1925
18 1856 868 1511
7 851 -933 1613
6 275 985 1407
8 -566 291 1396
3 249 -354 1152
13 -401 -1675 1487
19 295 -1424 1354
3 -1285 -353 1301
10 -1971 1062 1219
14 943 1856 1363
17 131 1029 1377
9 -385 -1975 1289
2 -1241 1905 1105
7 -1386 -115 1300
17 761 -304 1364
10 1874 -347 1589
19 -1652 540 1853
11 1689 -662 1411
18 -720 -1766 1845
7 1155 1458 1147
6 -1480 -1571 1904
18 -1524 1724 1380
