1524
15 20 -889 1780
10 -1621 166 1404
12 -559 680 1470
20 -1119 1437 1363
5 -594 -1655 1262
9 -879 10 1778
7 -41 336 1942
15 925 -1886 1521
17 -657 464 1007
17 -713 915 1269
2 322 -1592 1288
10 792 -1373 1084
20 -751 98 1195
10 -88 -573 1746
3 -1193 787 1932
10 89 -1937 1798
17 -1910 -1991 1113
8 267 -1567 1856
19 249 -62 1637
19 -446 -1329 1442
10 507 956 1389
6 1485 -515 1572
14 1452 -37 1643
5 348 -1770 1665
13 -640 -434 1426
9 -1965 425 1069
8 -1090 90 1526
8 -1260 -1095 1968
15 105 413 1293
18 902 857 1614
16 1415 -361 1578
11 -479 -1591 1477
4 393 -1985 1845
14 -1650 -54 1411
3 400 333 1823
20 -811 -1537 1446
20 103 1347 1397
8 1411 1466 1397
13 -137 16 1314
5 570 63 1271
6 777 468 1520
14 -659 -1872 1330
2 826 -1513 1424
19 -274 190 1511
7 -1696 -1048 1476
6 -29 428 1811
18 1282 -1688 1414
13 -698 -629 1826
16 -471 -1755 1774
6 -957 -860 1236
9 -1818 1814 1570
13 631 741 1703
7 1100 1287 1804
7 37 -1473 1831
2 501 1869 1519
9 1913 1711 1064
8 622 1462 1824
12 1980 1125 1595
14 -1368 -614 1562
6 1691 -1114 1035
17 -1540 -1507 1981
7 1828 978 1678
17 -939 -1243 1166
12 513 671 1757
16 -1860 -1842 1484
14 -383 -384 1716
3 1375 348 1853
19 -300 -138 1703
10 -1108 -1408 1704
7 1163 -860 1200
12 -1481 516 1628
10 956 68 1774
3 591 -189 1344
3 -834 1165 1536
15 -891 372 1491
19 -421 1353 1074
15 -459 -326 1819
13 -1211 1119 1964
1 -793 1512 1732
16 1867 393 1697
14 701 1001 1192
16 -313 220 1260
18 -1373 169 1426
10 1023 -1943 1265
3 -965 1009 1749
19 862 1290 1850
14 1717 1607 1417
9 -211 888 1904
8 52 919 1855
12 -154 819 1029
9 -737 1351 1090
12 -1880 -113 1021
7 1982 1949 1562
9 -218 1935 1224
2 15 257 1624
9 -784 897 1390
13 1054 -1747 1530
14 1485 -1317 1019
11 1627 1393 1250
2 213 956 1121
9 1639 -883 1050
1 1664 1635 1918
14 -893 736 1748
20 -1697 972 1478
1 -1309 -15 1851
17 1627 -796 1324
16 1282 -927 1864
11 -1271 641 1466
3 330 -1436 1825
1 822 -1211 1585
4 684 -208 1878
7 229 -1129 1112
8 -618 -737 1899
6 197 1101 1565
12 1938 257 1395
3 1691 961 1125
12 1802 -1493 1660
8 235 -206 1936
2 -18 1800 1355
1 1582 -696 1034
15 -1417 -41 1468
19 920 -667 1384
8 -1667 -167 1010
19 721 -754 1882
9 -1040 -813 1097
14 716 -1867 1853
12 1658 208 1961
6 1040 -464 1972
9 -944 1438 1486
6 -1547 1308 1821
2 -1130 781 1159
17 549 -1270 1627
16 295 1177 1353
4 806 1207 1214
8 1544 684 1597
18 -882 1496 1769
2 880 1742 1581
14 -1913 1277 1544
4 1636 1800 1875
3 -975 -813 1815
3 1190 685 1389
4 326 1272 1658
12 -1855 934 1837
18 -1936 1198 1993
11 44 338 1391
4 1310 1799 1398
18 879 -676 1900
9 -1738 1990 1131
1 1129 455 1705
12 462 -1552 1745
10 239 1902 1833
12 -823 -1548 1788
14 760 -306 1103
2 20 -1610 1273
2 -1872 623 1120
13 -309 -23 1701
11 984 -1976 1903
16 1990 -224 1945
5 1168 -1232 1492
18 -1916 14 1391
1 -992 197 1874
10 581 -1194 1138
14 -1625 356 1599
1 -269 -1387 1793
11 704 1984 1803
14 -1247 -361 1167
14 -1361 -367 1910
8 221 -1146 1081
8 -261 -548 1932
11 1596 1660 1261
17 1641 -269 1694
12 -682 -1016 1695
11 1112 554 1256
8 637 -781 1489
3 1421 -1184 1874
4 205 1880 1458
17 1675 374 1890
14 -620 -271 1469
3 1886 509 1246
2 1818 -1306 1636
10 1631 1095 1928
17 122 1751 1070
19 1535 -1667 1214
4 1100 998 1982
14 1191 -1373 1483
13 -458 1443 1578
5 -1171 710 1466
15 -122 1779 1715
12 1644 691 1807
1 -316 -1368 1884
14 -1517 1626 1285
3 -211 -811 1693
6 722 1188 1633
18 -1454 183 1662
2 -425 -1079 1389
12 -620 1122 1617
6 1803 294 1073
17 -1482 1235 1299
4 -1161 817 1733
9 -391 749 1793
1 -1502 1211 1424
4 586 230 1957
18 -332 -1858 1769
4 -1640 1980 1770
7 167 -1476 1012
3 -828 -1098 1326
14 -1067 1056 1014
19 -1217 1147 1246
16 -1719 -664 1946
12 77 -1313 1962
5 156 -1132 1817
11 1819 -66 1452
15 -1025 31 1969
5 -961 1040 1557
7 -1235 1454 1751
20 -918 -478 1321
17 377 1565 1644
12 1594 -1442 1328
15 -1635 1773 1102
1 384 913 1902
18 -1068 1542 1646
11 495 -1375 1467
15 -550 -1800 1697
20 -216 -1322 1174
18 625 1880 1617
18 1160 1634 1496
13 -402 -1973 1634
7 638 -315 1654
1 -1844 1578 1825
19 326 960 1165
10 -562 515 1281
3 -1690 1696 1842
10 -907 762 1222
5 -1713 -747 1707
10 125 -1686 1161
8 -520 -1335 1894
7 394 -1065 1938
11 -501 -1129 1408
13 -1319 -1636 1468
10 -1022 -1334 1028
10 1701 183 1724
6 -777 722 1924
11 201 -930 1719
4 887 -777 1137
16 -388 -1025 1703
2 1708 -1213 1713
3 609 1407 1899
16 -960 -1940 1131
9 -217 607 1320
3 213 508 1043
2 1353 -1818 1729
12 -365 -680 1411
12 1530 -799 1799
8 1455 -1684 1619
16 -6 -1309 1596
5 961 1573 1420
3 1919 162 1695
6 -4 -1414 1496
9 -401 509 1501
10 306 -542 1240
4 4 -1729 1412
14 815 1768 1150
20 -737 906 1949
1 1099 1234 1336
4 -790 -633 1471
2 601 1560 1497
11 -687 -1559 1884
12 -1744 557 1869
7 -120 -1103 1763
10 -1409 -1241 1528
20 -390 -24 1682
9 631 109 1721
4 -96 1365 1849
20 -1409 -1211 1618
16 -701 -1149 1921
10 781 951 1337
5 1120 1712 1000
18 -674 910 1924
19 1772 1673 1794
7 165 1033 1486
16 1980 1008 1928
2 -1457 1307 1360
9 1443 -567 1665
2 1211 302 1740
2 -1805 -1436 1641
14 1244 459 1684
1 -268 -468 1753
13 -1165 1183 1703
19 -1754 -7 1388
7 -352 -1346 1855
17 -141 1126 1539
18 1324 -704 1629
15 -963 1774 1886
8 -490 1599 1525
19 1918 -1755 1948
11 889 1713 1215
17 359 755 1320
11 -926 -810 1556
12 -533 1516 1343
1 1498 -285 1843
11 -890 -1254 1785
6 -73 626 1586
19 603 398 1541
11 1377 876 1061
19 439 -1500 1787
18 -670 1325 1887
10 715 -1133 1011
7 850 -1367 1830
2 104 -1833 1211
15 1191 -1689 1917
7 1558 730 1628
7 1999 -82 1707
19 -1787 461 1576
5 -1338 71 1435
7 -1781 1608 1875
4 1477 -600 1556
12 691 1543 1076
3 1161 -1915 1623
10 405 1642 1846
14 722 257 1275
15 -1626 -505 1398
7 1693 -750 1537
16 -35 -1261 1867
1 -239 -1539 1130
10 1112 -1800 1674
7 -1035 -1233 1383
17 930 -1032 1659
9 -1376 1121 1344
11 -1995 -1369 1315
12 1470 -1037 1254
16 1362 1259 1444
17 1613 -161 1262
10 -426 309 1029
9 1108 397 1291
18 -1271 -1908 1668
14 -1166 -277 1641
5 93 -621 1612
12 142 -1407 1086
7 -197 1633 1777
12 1326 -880 1234
7 -1448 -1121 1804
3 1132 -1117 1181
7 1807 -938 1734
19 372 1224 1968
11 -1415 -49 1455
16 -322 271 1553
6 -408 1727 1331
3 1233 1881 1024
18 1649 354 1255
5 84 1417 1565
20 506 1612 1068
7 -407 1588 1090
8 13 -1785 1205
15 -382 -203 1759
4 -1371 140 1125
8 -1191 -1337 1575
17 1578 277 1046
9 -452 -710 1388
3 1535 453 1658
14 -537 -1248 1396
4 -1738 -285 1588
17 -1376 -1233 1564
5 -1446 511 1778
1 1129 -1486 1034
6 879 -1860 1479
17 1879 1496 1320
6 1969 -993 1742
5 -582 1172 1626
20 -692 1753 1100
18 1925 -873 1010
17 -665 1335 1615
9 1497 -1220 1146
11 332 1922 1967
12 1248 -643 1932
4 -1650 1665 1703
19 -1682 -1159 1353
14 841 871 1138
15 381 -1167 1890
1 -635 472 1502
13 999 103 1697
12 -833 -195 1384
14 -26 -933 1408
1 1370 873 1902
8 -779 -27 1444
8 -1003 -1771 1805
11 682 1166 1325
7 -337 -69 1632
16 1408 -1230 1884
19 -195 -1023 1301
12 -1960 851 1349
5 321 -1819 1688
4 -837 1146 1591
9 1273 -1055 1830
2 761 1374 1245
9 -1957 528 1355
1 -813 691 1528
6 1104 -467 1551
4 -961 -1400 1822
5 1526 1400 1045
20 452 1856 1052
10 -314 1718 1646
20 1382 1790 1938
15 1850 -876 1404
19 457 -679 1785
4 517 -1241 1645
4 1670 1525 1885
16 -665 -1502 1611
2 1737 -1640 1410
6 1187 1049 1723
2 -1509 -1102 1350
3 -301 -1998 1633
7 1731 -1597 1273
14 -70 -1704 1391
20 371 1512 1063
18 -301 -1615 1967
17 1281 1509 1733
1 -678 1852 1345
7 375 -1769 1412
11 -861 -891 1241
7 -1630 -1048 1336
2 946 1103 1523
6 -1453 1148 1019
19 -1348 -710 1169
2 -198 -1999 1746
11 3 1309 1032
19 -890 1765 1274
10 1894 1500 1279
10 1001 -1762 1541
18 -668 1261 1616
20 -857 -1638 1385
8 256 50 1076
14 1130 883 1999
8 1736 1645 1094
18 -335 346 1143
12 911 501 1145
16 1118 -34 1950
1 -1293 -674 1113
13 557 801 1983
12 6 -1111 1643
10 1828 -631 1577
5 -1603 1647 1638
1 -702 -873 1742
14 -1877 350 1971
5 1493 -572 1068
20 85 -792 1000
9 1331 1269 1452
15 -371 17 1016
13 1252 -420 1316
5 -1289 -1607 1305
11 1702 706 1992
7 -734 -724 1213
18 -183 1326 1423
17 1851 -369 1255
9 120 -202 1087
9 1999 1811 1597
20 1701 1159 1064
4 -1478 766 1041
16 -1846 -226 1065
15 -400 134 1356
10 -1103 -823 1714
14 -1806 -275 1762
16 -1496 -1751 1557
15 -789 -1167 1912
13 1731 -1065 1328
3 -405 836 1515
16 -950 -1814 1326
6 -330 -639 1518
1 334 -1972 1844
6 1955 1843 1661
18 -1514 1200 1026
16 1036 700 1108
10 1837 7 1147
20 607 -483 1746
12 847 150 1616
13 1948 -83 1130
4 -429 362 1196
10 1365 -1595 1692
3 -664 -398 1041
4 -646 -583 1617
2 1983 1403 1251
1 -844 652 1133
3 1083 -1399 1086
2 1522 1096 1982
13 -890 -1655 1177
20 790 1146 1041
19 1522 -703 1383
4 1752 -1720 1515
5 -1891 909 1336
2 255 -892 1069
13 1368 -161 1217
11 -474 -521 1200
14 -325 -1232 1760
10 968 -1803 1520
11 -1123 -616 1121
6 -1015 1437 1851
4 -1095 174 1921
13 -1410 -959 1697
10 -1706 1286 1221
4 -1200 237 1608
10 1272 -1164 1718
7 50 421 1806
2 1744 -1035 1220
20 50 -195 1928
2 -607 842 1925
16 1014 229 1478
11 1926 -1559 1021
15 -372 -1806 1012
2 -1459 1498 1881
19 -1316 380 1962
16 925 -498 1312
5 -1395 1614 1331
7 -341 -334 1728
14 1699 -1826 1610
7 -78 727 1859
6 1755 1523 1145
1 811 88 1398
19 -301 -1872 1874
14 -315 -660 1464
6 219 1605 1757
11 1914 965 1045
7 -1730 -860 1727
10 520 -7 1154
16 -360 -982 1875
11 -902 -1796 1838
14 -775 1122 1145
11 842 -903 1774
17 973 -1969 1019
15 -466 -1882 1559
7 926 -1995 1152
20 999 445 1471
1 642 692 1697
12 409 1091 1964
8 809 357 1163
15 -327 1793 1589
8 1852 -1561 1153
18 -1381 604 1340
19 -1715 -1022 1693
18 -883 -1061 1662
6 1879 1720 1019
20 -1517 -1416 1619
9 -1281 -429 1582
6 -790 1775 1119
14 1348 1799 1997
12 1588 1996 1100
2 1540 66 1876
15 1672 1936 1046
6 -870 -177 1097
4 -1744 758 1076
2 -920 990 1689
4 1422 -751 1653
4 568 1045 1108
9 1103 -1976 1591
12 -405 1672 1236
15 -125 268 1115
13 -1519 -924 1400
7 476 1641 1792
10 439 -192 1448
14 603 -876 1952
12 -420 -1685 1139
14 -778 -879 1562
14 1569 319 1355
10 1745 377 1374
11 -769 1287 1299
5 -188 -130 1964
17 1647 692 1853
19 -597 -527 1526
20 198 1485 1210
1 -37 -1412 1948
7 -276 -751 1962
9 -430 714 1862
13 1199 903 1794
10 23 808 1279
3 -137 436 1583
15 -1183 166 1732
12 1522 1512 1748
16 -416 -1800 1988
7 -1564 -933 1782
19 310 351 1732
13 1080 -1559 1015
7 -1842 536 1374
5 -579 1319 1932
7 1295 -847 1192
2 1313 -736 1393
19 1236 351 1816
18 1581 -1292 1196
12 990 -1664 1783
9 672 493 1217
19 -1812 -520 1447
2 -737 -1300 1092
18 474 -1087 1663
16 508 -1601 1742
4 -193 1831 1148
16 615 1504 1390
20 -84 -1410 1047
17 1445 -1383 1170
18 610 -303 1427
6 -462 1154 1714
20 1654 -541 1699
5 1127 578 1863
5 -211 328 1144
18 -829 -780 1004
12 -1992 -57 1185
15 697 -362 1383
17 427 1561 1274
5 589 -1443 1130
1 61 -1650 1188
13 1893 -1366 1471
1 -443 -435 1177
15 1083 987 1793
11 936 1528 1222
13 1515 -1826 1863
6 -1495 1267 1114
12 -908 1352 1864
5 1422 -1903 1052
20 -1896 -677 1886
12 1364 482 1617
19 1002 -813 1589
13 1915 430 1015
2 -278 -1954 1373
7 1521 -694 1944
10 1617 -1065 1414
9 -180 -258 1510
15 -743 493 1747
19 -505 -1532 1709
19 1095 1134 1545
6 -1761 1428 1583
2 1256 -1300 1030
12 62 1396 1934
7 267 1287 1327
16 -1680 -1133 1725
13 -1400 -455 1023
9 930 918 1859
5 -142 721 1156
15 -558 1869 1959
6 -119 -1960 1472
7 1114 1024 1752
15 -1943 -851 1796
6 1225 -206 1925
14 1497 -1854 1087
18 -1149 -367 1975
15 -801 -1951 1434
15 -867 471 1456
13 1199 1175 1395
2 130 -1296 1283
3 -1083 -216 1289
16 813 -1569 1572
10 -1661 -139 1897
6 1113 16 1843
13 -864 -836 1262
14 955 171 1277
11 1004 -1752 1087
8 -1886 1807 1230
5 1242 956 1601
17 512 244 1535
6 -693 1219 1107
14 -1317 1520 1114
1 748 1924 1587
16 1425 30 1947
12 -1094 1840 1055
17 1447 -1159 1301
16 -1787 -1897 1380
17 790 1980 1611
9 1361 501 1827
1 349 -1842 1622
13 -772 -1701 1125
18 1843 1544 1774
12 -637 1279 1843
17 1759 -769 1643
9 -313 -1529 1418
4 1859 1459 1770
11 1665 -1915 1532
7 1583 1308 1595
20 153 1833 1624
15 -175 1477 1916
8 -593 1374 1162
13 -434 -1779 1926
5 -181 1606 1086
14 -111 65 1795
8 404 235 1304
12 1559 -637 1749
2 -783 1888 1957
11 -585 1212 1073
19 681 -1340 1396
4 976 1915 1353
1 927 -1705 1927
4 -751 1165 1495
1 1966 -1419 1404
5 1431 1439 1817
7 -1685 830 1751
10 732 -198 1413
2 -519 -418 1836
10 1644 -1318 1328
4 -355 121 1067
9 -66 -1689 1601
5 -502 -1473 1287
20 -381 1552 1476
4 44 -583 1633
9 1474 235 1587
19 -1985 1398 1213
12 965 -569 1623
15 293 -1473 1961
1 157 927 1324
12 1026 -95 1528
7 -699 1790 1399
4 -1554 1938 1444
19 201 -643 1491
4 -1736 598 1260
8 -1703 -1891 1372
8 -221 -484 1386
5 606 1426 1192
7 -1637 1989 1422
10 -715 -1861 1301
11 1376 -458 1895
20 -756 1593 1340
4 523 1676 1553
20 -1347 -1287 1549
9 499 -1315 1965
8 -1071 1431 1001
20 -1697 1361 1542
7 -514 -1672 1507
10 354 -948 1867
20 -807 1549 1883
15 -1274 1367 1133
7 -167 -568 1904
1 -1079 -1293 1535
10 -15 1724 1419
9 1919 1143 1663
12 270 699 1188
20 1853 -1640 1391
20 701 -1939 1621
2 134 520 1153
10 -10 -1843 1131
1 1665 690 1798
3 1725 1672 1816
5 -246 1476 1201
4 149 -1035 1915
17 -1338 1857 1493
15 -1491 -1065 1353
8 -946 1238 1562
16 -1021 -1405 1111
7 -266 -961 1270
11 1695 -784 1030
5 -513 1882 1720
16 1790 -1588 1132
9 1846 -1999 1440
1 -788 -511 1610
17 -659 1100 1000
20 232 1064 1374
17 1869 1127 1911
3 -1661 -453 1211
15 -1310 1855 1746
6 -1960 -872 1700
12 1425 -366 1858
14 -1533 628 1725
17 -197 -801 1952
5 153 1841 1040
2 1927 1809 1430
2 -1200 -11 1394
17 1739 -629 1836
4 547 -1558 1305
7 1916 -609 1123
19 503 1384 1477
12 -834 -711 1735
4 -1694 192 1520
3 1706 1458 1053
12 -43 -9 1031
14 1180 -1810 1928
13 852 229 1681
17 -1276 -1573 1916
3 440 -1205 1346
15 152 -640 1369
3 1245 1502 1697
14 -144 1097 1492
14 841 -1880 1632
7 -1997 -1816 1628
9 1502 -1080 1562
10 -1463 73 1814
14 -1697 1646 1201
5 412 -1891 1742
9 -123 112 1592
13 272 -1185 1234
11 288 -1695 1904
18 -350 679 1350
17 -1702 672 1993
15 470 -1416 1483
4 -1882 -875 1022
19 -889 -26 1796
14 1368 1177 1354
3 931 1371 1515
11 -805 118 1743
9 -1755 -1041 1792
20 -742 -459 1341
10 1884 1319 1919
6 1032 -228 1391
11 1346 1540 1427
6 -1249 67 1129
16 -1922 -255 1633
10 -1849 -1098 1117
8 789 1183 1254
6 -961 627 1523
17 1501 -272 1407
7 65 1110 1727
11 1315 -1865 1761
6 1151 -943 1971
13 1457 141 1600
12 1545 -726 1246
5 991 1456 1493
19 -1475 -2000 1370
20 -388 1228 1144
3 -673 1871 1668
14 767 570 1240
9 1010 901 1046
13 -1081 -1959 1920
10 511 108 1783
18 -1210 821 1382
16 51 445 1726
5 1267 5 1500
18 -1122 240 1604
12 1849 1979 1862
15 -1912 -853 1690
16 -381 1949 1671
3 -806 533 1414
18 365 -62 1626
3 -1544 -1364 1827
6 -702 -1719 1251
1 -1446 -1566 1579
2 159 -1309 1859
17 1308 885 1432
10 519 -1409 1577
19 -917 -608 1506
13 -351 -216 1375
19 -1960 -433 1432
14 -1914 727 1024
15 4 1666 1512
14 -1791 -518 1735
17 451 1046 1071
20 -1812 -1621 1188
7 1226 1657 1168
11 -1547 1511 1712
1 742 1119 1847
1 1405 -1457 1647
20 -1267 -391 1833
7 152 796 1530
1 -1021 -1678 1640
5 -152 1074 1741
2 -1522 1109 1888
17 -1594 -1344 1987
18 -1611 442 1931
19 1 1993 1978
4 -1290 1793 1130
6 -1188 -936 1587
4 -1837 -267 1114
17 1526 -1833 1357
20 1671 -1500 1330
6 587 -1076 1716
11 -590 -745 1026
17 1917 -1713 1080
4 -561 1537 1540
8 -1367 -1929 1241
15 931 1993 1072
4 -1869 1230 1944
5 1603 694 1911
10 -1697 923 1004
15 940 -245 1281
2 -1615 -11 1527
15 1007 -91 1300
2 -1511 1207 1584
5 -1574 300 1532
19 1909 -1909 1653
10 619 -766 1136
17 -580 -902 1508
11 1643 268 1517
6 1858 -385 1215
5 -705 -53 1631
3 -1468 -708 1818
6 -1177 1917 1247
17 -1184 419 1296
9 766 -1102 1634
8 1524 616 1231
1 1133 1454 1991
18 -910 -511 1600
10 -1872 -92 1733
15 -897 -275 1159
18 -609 -1965 1439
6 922 1334 1296
8 1410 1272 1557
6 750 -1502 1138
19 1489 -1159 1210
9 -1473 -435 1644
7 1344 -1723 1899
19 -599 -261 1079
9 -1172 64 1661
18 1995 -1936 1313
7 1826 -1018 1293
19 1809 661 1385
12 1270 -63 1483
7 883 -322 1684
3 90 -1993 1806
14 -456 -566 1885
4 -623 -1794 1076
2 501 -1264 1186
20 1911 -260 1034
3 988 724 1617
16 -1296 -639 1809
20 1590 -1633 1540
6 -1427 -577 1898
12 -624 -1246 1791
10 1443 -1993 1678
13 1307 -1969 1041
5 1970 1494 1840
11 -824 294 1683
20 -957 -1408 1635
16 -67 -1529 1515
4 -404 1716 1644
17 -1121 -227 1340
15 1199 495 1093
3 998 -1352 1698
5 -1122 689 1623
10 -1810 1035 1387
3 -1121 -672 1769
4 1491 -1748 1658
18 819 776 1777
6 -1325 1049 1627
11 -1179 55 1867
8 -1167 1794 1508
12 1086 678 1649
16 520 -1958 1272
1 792 -1168 1607
19 653 453 1167
3 1787 -1568 1555
17 175 430 1873
19 -1516 1385 1982
5 -1448 273 1651
11 -1001 1217 1586
18 -38 540 1147
6 1306 -342 1601
5 -1138 -1198 1661
3 -1412 -1282 1445
20 900 -424 1443
2 1489 -159 1574
16 1845 -158 1116
4 -1206 -151 1180
2 -160 -1899 1584
11 1430 1059 1668
3 -1165 -1811 1472
18 -474 -140 1714
3 1284 -665 1507
12 -460 -324 1961
20 1186 528 1980
1 245 479 1309
10 381 339 1011
3 -808 1604 1587
7 627 1422 1589
13 -1907 1502 1429
20 954 -946 1637
2 -1015 -154 1215
14 1379 1319 1652
18 448 -1473 1614
9 946 -181 1083
2 -1904 -403 1116
15 1042 747 1200
19 760 666 1991
1 1634 -724 1861
18 1098 970 1190
12 711 -1981 1327
5 -1803 978 1156
16 -1285 -44 1959
8 -1153 -522 1708
15 -352 1509 1023
20 -1667 939 1508
5 795 1093 1824
18 -1450 -297 1643
16 1743 -1261 1759
4 -75 -618 1939
1 -1534 145 1161
6 1655 377 1122
13 -131 -864 1301
8 561 -928 1238
16 1265 -998 1627
2 -1469 87 1665
20 259 -1251 1453
14 -1621 241 1878
2 466 -1594 1479
2 -964 -1276 1178
19 972 -1239 1926
16 653 -862 1615
7 1377 -1003 1024
16 1796 -571 1762
12 -521 -1904 1489
15 1553 1465 1978
2 -1219 475 1011
14 1549 -462 1017
4 -561 59 1153
7 -1883 1164 1427
5 -1024 -983 1274
18 869 -458 1026
2 293 -1740 1066
8 1851 -1034 1565
18 -711 -5 1737
18 -626 -796 1343
4 -1156 83 1291
13 -1206 569 1901
6 -823 -1922 1588
19 -1355 1913 1418
4 1544 -1127 1776
15 -1701 -18 1808
8 -125 -298 1237
12 -1121 -1885 1998
15 -199 443 1679
6 289 1982 1878
18 1149 -1389 1798
15 -1578 434 1071
5 1308 -1240 1892
6 -1172 454 1344
6 226 -1876 1621
10 407 -1619 1799
2 1702 -28 1759
19 292 1037 1213
6 952 -438 1062
6 -341 -996 1309
10 -869 351 1039
17 -92 -78 1668
8 -1619 23 1515
11 19 -352 1446
12 1436 377 1541
3 -49 -1533 1146
12 -824 -1555 1616
1 -127 -907 1648
1 136 1640 1994
18 -1494 -178 1052
12 -885 -1248 1591
3 -1609 -396 1090
1 247 -402 1527
18 751 1061 1498
10 -10 1362 1564
3 92 -428 1283
20 -495 381 1025
15 1084 -1749 1330
8 1186 -930 1691
3 -1472 -1396 1369
2 -1508 1764 1522
16 501 -1049 1402
4 -1357 284 1565
8 733 830 1781
10 -452 593 1446
19 20 441 1828
11 613 -714 1847
18 1585 -1425 1693
10 1953 -1520 1936
14 1962 1473 1257
8 -421 -619 1907
1 1023 1239 1565
12 -442 1184 1082
6 1032 906 1510
9 1611 1784 1954
8 -1822 -179 1840
4 -189 -667 1424
7 975 1242 1421
20 1869 -1906 1651
8 -1366 305 1501
16 -210 1155 1794
9 -1009 -432 1523
18 -1815 1944 1554
13 -1997 1609 1294
15 427 -1936 1151
3 1155 893 1619
11 -605 575 1769
7 311 1109 1298
12 -32 -229 1237
6 1847 551 1291
3 -794 1466 1527
18 -1638 498 1174
12 -1371 -1431 1199
10 1893 820 1018
5 -384 -437 1589
13 -135 -92 1720
15 -879 -656 1609
3 -803 438 1434
15 -67 1079 1492
18 -1370 1725 1870
9 507 112 1328
5 1464 -533 1388
19 1945 -1901 1252
15 -1978 -1918 1241
13 -1125 -1396 1165
12 1094 -141 1847
2 -1795 1166 1604
9 -1927 389 1405
13 692 1005 1033
3 1280 -1667 1717
4 -258 -998 1476
11 197 -1796 1195
11 -1929 201 1694
3 300 1496 1082
20 1741 -360 1636
19 1173 -38 1889
12 566 -72 1237
20 1179 -891 1893
12 -410 -896 1064
7 -128 157 1349
12 1063 900 1590
14 736 97 1394
2 1183 947 1054
1 511 891 1684
3 -215 249 1309
5 932 290 1070
7 166 382 1001
19 -545 638 1321
20 1475 -1171 1751
8 1092 166 1764
7 21 -773 1463
5 -1259 -1544 1959
12 -1000 -1580 1020
8 -1681 -1960 1890
10 -1795 1481 1386
17 -387 -765 1190
15 1210 1755 1743
17 -1009 -350 1929
15 -1236 1723 1867
17 832 -1316 1247
13 1603 1112 1112
11 1978 40 1757
15 -775 -766 1419
19 -1084 -27 1637
6 398 -3 1589
2 -861 -119 1964
10 -1345 1889 1581
1 1498 -1922 1591
2 1560 -1743 1574
9 1780 1893 1277
8 -616 -1925 1502
12 0 -895 1404
12 430 994 1942
13 -1841 -137 1292
9 -85 921 1311
11 263 -402 1878
1 36 -1096 1515
7 -394 -1096 1231
1 -1934 -862 1183
12 1130 860 1397
9 -883 -1599 1959
4 786 692 1796
11 -333 1292 1815
1 45 -262 1687
16 1493 753 1642
7 295 -911 1669
8 770 342 1888
11 1725 1894 1015
17 -481 1041 1752
15 -1232 1519 1644
20 -808 -1021 1671
6 -972 917 1399
10 -264 -1067 1564
3 412 -1300 1197
19 1265 -1577 1917
18 -1866 -473 1766
5 890 1547 1075
4 -86 -1906 1516
9 1624 1631 1365
19 -390 1115 1696
15 513 841 1240
6 1555 957 1056
9 625 88 1058
8 -405 409 1246
20 1466 624 1860
5 -1858 -1568 1402
16 1567 1781 1400
2 1280 -1917 1320
15 -1300 1659 1500
5 -332 -1750 1779
6 1709 -206 1091
9 1179 -1203 1674
6 1155 -875 1831
17 -1573 743 1459
15 160 796 1585
17 -914 -680 1070
11 1976 -712 1278
10 1449 833 1393
3 941 -770 1203
18 -1854 -886 1095
15 -449 -930 1561
4 -1160 1623 1881
1 219 1677 1608
7 -1076 114 1622
2 404 1032 1830
19 1873 1846 1475
3 149 883 1255
17 -1675 1047 1462
20 -128 104 1010
7 -1727 1384 1223
19 -1817 1994 1776
16 -77 -1539 1051
4 -1042 -1661 1649
19 -357 650 1175
10 376 1365 1811
12 1103 379 1131
16 -890 -1161 1143
12 -423 -608 1556
19 -793 -952 1185
1 -1518 217 1444
2 -182 557 1634
11 -1467 -1749 1347
12 -777 237 1057
2 -1332 -1606 1565
15 1577 1285 1181
1 -1349 1107 1588
15 1568 1631 1787
5 -1872 -277 1957
6 113 467 1539
1 835 -1692 1219
5 -473 -261 1671
8 -1612 1343 1702
13 -1939 1144 1659
6 1735 1814 1220
6 627 -251 1798
16 -1378 -430 1023
10 -637 1527 1505
7 1705 164 1935
10 -385 -620 1069
5 982 908 1746
15 1301 -1324 1567
9 185 878 1130
13 1198 -853 1350
6 -1439 931 1331
10 1927 -260 1387
12 1180 -1863 1794
10 -1619 1855 1636
12 -1169 903 1999
8 1309 -106 1266
12 -925 1617 1408
14 814 -191 1183
20 309 944 1251
8 1346 1928 1499
1 -1150 -1518 1762
10 1440 1284 1990
20 792 689 1772
20 1146 -1123 1813
10 -1272 -1984 1115
7 1266 -561 1716
20 -539 640 1337
18 -1178 1240 1921
4 -596 -420 1213
8 -412 -986 1001
18 -321 -48 1485
3 -80 1156 1798
7 1423 -1416 1343
4 -1040 -90 1237
9 413 -1776 1412
11 -828 1429 1341
19 -480 1000 1205
6 -1038 -637 1224
4 -376 -352 1708
6 -309 -1837 1597
12 -755 80 1841
3 -1987 1264 1619
8 1928 6 1114
7 23 1185 1746
17 626 -1133 1886
11 1929 -154 1495
13 806 -106 1358
7 697 -768 1170
16 -198 -1983 1108
10 -918 1596 1291
10 283 538 1584
7 143 1728 1313
19 1142 857 1743
11 1136 100 1417
1 -806 -551 1522
17 -1383 -1812 1522
3 1604 -413 1461
16 1705 -806 1493
20 -234 -607 1436
13 -57 1601 1648
3 1322 -365 1180
11 1578 -390 1932
16 717 -365 1475
17 1005 -625 1378
17 1415 892 1477
17 1950 1248 1087
1 -1575 -1011 1952
3 1552 595 1622
3 -1478 1777 1718
14 1394 -1546 1686
15 -1028 -1286 1723
16 -1343 -1497 1614
14 -350 -733 1639
17 158 -1333 1377
14 1320 -1627 1439
20 -765 -1244 1683
14 1224 348 1383
8 1412 -1217 1672
13 1450 1130 1295
19 -1516 -748 1251
19 1961 -1733 1729
17 157 -1462 1844
13 1798 892 1766
9 1554 -379 1594
5 -1226 1474 1829
5 290 1566 1357
10 -741 391 1499
1 -912 -30 1452
19 -76 26 1399
20 -1390 -1308 1388
8 -1031 -1167 1757
13 1603 -624 1337
14 -498 -1510 1667
5 -1546 22 1692
3 -1114 336 1474
3 -120 -159 1447
18 -1513 1883 1239
18 -587 1950 1791
2 -1020 108 1276
12 770 -769 1177
19 325 -925 1655
13 -786 629 1525
18 444 -40 1088
3 -337 -1366 1295
13 -1663 -156 1205
3 254 -494 1502
3 1527 1848 1261
18 271 -385 1857
3 723 18 1127
8 1620 127 1011
9 550 -583 1997
19 964 188 1472
3 -127 1427 1965
20 1047 648 1151
16 -488 -1707 1313
7 -349 -1551 1472
7 -622 630 1533
2 -100 -1801 1902
3 -144 -653 1003
18 -1208 -1315 1990
4 1755 1310 1978
4 -11 -1152 1780
16 527 1195 1505
16 1888 1548 1464
17 -424 -1910 1240
20 -498 1226 1903
9 1750 678 1934
1 1651 -818 1807
12 -293 631 1008
15 609 189 1294
19 -1158 1333 1453
8 -1705 -1749 1976
3 -1547 -400 1542
13 994 -1500 1039
18 379 1188 1622
14 1264 1568 1532
3 1418 -1835 1945
9 -185 1009 1285
13 -1558 989 1122
7 -701 971 2000
12 -1596 841 1301
1 1345 -437 1309
18 1792 1205 1207
11 467 759 1523
14 196 -790 1063
15 -1979 423 1104
19 1920 1259 1493
10 -476 -389 1680
13 1927 -336 1243
4 1486 1088 1520
9 -1334 210 1080
3 -1836 1840 1897
8 -1590 -809 1318
8 1055 718 1912
16 1327 -266 1916
19 -43 1320 1404
8 996 -492 1102
15 221 -217 1821
11 -122 -1868 1930
3 1826 -665 1665
1 -812 -72 1828
4 -1092 -1766 1470
8 358 1597 1333
16 1211 1740 1529
3 -904 490 1117
12 681 148 1640
13 -1254 -1249 1603
9 540 -1182 1474
2 -619 -608 1769
12 312 -1486 1951
3 745 -692 1588
9 1627 1401 1018
17 -1486 -1976 1518
9 28 -527 1817
6 -352 -1839 1103
7 905 1954 1891
10 -1412 364 1981
10 -596 -1437 1301
10 -1367 273 1992
12 -1364 35 1674
19 766 1930 1275
6 1194 1741 1636
18 -1111 565 1981
8 -1477 -1745 1257
5 -96 -1349 1938
16 122 -987 1651
7 1423 1666 1964
15 -354 -1879 1645
19 -1143 -35 1451
1 -175 1269 1951
1 1744 967 1917
12 -46 -1607 1100
11 304 -1571 1232
5 667 -45 1059
4 321 -1116 1634
17 -1229 701 1741
15 1385 -1243 1470
12 -1255 -359 1059
4 855 1986 1211
12 -650 1931 1686
20 -819 1782 1167
10 1243 511 1286
5 1246 1740 1931
14 -651 772 1395
2 1445 1848 1846
10 -1639 -534 1833
10 459 1908 1327
7 -1872 -1080 1807
9 -1311 -929 1643
13 -763 80 1442
16 -323 -1206 1501
7 1788 -40 1097
9 -1628 -1924 1339
7 1870 -331 1431
11 -1500 1691 1447
13 -1861 13 1432
17 1923 -553 1825
16 574 -159 1341
7 1514 -1060 1253
2 1145 -145 1556
6 1328 167 1483
4 -283 1738 1829
8 -148 543 1631
10 1488 436 1490
8 1401 647 1441
18 -1110 -1019 1729
17 33 1290 1890
13 -373 1384 1822
7 1509 781 1192
20 -1894 -701 1440
19 1181 -47 1012
11 -1171 -650 1705
19 -599 320 1180
12 -1936 -1332 1251
6 117 -1406 1230
7 307 -68 1646
11 -1701 1294 1917
3 1608 1813 1509
14 638 -463 1492
3 243 1687 1540
13 110 -1806 1198
17 685 -710 1308
11 -558 1500 1917
9 -1064 -160 1478
19 1199 343 1226
17 1741 -86 1774
17 -432 424 1713
14 1635 1618 1368
18 393 535 1573
12 -968 -687 1990
15 1222 1218 1094
10 -855 -1245 1994
13 -1960 535 1280
3 226 -1347 1981
18 613 -1628 1434
12 1808 -402 1448
18 -1165 -1796 1407
12 1310 1477 1292
14 318 -1229 1891
6 -723 846 1501
7 -826 1278 1550
7 598 -1988 1702
19 655 492 1160
6 -654 -1907 1570
1 -282 665 1140
6 947 741 1742
12 1663 -644 1375
5 -1731 -761 1264
20 438 1196 1793
11 716 147 1304
7 -613 676 1753
19 -1069 13 1467
8 578 1603 1450
16 1780 611 1260
6 658 1008 1598
11 -1725 -1922 1175
17 -1528 -1169 1822
19 262 548 1177
14 401 -602 1248
3 -1459 1075 1871
14 951 -1501 1052
9 -954 619 1412
19 341 323 1241
9 1010 -111 1333
4 451 55 1068
13 1716 1776 1062
16 -1883 -215 1962
14 812 354 1496
11 1081 -1555 1879
5 -1577 949 1433
7 7 -128 1358
6 -1092 -927 1910
3 894 259 1849
7 -1535 -765 1311
2 -1234 -126 1981
13 979 642 1275
8 -1866 1561 1323
4 83 1979 1205
18 -954 -716 1560
10 -69 344 1911
5 -321 1423 1358
20 -1507 -1590 1724
7 881 -1734 1495
3 -1508 1750 1546
4 -1887 -1052 1227
15 1712 1008 1254
13 -1827 979 1112
6 -1778 1571 1995
3 1221 839 1606
4 236 142 1866
3 1183 -1664 1970
