522
8 -276 -854 1507
14 -1944 -1403 1598
8 -1994 -342 1657
14 1586 -1893 1081
18 1923 -1353 1298
19 -1899 856 1935
15 899 225 1943
17 -1025 1728 1001
20 -509 -629 1598
2 -41 -1376 1957
2 -1717 -225 1600
14 1980 1031 1461
18 -1139 1188 1146
7 51 -1207 1515
9 456 409 1224
13 -1903 896 1394
4 1575 453 1510
6 -841 511 1046
11 -117 1155 1197
14 -173 -1541 1589
1 90 -416 1677
3 1361 785 1291
2 -1258 340 1807
9 -910 -1238 1813
18 -1249 -1164 1602
9 -1199 -1394 1536
8 1669 -122 1818
1 -41 1457 1230
7 -1677 1974 1434
13 -1061 -1846 1198
6 -339 -899 1721
3 -103 787 1581
4 -796 500 1741
3 -370 -108 1147
8 -562 668 1017
3 551 1515 1643
1 -105 -424 1602
3 -1639 362 1729
5 -541 -1248 1363
13 1286 -804 1786
1 1944 -1730 1116
17 312 -1179 1984
7 1070 -555 1508
1 -308 -774 1838
10 -915 1547 1633
5 -1274 689 1601
12 28 -1354 1727
14 -1581 -86 1343
14 875 649 1276
14 -322 -627 1988
13 1049 -187 1560
13 1284 -227 1372
18 -1669 -1393 1963
1 422 -455 1087
14 151 -1473 1067
10 303 -663 1622
9 1683 1734 1052
10 -1031 -1344 1991
14 1007 1623 1534
9 -289 343 1927
1 1340 1253 1516
9 755 720 1378
3 -869 1109 1823
6 -1829 202 1258
20 711 1798 1220
9 -304 1200 1486
7 357 -542 1486
8 -12 -309 1837
4 -378 -688 1751
12 872 866 1242
11 -1186 1276 1275
8 -1734 1680 1459
19 689 1822 1864
12 905 913 1814
11 1692 -1702 1884
11 -1596 -1228 1428
5 110 304 1901
14 -443 -605 1898
15 1974 1335 1179
11 -416 135 1563
16 1948 -424 1911
18 444 -151 1789
6 668 -993 1743
20 1983 621 1233
2 1156 -366 1751
7 514 1679 1523
14 659 -137 1806
12 -972 825 1634
13 -773 1604 1642
3 1867 -1119 1843
1 -921 -1641 1168
17 -1159 743 1171
7 1813 23 1217
8 1244 -1053 1225
16 139 -1608 1394
16 -440 1737 1739
1 -463 696 1121
3 -1805 -1653 1017
2 30 -764 1108
13 -1056 -159 1949
10 1417 -1116 1755
12 1132 1446 1170
13 1727 178 1302
8 39 -685 1793
8 209 1612 1724
7 -1490 127 1623
3 -1637 -274 1631
5 -1690 1922 1290
17 -1623 -1179 1170
3 1874 300 1109
18 -392 -724 1995
15 1613 -553 1006
14 -594 353 1230
13 -1618 1285 1022
20 978 -649 1277
3 166 -1755 1758
19 131 -419 1577
14 -658 927 1055
10 -148 -107 1839
1 1696 729 1772
8 -1369 -1113 1871
20 -387 1108 1411
3 -239 1574 1778
9 -1927 1675 1695
12 -696 -704 1006
3 -197 1041 1394
17 -482 -1971 1235
19 1765 -1955 1984
5 -365 646 1032
17 -1905 -1920 1878
6 718 -922 1193
10 -838 -306 1002
9 1910 -1741 1070
8 424 -1544 1313
19 -584 1289 1929
20 291 -1654 1533
13 172 -83 1989
17 -635 -1410 1591
4 807 1073 1368
19 -170 -410 1236
1 -1344 -1542 1610
16 -1731 -908 1970
13 -1382 520 1804
20 -992 -1382 1078
4 990 -652 1872
1 -1201 -1487 1397
9 25 1862 1573
10 1710 -1938 1061
12 -143 -765 1587
12 1602 1243 1995
13 851 1216 1067
15 -1014 -983 1547
15 -898 -844 1758
12 513 1491 1491
2 -1112 -907 1804
9 927 707 1178
6 1884 -65 1398
7 989 -490 1224
14 1576 -438 1827
17 -1540 1950 1184
13 77 1029 1088
3 1020 1055 1786
9 -155 1064 1259
19 -1764 -167 1382
20 -1068 1490 1921
1 -1625 -249 1752
9 -435 -1226 1935
19 1349 -1841 1567
10 -11 1118 1271
4 1392 611 1880
4 783 139 1008
1 1128 1405 1350
8 547 -902 1323
10 -47 -811 1858
16 349 1046 1179
12 1713 1357 1891
3 -1160 1043 1958
17 1733 784 1199
11 -1803 1663 1249
1 -560 -1380 1061
17 -1831 -1464 1140
10 -699 -995 1417
13 916 331 1799
17 462 266 1902
18 132 -1107 1291
1 -1489 -1132 1331
8 449 1846 1438
1 -1185 1628 1395
16 594 -1811 1521
2 -605 591 1907
15 1670 706 1289
8 164 1711 1262
13 207 406 1918
17 1044 662 1455
17 997 -151 1313
1 1890 -280 1444
10 -617 671 1489
9 716 -1535 1734
15 -1652 -539 1887
19 1143 -679 1056
15 -1502 -1540 1755
15 -740 -1608 1450
1 -1301 244 1697
3 -1612 1621 1628
12 1767 -162 1893
7 -533 1198 1168
3 -385 1396 1940
13 -1168 1498 1553
13 -589 561 1455
1 -85 -1312 1972
12 730 1929 1644
1 1030 136 1990
9 716 -849 1746
9 1982 -379 1979
17 1907 -1310 1155
2 298 546 1439
9 -1606 777 1135
18 879 1330 1335
11 1860 -1430 1284
17 -1696 1022 1433
10 450 -1130 1295
17 959 281 1606
7 495 -6 1880
15 1728 -29 1823
13 -1113 -199 1861
14 371 964 1439
8 1141 1602 1578
10 1153 1595 1300
13 1428 -337 1989
9 -1475 -1597 1944
9 -1812 -739 1054
18 -609 1041 1750
9 -208 -29 1953
14 -1503 -1997 1738
17 -102 134 1753
1 -886 457 1409
20 -387 1975 1477
12 725 1850 1195
9 1359 -959 1336
5 -1764 -1675 1002
19 -296 1494 1320
13 -1964 -942 1808
13 -1198 -1058 1991
12 1108 714 1478
18 1818 -674 1109
7 278 -1613 1369
9 929 -384 1834
20 1127 -65 1209
1 1699 -812 1664
15 -1326 -1421 1888
9 -1919 777 1799
18 1216 947 1711
3 405 715 1392
1 -1916 -441 1655
20 -1855 -1824 1648
9 1378 601 1342
18 -6 -1968 1984
8 -493 -1245 1148
20 1228 955 1918
7 1016 -274 1400
16 -1018 514 1180
2 -1267 373 1776
11 -1325 -221 1137
2 1200 -294 1528
18 889 -1028 1162
9 -1432 -57 1946
14 436 -3 1318
7 -789 -856 1330
20 1138 -1229 1939
18 -571 -617 1037
12 1138 -296 1116
18 -1873 1318 1518
5 -939 1755 1560
13 -58 -863 1957
3 1944 -1969 1953
7 783 -700 1707
19 282 -1321 1094
5 -462 420 1475
1 -381 1909 1819
17 -850 -280 1859
20 822 -258 1021
16 1742 -1354 1672
7 -960 -1212 1096
14 -660 1253 1715
17 -155 523 1899
4 -847 -659 1763
5 18 -323 1790
16 -470 1098 1998
14 1779 -1046 1202
10 -631 -395 1350
7 21 1879 1864
16 -980 978 1426
14 1554 -467 1774
10 -203 -1542 1362
5 261 -969 1503
10 1418 -1370 1404
3 735 -1936 1259
8 683 1109 1408
18 1768 948 1128
1 -875 -143 1531
11 189 -1631 1710
7 1264 -1621 1509
7 1422 1351 1464
3 -1844 -779 1458
19 805 -986 1470
20 1032 48 1106
8 556 -188 1841
6 1911 -945 1402
19 227 -18 1373
20 1420 -1210 1976
17 -1427 64 1267
3 -1286 1228 1066
3 327 1572 1106
5 -1360 -1936 1078
2 807 1810 1049
10 -237 483 1277
7 527 625 1154
7 130 -616 1071
10 1168 1308 1037
10 974 975 1217
18 263 -256 1164
4 1398 -254 1516
19 1230 1196 1133
9 -191 602 1324
5 -927 -277 1115
6 1490 345 1462
11 -903 -1453 1093
5 -31 1670 1511
4 666 -992 1210
10 -90 -1311 1840
19 -1323 -237 1849
3 23 197 1436
7 842 -1625 1693
20 -1009 -1610 1988
6 969 339 1291
3 -1943 17 1805
6 1135 -1704 1137
8 301 618 1806
18 32 -511 1795
17 151 -90 1091
20 948 -1736 1783
6 -282 -966 1735
13 -1833 -1013 1951
20 -1525 498 1804
14 1850 -882 1817
9 1402 51 1936
4 355 -1863 1162
18 -464 793 1549
20 642 308 1781
19 988 -298 1821
19 1550 -723 1761
9 54 266 1600
18 -1053 472 1318
2 230 -1671 1857
18 -451 1030 1965
2 1976 1372 1484
12 385 1127 1508
11 -1247 1970 1435
9 908 -839 1663
17 344 -436 1119
5 1060 1156 1378
17 -1746 55 1212
11 1375 -466 1599
17 293 1282 1069
7 1175 -760 1004
10 -686 1308 1753
5 97 1991 1719
20 46 -1408 1862
20 -1877 -1441 1882
8 -1561 226 1583
3 -1287 -1238 1450
12 -59 -249 1602
9 1150 -679 1492
4 1723 -641 1408
17 -475 779 1738
6 -1693 -1395 1890
14 92 -88 1059
14 -1698 -1460 1383
3 -1736 1493 1453
10 -279 -763 1758
6 -752 1851 1134
14 927 -1208 1093
20 1993 -1536 1852
16 -555 -836 1121
6 172 -1428 1793
12 20 417 1694
6 1201 -993 1771
15 -755 -1265 1808
11 186 1019 1041
11 -1583 -956 1415
3 -1232 -246 1015
4 -579 -1154 1095
19 -1141 -229 1853
4 -426 512 1520
4 1078 -1343 1086
11 222 1237 1262
18 -1834 1413 1191
11 376 -1502 1942
4 -1693 -1987 1582
8 1066 748 1668
2 -1427 -1414 1510
20 -233 -1395 1201
13 -608 -300 1395
7 1242 1711 1793
13 1250 1957 1170
15 1323 -1247 1715
5 1045 -1843 1382
4 1831 -985 1819
17 -1207 1686 1102
15 978 1441 1785
1 -808 44 1691
18 455 -1186 1081
8 -163 -222 1505
1 585 553 1773
5 -55 1717 1373
2 1912 595 1705
11 686 871 1465
13 -1838 -1300 1920
9 -7 -236 1639
12 759 -976 1406
5 1235 1824 1110
15 984 1353 1746
9 746 -1452 1742
16 -491 653 1953
12 225 1925 1143
15 52 -670 1478
12 -1277 -691 1801
2 -220 -234 1214
10 1095 -1241 1022
16 -1353 417 1120
15 -1169 1836 1558
9 -959 269 1074
12 1451 -1735 1803
4 -1739 -34 1863
2 1025 -299 1733
2 821 -1166 1838
14 -1816 1951 1334
13 111 -904 1312
13 57 432 1145
13 1914 449 1138
20 297 45 1753
16 643 764 1408
8 -203 1130 1040
14 -1043 670 1782
9 -1908 358 1306
13 898 1474 1877
18 1013 -1629 1017
9 -300 -713 1383
19 1473 342 1139
11 887 1293 1441
16 298 -918 1554
9 -1246 -980 1663
8 817 -878 1281
8 1015 992 1408
7 -594 -936 1905
7 -90 1837 1195
1 956 1424 1829
10 -447 1215 1853
20 858 -241 1610
16 -1268 835 1640
2 -1581 824 1490
10 -1595 847 1256
14 -1337 552 1162
2 1875 346 1684
14 -1872 -1258 1227
20 -1181 -991 1544
8 875 -1012 1772
5 118 307 1684
15 1888 -1764 1005
15 1533 1582 1268
1 990 -1179 1888
15 633 -1806 1714
7 668 1516 1401
5 1401 711 1613
2 -1288 757 1813
2 1374 -504 1054
3 -1512 -544 1099
20 239 1661 1728
7 22 -263 1911
7 1817 1775 1395
15 -1969 -1830 1048
9 1729 -1534 1238
16 -888 181 1193
14 171 -1567 1267
19 -1942 -887 1046
12 1714 93 1477
1 846 1948 1474
3 1387 -1392 1453
2 -1575 1059 1315
1 -1666 1417 1506
17 1603 -915 1782
2 -617 -1551 1148
2 -708 1387 1643
19 -1789 986 1071
9 -1902 1478 1240
14 1056 1334 1903
5 1464 -1983 1289
7 1851 -1329 1532
9 336 -1777 1934
16 1306 555 1842
16 -1186 -560 1055
2 -651 1936 1213
1 -1275 -369 1470
16 1280 -1279 1849
18 355 -1941 1589
10 1716 879 1592
13 -1147 -1583 1801
10 -1495 -614 1949
13 -167 80 1347
15 993 730 1100
16 -1000 -1854 1669
18 572 -1573 1586
11 1665 1766 1036
15 996 -1948 1271
15 -400 -463 1629
3 1224 -652 1680
5 158 -1743 1311
8 -1158 675 1403
6 -1132 1574 1595
3 -118 675 1488
3 -1032 -256 1315
15 -808 -175 1198
