341
12 1914 -643 1315
4 -1066 -436 1545
5 -637 -255 1632
7 910 -117 1144
6 -32 -378 1294
1 -1470 661 1228
11 9 -383 1130
8 -638 1711 1540
9 1008 -174 1320
8 105 -737 1410
5 53 1213 1187
16 884 -383 1521
4 -459 11 1815
5 -1665 639 1518
7 -1110 -530 1402
1 1815 -1799 1727
11 -364 -1716 1867
13 1023 914 1089
13 1218 1675 1126
9 -1600 1096 1231
7 -1773 1379 1712
3 -1423 -928 1019
16 -1834 616 1254
3 -822 -76 1478
3 691 139 1671
7 -1495 -1344 1511
7 1356 1139 1649
12 -758 174 1106
3 -1160 -57 1481
10 1194 -707 1200
15 -1844 -161 1688
14 -1125 606 1466
4 -1068 1925 1100
19 -1634 -448 1354
3 475 -1342 1965
15 -1376 -848 1213
17 -1591 -1525 1735
2 159 453 1218
7 242 -282 1640
15 1288 -1742 1338
18 -1869 -953 1395
15 -85 -698 1713
11 184 -328 1839
17 761 1318 1805
19 -1270 -65 1071
11 -1665 -612 1145
16 1611 1332 1357
9 1353 1639 1627
13 -1097 -635 1507
14 757 1099 1106
1 -1486 1359 1322
15 554 703 1335
4 -389 258 1308
10 1693 782 1859
14 884 551 1460
8 1523 602 1502
6 1257 974 1997
17 -1193 44 1099
8 1928 -92 1278
11 363 -1397 1159
5 -910 630 1345
2 -216 -680 1009
6 171 -1937 1968
4 1644 -1635 1258
4 -297 -932 1761
14 -1049 1172 1591
4 217 -273 1139
8 227 -672 1419
19 678 1478 1780
19 1126 -1370 1660
11 -1682 1670 1443
6 -1126 -504 1534
3 -154 588 1066
11 1002 -1998 1005
14 -1973 1394 1682
18 -387 -1784 1413
3 977 978 1547
14 -998 -1979 1296
17 1343 -1732 1622
16 1710 669 1544
8 -79 -1098 1825
6 239 -351 1283
8 -237 -1855 1158
17 1943 1573 1768
20 -1327 641 1810
1 383 731 1115
4 1828 51 1529
16 1903 280 1672
1 554 1133 1272
11 -397 1469 1880
12 522 92 1018
18 -187 -1959 1691
3 756 -641 1656
14 -1814 532 1300
13 761 -1269 1333
6 -1265 -1426 1261
12 -616 974 1180
8 -1764 -1436 1315
10 1691 1544 1305
20 63 -1934 1598
10 1589 -871 1396
17 1527 1978 1901
3 -1692 -683 1631
4 1225 1739 1470
12 1888 -936 1055
3 1016 -1881 1981
4 -1438 -1331 1315
11 1917 1171 1396
11 -129 1178 1445
20 -30 -282 1360
14 -775 -135 1665
8 1036 782 1168
18 -1891 -661 1948
15 135 -1926 1901
12 1134 1678 1761
11 8 -197 1644
5 321 -492 1399
9 1355 -1070 1979
14 1965 -307 1344
17 -1727 1788 1257
13 -1194 -1540 1737
13 298 -331 1159
13 1442 -747 1508
1 -1925 652 1879
8 391 -697 1782
15 -1164 525 1167
16 573 -654 1338
7 -231 1317 1900
4 -894 365 1783
7 -1798 -903 1072
19 906 -1861 1366
4 762 -1037 1884
1 -1344 1224 1193
10 -1047 1820 1934
3 -199 -1661 1955
11 1160 539 1503
6 -232 1756 1377
7 -73 -924 1240
11 256 1212 1429
12 1419 314 1496
7 -137 1460 1259
14 -575 117 1156
7 -523 93 1176
4 368 -863 1525
20 1759 1764 1822
16 -36 -36 1886
15 -187 -1433 1398
17 -1559 177 1892
10 -1201 987 1124
4 1824 -990 1248
20 1676 -329 1459
14 -292 1271 1512
4 154 1543 1580
19 -1791 -1556 1065
9 919 -1947 1020
8 1359 1912 1574
6 -1032 1335 1862
15 1124 1209 1291
19 1838 903 1967
17 360 -648 1334
17 1051 -575 1317
14 -649 1706 1328
1 1993 1009 1850
4 94 -1240 1801
12 -511 -756 1380
15 -26 -1642 1215
19 561 -1139 1396
17 -1874 1856 1053
7 -1436 -543 1427
3 1052 562 1443
5 -1992 -1283 1063
1 422 305 1537
6 261 -763 1270
5 -1383 -402 1744
16 678 -1437 1457
3 -483 -350 1599
2 -81 -1199 1931
17 -1011 -1127 1208
7 -852 1820 1716
15 -421 -1764 1934
19 952 1539 1408
8 1905 -1641 1818
14 -100 592 1584
10 -897 198 1540
11 -692 799 1581
4 -872 -1926 1005
18 427 1676 1886
19 1713 -358 1102
20 1255 718 1740
8 -832 -1118 1039
10 -1318 -1070 1746
10 535 335 1757
5 1085 -1833 1155
9 -1737 -347 1191
18 -220 1336 1302
12 1189 1604 1562
14 -1292 397 1336
5 1801 -417 1929
15 -738 1165 1160
4 -1892 1663 1322
12 -1868 699 1630
7 -1607 -1787 1291
8 -537 871 1713
10 -435 792 1016
10 -1232 633 1679
7 1672 -964 1967
1 130 1887 1402
11 144 -164 1562
9 976 -1137 1069
10 -1814 1397 1233
18 -1930 1131 1352
2 -35 1532 1761
19 632 452 1095
15 -505 952 1214
20 -248 -1999 1647
7 197 -824 1337
10 -319 -1580 1092
10 -857 -711 1976
2 -1951 536 1815
6 -1900 -878 1294
6 -268 200 1252
4 195 -769 1475
9 -863 -1724 1873
20 -967 -1907 1631
1 1164 -1618 1662
20 862 310 1326
4 -569 -481 1482
16 1961 -1715 1129
13 -753 -354 1910
6 1793 -854 1631
11 1071 256 1351
11 1674 1275 1102
9 289 -972 1570
15 145 1838 1462
14 691 914 1241
11 -1460 -1555 1143
14 -1405 -1278 1718
18 -657 -983 1516
18 1536 -1444 1031
10 -1634 963 1694
3 1788 -1497 1715
7 1201 58 1964
18 207 1269 1201
4 -1564 -345 1249
12 1079 -402 1993
2 -674 -188 1135
10 -1105 888 1002
15 298 -1254 1719
13 -1529 -455 1305
4 -495 90 1515
19 1223 864 1316
1 1859 9 1869
7 -577 1667 1806
20 -1203 -212 1254
20 -83 -930 1221
6 -560 -1973 1052
13 1605 798 1215
19 1212 -1591 1867
17 -375 -1859 1835
8 -1178 -322 1794
8 486 860 1880
7 -1042 -77 1711
15 -571 -1305 1445
13 1043 -1692 1823
15 53 977 1585
7 -161 -1422 1393
5 371 830 1215
8 167 -928 1174
18 986 1973 1664
16 1735 899 1895
15 1814 -935 1858
6 752 -279 1466
9 1797 -402 1905
12 677 1457 1691
9 1488 1469 1280
14 -1316 1027 1476
13 263 1115 1582
10 -763 -1460 1603
12 1745 826 1018
16 299 -1173 1662
9 507 -1102 1882
10 -957 -358 1092
3 132 1054 1938
16 591 -727 1419
5 -80 1783 1697
9 1168 1693 1332
7 1740 -1243 1193
11 -349 -1787 1796
18 -225 -4 1286
18 590 -31 1676
7 342 -492 1217
12 -1417 -338 1216
3 -1816 -1121 1485
9 -1442 265 1057
3 768 269 1992
20 510 321 1113
20 1012 -479 1811
6 808 -1148 1266
7 -965 -666 1531
6 498 148 1686
5 1291 1688 1456
18 -640 -1136 1821
20 -1532 1262 1725
6 44 1734 1703
19 1206 -1975 1085
8 1041 -305 1635
17 1069 -950 1222
4 43 -888 1000
1 -2 -220 1055
9 -68 -422 1274
14 300 -1170 1814
5 -930 -253 1592
12 1829 1442 1333
20 1070 -549 1744
20 64 700 1473
16 -1653 -1593 1795
19 1711 -1872 1045
9 -1193 466 1509
10 -1558 -900 1637
5 -1944 1438 1500
6 1664 -1906 1107
20 -768 1625 1808
4 -1958 928 1835
1 1801 232 1741
17 475 57 1145
10 1718 1215 1144
19 -1997 991 1589
6 1460 -429 1623
13 -1827 264 1377
6 -1072 -1226 1992
10 -219 1239 1961
15 -579 -1616 1709
1 1762 -1219 1688
13 1687 -1167 1442
1 -1351 1986 1246
5 942 1047 1393
10 16 -1481 1280
5 1463 -410 1732
12 -1197 -811 1559
10 -1652 -1120 1722
6 78 1677 1526
