1250
13 1723 -1501 1959
11 1387 -532 1173
4 -756 -971 1663
17 1042 1487 1807
2 -1201 -508 1077
12 1542 -1782 1006
18 -1134 1272 1603
1 -440 393 1846
17 -1282 -1338 1909
11 -151 311 1505
17 -1353 -306 1220
20 1928 -1 1843
7 -1857 998 1064
17 -1453 1063 1797
3 1426 1253 1622
8 762 1569 1659
3 -1424 -1497 1303
16 -414 620 1505
15 1368 912 1084
20 -1832 -782 1352
17 1758 -1201 1425
15 1340 -1067 1322
10 -616 1471 1354
16 1443 -223 1501
10 1335 1296 1520
11 -1823 1022 1933
19 311 -1901 1611
1 -885 1933 1224
17 -974 1048 1065
15 1088 -1410 1665
2 1699 68 1702
6 902 -297 1907
2 434 630 1377
7 -185 1403 1100
15 -1858 -538 1750
7 -843 -1260 1044
14 689 1958 1538
11 -201 -1692 1708
3 -1060 1862 1148
13 1433 -428 1383
20 1342 -917 1751
4 -1512 -255 1459
9 -715 517 1365
3 493 -1334 1443
20 1233 -1050 1658
17 -744 1265 1253
18 399 1387 1774
9 -1786 6 1396
3 994 -1289 1462
15 1892 844 1990
12 -1013 -869 1395
12 1966 1138 1853
8 -1600 151 1299
4 1303 -1068 1468
6 -1367 -430 1416
2 267 -820 1397
19 -1231 -225 1174
2 1841 -707 1491
9 1613 1497 1151
14 737 -176 1249
4 1899 639 1431
13 -1499 -1137 1750
19 -1596 1811 1213
5 -1671 671 1063
4 -142 -933 1239
15 1131 684 1185
15 1881 -818 1160
5 -1495 924 1631
2 -341 -925 1335
14 1056 1514 1355
13 1360 -1957 1705
17 108 -393 1451
19 -1871 1244 1416
2 524 744 1640
13 -986 -1865 1583
17 -1645 726 1633
10 229 1858 1262
1 1321 417 1306
8 364 -1 1469
6 -482 -1538 1678
11 -102 -258 1341
17 720 1437 1744
6 1843 1486 1219
11 -769 1108 1406
6 1314 1107 1992
9 889 -1605 1703
1 939 -1160 1780
1 739 -1549 1694
8 147 -1761 1031
2 -1800 -1917 1408
15 551 1151 1806
14 -1636 -1398 1440
12 -1403 -761 1367
3 -254 140 1512
3 -1993 136 1766
12 1969 519 1727
14 998 61 1971
4 950 512 1456
10 -1608 223 1833
15 1165 -760 1152
7 964 -1935 1566
9 -435 -1699 1694
14 137 1564 1434
1 -1526 1408 2000
2 -581 1103 1693
11 1905 -1903 1319
2 1255 -78 1305
16 -1567 -1478 1839
11 598 -24 1102
17 -645 397 1541
11 -552 1249 1860
11 1344 -477 1607
15 751 -221 1825
16 136 -1081 1325
7 419 1047 1604
7 87 -23 1991
4 -1317 1569 1244
14 1345 -201 1214
9 1616 359 1402
15 -1958 -1361 1692
17 -1766 -377 1459
1 -1303 945 1844
5 -389 1091 1328
3 -1641 -774 1047
19 530 -418 1316
17 -776 -1046 1406
16 1278 -781 1845
16 -1200 -721 1759
8 -1239 1912 1030
20 166 891 1384
9 1058 1215 1824
16 1960 -1799 1909
7 -838 -1217 1763
16 -1229 -1296 1774
4 953 169 1266
14 -75 -1411 1247
5 1435 798 1203
13 -663 1846 1435
6 -1533 -1961 1808
15 1022 479 1762
8 1812 1964 1182
17 -192 1096 1296
6 1006 492 1155
9 -852 -888 1578
18 -507 -1664 1136
14 346 1159 1995
16 -817 -1763 1042
11 -1382 -738 1004
7 -1357 1184 1801
3 820 646 1667
12 1801 -1980 1842
9 1625 1058 1403
17 -1591 -1637 1626
17 -458 -1822 1817
19 1815 850 1984
12 1146 818 1603
3 -1249 809 1093
3 459 1755 1289
20 487 756 1767
3 -517 -1067 1340
2 -180 550 1819
9 599 -1933 1583
20 -1510 955 1823
2 652 -1154 1802
3 1092 -1243 1668
7 -844 251 1545
18 627 781 1881
6 -1991 347 1631
7 -1460 368 1307
14 -1130 -1503 1638
14 -282 485 1196
2 -1814 -1900 1593
2 169 -1258 1836
5 -1485 -1008 1587
8 -1140 -189 1961
18 1559 -1432 1229
2 1402 -1868 1633
17 -1051 1723 1982
13 -802 716 1718
15 -1725 -492 1376
17 -683 1484 1810
16 -490 650 1230
16 367 1581 1587
7 -1953 -808 1629
10 759 684 1842
20 -1400 59 1752
17 2 1758 1589
13 55 287 1501
18 -1256 -896 1218
9 576 -720 1881
13 -1683 990 1615
10 1131 1870 1498
20 748 1466 1680
9 -711 -1049 1564
19 -322 -1197 1676
16 -749 -4 1823
12 -1859 -1279 1609
2 1528 147 1643
19 -359 -1680 1008
10 1397 -414 1730
18 -261 1318 1802
12 781 -248 1127
10 1214 687 1216
4 476 -1310 1424
19 -1355 -1434 1636
9 -1519 181 1278
7 -1762 1202 1721
19 299 -1967 1367
18 -1020 -1734 1289
19 -493 -1046 1756
2 -1639 -1302 1492
10 -1173 1648 1591
20 -1582 143 1907
1 -68 486 1162
12 502 464 1349
6 -540 -1722 1216
3 -1354 706 1325
20 329 -1853 1029
15 588 292 1235
5 -1519 -480 1914
13 -175 -300 1720
7 83 -1285 1076
14 -1261 1004 1204
9 527 1143 1334
10 31 1879 1628
6 -1451 85 1625
18 481 1216 1812
6 1661 959 1976
8 -915 -1844 1831
5 -1933 519 1992
5 -954 -328 1380
10 86 -1000 1084
5 -185 1543 1460
9 -1352 -1227 1919
14 199 -1915 1663
19 1029 1235 1325
12 1193 -1121 1879
17 1946 1921 1426
1 -1124 1461 1415
4 -732 452 1186
2 -1901 206 1570
14 -1711 -1962 1371
7 -841 -1173 1562
14 1012 -651 1043
2 1830 -1216 1505
18 -1743 1182 1226
3 1707 -399 1683
16 1305 -1620 1456
8 504 1126 1180
11 18 1694 1205
18 1738 -1669 1437
10 -1492 -662 1874
1 -1226 -1584 1696
5 -491 -1452 1750
2 -1300 -639 1959
1 -1977 37 1674
3 274 639 1751
18 161 672 1241
9 -1038 316 1461
7 1116 -820 1193
13 894 181 1293
4 -1333 -149 1208
14 -367 1503 1864
2 377 1248 2000
20 -1025 -304 1278
15 -1899 479 1961
10 -723 -557 1337
18 -418 -1625 1152
18 1267 998 1855
17 1534 906 1398
4 1344 -1351 1688
6 1431 -782 1417
10 -526 -1050 1080
16 -361 1970 1965
8 1671 1872 1936
14 1606 -188 1162
20 1203 679 1035
3 660 374 1391
15 -246 -299 1197
18 -1213 1804 1202
13 1623 -215 1801
7 1654 950 1553
20 186 -1630 1604
3 -1896 -994 1704
8 235 115 1783
19 982 168 1054
19 10 1962 1919
20 1643 892 1934
13 1663 333 1559
11 367 -1344 1770
4 -304 395 1439
17 1381 989 1559
1 1883 -1063 1065
3 -1232 548 1422
12 1930 801 1887
3 398 -1513 1400
19 1888 -29 1204
12 -1535 721 1160
2 1264 -1429 1484
17 1351 727 1381
7 1249 -1613 1573
1 -1428 -1220 1785
7 -3 -869 1008
3 1172 28 1808
2 -1788 -844 1782
3 -427 982 1399
5 -762 1379 1938
17 -615 -1699 1661
3 -74 -346 1796
12 -1781 43 1888
14 949 869 1240
4 551 1327 1970
14 994 133 1497
18 1526 -115 1225
2 422 -1164 1437
16 -1280 1400 1688
7 175 209 1142
5 -1988 -1553 1689
15 -1365 1653 1846
19 1903 -434 1345
15 -1384 -6 1009
11 -379 1220 1964
7 1063 880 1344
3 584 953 1711
17 -1931 247 1349
10 -435 -1271 1605
10 1177 337 1223
3 -1423 1772 1440
6 107 1774 1417
10 1294 542 1076
10 1616 -106 1372
11 -856 770 1260
16 -360 1031 1149
1 1162 -805 1525
1 174 -1817 1239
8 298 -296 1868
2 22 1822 1626
9 715 -1283 1017
10 336 -763 1191
9 -691 -466 1045
13 -692 -499 1862
5 1839 1637 1429
18 -1556 814 1711
11 825 1117 1579
3 1503 -661 1076
18 -1960 123 1002
4 1891 -798 1433
12 -210 268 1929
7 358 1728 1520
7 -1693 -1873 1564
12 -275 -1348 1415
6 166 -1852 1488
9 -1974 -1858 1960
20 448 422 1758
3 -1785 -1605 1146
13 -1612 -1361 1055
6 -75 281 1478
17 80 1718 1241
3 311 -797 1306
7 -1326 -1132 1515
5 -276 265 1533
19 -1131 -1166 1870
2 -633 1021 1177
18 -1747 674 1888
10 -1987 1239 1074
9 -1930 1998 1967
8 -33 -1768 1584
13 1539 1589 1524
13 -852 -101 1220
8 1720 -1864 1971
4 413 -98 1789
5 1162 1400 1129
11 1391 1466 1326
2 785 1953 1814
2 -1227 -1904 1482
13 1562 1917 1783
20 1495 1326 1778
9 519 -427 1795
18 1223 -839 1232
13 625 -530 1720
10 -1245 -321 1392
9 249 -466 1650
17 -701 -1376 1855
2 46 1824 1273
7 56 1711 1616
4 438 846 1119
14 -325 1133 1811
6 1538 -758 1939
6 1686 593 1084
8 -260 -621 1117
17 305 -976 1370
11 1390 1545 1888
19 -75 -714 1667
1 316 -316 1844
15 331 -646 1976
17 -1542 121 1157
3 -1908 1017 1654
13 843 -1809 1171
18 -343 199 1381
15 867 -962 1832
9 -1111 784 1864
18 -1972 -425 1431
9 -1523 565 1125
17 1763 -10 1984
10 -1550 -1105 1761
7 512 1180 1587
9 1499 -541 1142
11 -382 -143 1172
4 -119 1835 1092
9 -1061 -1422 1266
12 -845 203 1139
10 -372 -1159 1416
1 -1074 -25 1713
15 1279 1260 1676
13 813 1180 1660
1 1393 108 1091
9 515 1047 1348
13 40 -1826 1659
1 1232 -1521 1692
4 804 199 1845
18 153 -1766 1370
3 508 351 1319
15 -1098 -1183 1362
20 -1389 -966 1341
14 -350 970 1379
10 1840 682 1544
19 1111 -1125 1650
20 -1482 -310 1950
13 673 -1512 1718
5 1690 -1100 1445
9 -1464 398 1921
16 -180 291 1027
9 -1193 -1208 1024
13 -348 71 1131
2 -1983 1018 1043
20 1112 -570 1499
16 -69 526 1291
20 90 -714 1912
17 -1074 1607 1718
13 721 1898 1204
9 461 117 1807
20 329 952 1816
6 -1326 1853 1021
18 -1274 -1129 1861
13 -822 501 1064
1 680 -1736 1981
18 -93 1547 1828
12 1235 -208 1644
15 1198 -1379 1082
9 593 1639 1392
4 1664 -997 1911
6 969 -1557 1450
7 -1927 -1430 1621
14 -1893 1594 1617
16 -1625 -1687 1053
20 1777 1997 1617
17 -137 -551 1691
20 1595 558 1531
11 -335 -321 1114
10 1935 -1347 1542
2 1951 -70 1426
9 776 660 1623
12 -849 567 1430
9 -930 29 1337
9 -90 469 1887
15 -1872 1756 1895
15 107 964 1313
20 -1571 1010 1824
10 -1381 230 1907
17 -1589 -45 1067
4 -79 -438 1705
16 -288 1280 1566
2 351 388 1984
12 1839 1372 1595
20 -1558 -30 1590
15 -352 377 1028
4 396 1017 1973
3 1836 -652 1334
19 -944 -952 1304
7 -234 1187 1231
4 1409 1754 1819
18 -639 -1500 1124
7 1796 501 1801
8 -1116 -141 1557
11 -1528 -1895 1834
1 -1125 705 1053
2 24 1204 1090
12 1797 -1402 1583
16 -114 -606 1728
9 -1467 342 1943
11 455 943 1538
13 -1605 -356 1204
11 1161 -1264 1284
9 -464 1905 1888
2 -1367 -1016 1892
2 144 -1406 1028
17 101 -12 1646
18 -426 -1287 1906
8 -1189 959 1161
12 150 -1949 1175
17 792 300 1225
6 -297 -1033 1422
20 982 1165 1424
6 -481 531 1731
11 521 -1352 1077
7 1315 -910 1023
18 163 -1328 1299
12 -430 1978 1386
11 1613 1145 1882
13 -1602 -501 1744
7 -1258 1805 1939
14 1930 -816 1103
10 -891 -1361 1996
2 679 507 1692
10 1830 -94 1257
9 1016 1110 1944
3 -1141 -948 1162
8 1157 669 1604
7 -1970 -1250 1991
16 60 1641 1838
11 -324 483 1828
7 -514 315 1247
11 -1348 -1439 1924
20 -1628 1095 1084
5 1400 -1004 1322
5 -1704 -1555 1122
5 1798 -1797 1388
12 -373 -401 1629
13 1705 -1630 1124
12 1062 -93 1814
1 669 1832 1125
4 -1936 1365 1034
7 65 -831 1652
3 -1164 247 1087
16 423 1083 1777
4 936 1328 1232
8 -135 -90 1071
15 -1237 1971 1383
17 854 942 1684
1 693 -1422 1324
15 1754 -1583 1365
7 -1303 -1884 1117
16 -364 529 1430
10 -488 131 1128
8 61 1167 1562
11 1917 -429 1566
9 1489 1173 1369
3 -1747 1639 1712
4 1225 -1568 1265
7 -1881 -1027 1443
5 1570 1499 1314
9 358 -1422 1274
6 -1490 -896 1394
20 -1744 195 1326
19 -1103 -490 1279
3 -404 -586 1248
14 -376 -1194 1624
9 -1637 1893 1417
4 43 -1927 1650
13 1964 1032 1338
9 -1168 544 1260
19 -1016 -962 1229
18 -688 472 1180
7 1759 1467 1695
10 -420 -346 1458
8 1442 1642 1778
19 1119 511 1134
18 -1303 1766 1409
1 -620 -821 1627
14 1383 -402 1694
15 1290 869 1525
13 -837 280 1319
6 -884 124 1969
1 -849 1897 1645
8 -621 -989 1078
1 19 1640 1960
14 573 721 1455
3 577 1236 1177
20 -1240 -1961 1019
9 173 1806 1736
4 -125 90 1337
2 1232 668 1751
3 -1871 1709 1519
9 208 1501 1710
9 -699 -1380 1345
6 1525 -1017 1148
11 1612 -1872 1275
9 -1209 943 1226
3 -56 -329 1551
13 -1965 439 1943
6 777 -216 1972
14 -1419 -1672 1865
16 -567 1961 1581
1 1413 1366 1853
11 532 -777 1638
19 -365 866 1351
4 1430 318 1694
9 -94 -1079 1968
3 1294 -1605 1081
4 -1557 632 1512
10 592 -1783 1379
18 1778 1381 1255
5 136 -513 1045
10 -1746 -1706 1289
6 -1617 1890 1994
7 560 1119 1000
9 -161 1928 1817
4 1329 1129 1386
16 792 21 1023
4 -437 -434 1292
19 -459 -455 1469
14 1922 -1394 1450
17 992 1575 1669
13 745 1584 1526
4 1864 1886 1460
1 1708 -747 1992
16 -1900 -858 1020
3 -582 -1699 1340
3 -66 836 1608
8 980 857 1843
9 1467 -2 1899
1 636 -1170 1060
9 592 1149 1552
3 1839 -1989 1791
20 48 1629 1910
16 -1339 569 1872
13 -1324 810 1094
7 35 1065 1622
2 -277 143 1029
10 -162 -750 1576
19 1875 -463 1370
15 1967 1133 1876
6 1920 152 1926
13 1645 1453 1331
7 -979 -1274 1843
7 1480 1207 1199
13 1000 497 1787
17 -465 1834 1883
6 178 857 1164
11 -34 69 1382
10 -1663 -302 1176
12 1592 8 1762
15 -1855 -204 1333
8 -491 138 1408
9 462 -1141 1097
16 1213 1192 1684
2 1673 788 1863
9 -1101 715 1573
14 -1078 -645 1229
13 1072 -1619 1867
19 -1891 1449 1042
19 1816 -54 1148
10 1628 1672 1237
17 -1523 -494 1229
3 414 174 1541
13 -97 17 1781
4 472 -1496 1426
18 1088 1128 1058
6 250 -1120 1976
19 1755 -374 1390
5 1102 -1783 1026
19 1997 68 1282
6 1320 1307 1121
5 141 552 1369
15 -907 -503 1489
17 -1058 -841 1345
5 753 169 1840
4 -1280 1888 1381
16 1452 -1908 1901
19 -355 1277 1537
6 1205 -534 1434
19 372 379 1752
4 100 -1626 1132
1 204 -1613 1320
10 508 1708 1878
2 -452 -553 1394
13 -204 -1626 1949
19 -1955 1784 1444
7 1730 775 1746
2 -168 -554 1909
17 1094 1594 1644
6 463 991 1611
12 -402 -314 1101
2 615 -1952 1110
11 1372 1265 1452
5 -1714 344 1844
18 -1326 241 1265
6 -1097 -1985 1335
12 -17 212 1905
1 -1287 -1201 1268
3 -42 1244 1041
6 -1537 1749 1990
19 -921 -168 1397
20 -1821 -326 1137
14 -568 109 1779
7 -1146 -43 1672
20 58 1953 1550
20 1115 1108 1823
11 -466 1222 1331
20 -1042 478 1184
8 -705 -271 1118
17 227 1525 1810
11 1819 -1848 1596
2 1914 -1398 1398
6 -59 -1203 1670
9 -319 -196 1499
9 -243 -280 1878
8 -1019 402 1039
18 1924 -1565 1340
6 94 823 1060
13 271 -1616 1019
14 -968 1008 1317
8 1086 -807 1256
20 872 -807 1281
16 -605 -1725 1223
12 -1104 -1241 1792
5 -143 1649 1701
9 214 1594 1127
5 68 1320 1956
19 -1079 443 1278
12 765 -574 1402
11 1244 1686 1471
20 -1909 1915 1721
18 -962 -770 1389
17 -379 1705 1093
17 54 1930 1010
5 650 1920 1748
13 -638 597 1515
5 -532 1437 1028
12 1648 -1204 1552
13 98 1484 1057
5 -1706 -1127 1944
15 -1264 295 1705
11 289 -479 1075
3 1452 -27 1418
17 1697 1588 1701
3 560 -1266 1990
10 128 738 1845
16 1082 837 1952
13 -353 463 1197
10 1583 215 1227
9 -147 448 1586
7 1779 -1524 1582
6 -749 1885 1963
3 -354 -1083 1407
9 1307 1489 1524
8 -716 1485 1002
3 -1490 1473 1178
2 1175 -1650 1581
5 -1144 1556 1151
19 151 -1895 1770
8 -103 -1746 1305
8 1587 1057 1951
9 -796 -1014 1960
1 1674 -1421 1524
18 -106 1751 1468
16 361 -492 1100
18 502 -126 1560
9 -1492 -1255 1625
4 -1821 -103 1330
18 1972 798 1223
3 1337 1487 1816
11 1577 1129 1009
2 1432 -1417 1796
2 1490 -1347 1171
1 -673 619 1371
16 -231 -712 1401
8 1255 -1192 1704
5 1811 1509 1500
2 -1316 -1774 1563
11 577 904 1508
15 -620 -58 1469
18 709 -415 1134
4 -1065 541 1643
16 1755 1870 1791
2 -460 1820 1556
14 874 1752 1397
10 541 -1842 1927
8 1688 1375 1590
18 -1880 -128 1096
12 -970 -698 1193
17 339 -166 1299
10 -649 139 1694
9 -317 -644 1389
16 1868 -1565 1954
16 543 203 1891
6 822 1266 1270
10 -1512 1951 1306
6 880 -1232 1642
3 1740 1614 1860
17 1000 -1689 1971
6 -1808 927 1193
7 -648 -900 1087
7 1992 -954 1517
17 -1331 1015 1379
11 -955 1739 1700
6 768 -577 1352
11 -493 -707 1590
17 -1881 -779 1010
12 -536 186 1963
3 -971 -1070 1891
15 -1477 684 1398
2 70 1866 1699
17 1307 1180 1008
11 -23 62 1917
7 389 952 1996
10 -125 598 1340
15 206 -163 1746
1 -201 1110 1997
16 -1387 1388 1735
12 -1292 -1197 1396
12 -1409 -594 1419
17 -366 1804 1507
13 -1687 -137 1279
20 566 827 1505
15 1813 1379 1766
12 -1877 -1810 1312
10 -828 968 1243
3 -1478 -1433 1450
13 -508 1923 1241
20 1465 -1744 1343
12 306 -1392 1909
20 -284 906 1445
4 -1382 -1025 1382
20 1790 -52 1871
6 -1568 852 1443
12 -993 83 1461
15 590 298 1447
13 1829 33 1093
13 1194 1280 1287
9 -1212 -301 1973
11 -1832 -1733 1230
13 -835 -990 1678
15 63 19 1374
13 -736 373 1047
19 1020 -1319 1509
11 1801 1688 1132
2 -1090 -1124 1712
8 -1554 1587 1095
15 -1394 1896 1945
12 -558 946 1944
17 -349 585 1047
8 -1981 1596 1868
19 -663 1316 1125
18 1662 307 1177
1 -1585 -1301 1500
7 -1229 350 1506
4 448 -269 1364
3 1230 1117 1943
5 -499 1300 1610
20 -1288 1993 1800
17 -1203 1287 1288
3 1027 -338 1228
17 1285 994 1158
8 700 -715 1759
6 -852 1396 1607
12 1060 -50 1950
10 -1033 -1683 1499
2 -1386 1208 1286
8 858 1054 1131
16 -319 1091 1185
7 1993 8 1778
18 -463 -1117 1114
14 -518 225 1673
11 -810 1418 1063
20 -1780 1338 1669
12 1848 847 1343
4 401 -725 1219
19 1896 1965 1886
5 452 867 1553
17 1416 -1351 1665
19 1396 -1017 1797
6 1390 -175 1929
11 -416 -1773 1375
4 1049 -1163 1271
10 -599 1886 1470
12 -703 -1400 1505
5 1737 557 1101
6 -793 932 1445
9 -1285 225 1577
19 620 -1501 1226
7 -170 1199 1548
1 1058 -924 1193
9 1967 1157 1484
17 -1428 -1362 1180
2 1985 1505 1043
3 -901 -1265 1497
17 -1548 -129 1235
13 -276 -1216 1360
5 1272 -137 1732
20 -599 630 1833
13 199 593 1795
20 950 329 1973
5 -1859 -1290 1143
2 -1654 -629 1765
1 -1377 641 1616
13 1187 882 1806
12 1912 -1697 1985
15 1984 383 1867
6 -1451 -1732 1761
12 -494 1066 1149
8 -1384 -1420 1172
19 -1073 -1362 1846
7 -1189 1023 1588
13 -1520 -1867 1119
12 319 192 1052
4 1040 1830 1734
13 1564 59 1699
17 979 985 1031
17 966 -730 1645
8 1620 320 1375
14 944 195 1732
7 -1339 -1401 1560
2 -1791 -133 1946
19 1854 -1589 1976
1 1149 -185 1557
16 1134 -424 1115
19 -856 1447 1751
19 116 1044 1649
15 -755 -1135 1982
10 1587 1495 1064
17 -1425 -727 1780
6 1538 1772 1208
10 731 1619 1327
15 -1955 -937 1046
3 -1347 1021 1359
19 -4 -213 1456
17 -1554 -417 1927
19 153 -1845 1445
1 -1523 1465 1315
7 76 -585 1539
8 -656 759 1086
4 1002 1373 1069
15 1910 237 1670
12 -1520 1116 1930
3 -1258 113 1822
20 -389 -1845 1636
2 -1259 1153 1094
20 -1904 -1969 1204
15 589 1103 1085
6 1146 -1514 1470
17 -365 189 1534
15 -1415 1954 1768
4 351 1673 1931
19 -475 636 1846
4 252 498 1166
8 -341 -1164 1784
12 737 -103 1875
10 1260 1863 1943
8 939 -1129 1673
15 951 1248 1959
5 360 1630 1937
3 127 1980 1513
16 1979 -736 1322
16 976 -2 1843
10 -1121 -518 1765
7 -688 -276 1464
5 1422 1164 1406
16 -764 1368 1122
20 1729 1957 1707
4 -870 -1675 1872
9 -1955 -1435 1561
6 1972 -1339 1660
14 1787 -1459 1922
1 1742 -382 1106
14 697 987 1300
6 -1474 464 1840
4 1699 748 1257
15 -1250 1750 1963
3 331 -1647 1709
1 -537 1157 1271
10 1436 977 1011
4 -543 -645 1701
13 374 -1002 1768
10 1192 -1033 1649
1 1610 -1078 1277
7 -33 -1443 1572
7 -1709 -588 1315
9 555 -825 1108
20 -1157 1558 1864
12 -1188 669 1365
9 -1343 1471 1225
2 862 -765 1726
7 -1893 -760 1419
4 1036 251 1835
4 991 234 1627
2 -157 1103 1528
15 1125 88 1026
10 -326 723 1784
6 1830 -1554 1175
20 -1639 -446 1438
11 -331 438 1984
14 530 -530 1264
6 -1444 126 1407
17 -1467 -680 1520
3 -1988 -703 1528
1 1320 1210 1439
5 -185 1292 1749
8 1615 1277 1039
12 -1729 -614 1263
6 1187 383 1649
9 -1033 7 1291
5 -1862 1785 1334
13 -1841 -602 1391
17 1938 786 1168
9 18 -1425 1499
16 -863 1045 1476
18 -251 1404 1414
19 1076 906 1129
1 -1596 809 1422
18 -1294 812 1354
8 -633 630 1970
3 318 -1561 1565
6 -938 1394 1783
2 -149 1254 1214
10 -1301 -1839 1779
17 -754 1612 1306
11 1459 20 1115
16 1841 -784 1764
4 720 918 1151
17 127 -1020 1029
8 1252 -881 1424
1 610 -1703 1034
2 814 -1391 1029
8 355 -1346 1224
14 -1757 -1418 1928
16 1750 696 1547
5 -1512 737 1334
9 -791 511 1946
16 1608 -1706 1252
17 679 -1388 1755
20 -1044 -265 1211
13 -552 1811 1840
14 410 1015 1552
5 -634 -1863 1045
4 -1632 -1940 1260
10 1649 443 1328
13 1384 416 1379
19 1101 -716 1364
3 783 -440 1012
3 -1936 -648 1900
4 -85 -1267 1012
7 -163 -1096 1610
19 712 -817 1323
5 -821 653 1749
19 1421 1751 1942
6 -1090 -883 1646
8 -1746 1509 1041
10 1190 253 1231
7 -931 1672 1053
2 1711 682 1803
9 -175 -967 1059
9 -862 -1322 1225
18 1756 -1127 1197
6 -1497 32 1803
10 1348 -1957 1202
2 -1636 1741 1188
3 -1566 -714 1857
11 344 1072 1432
19 1034 98 1697
2 -1986 -1657 1678
3 -679 -1082 1073
3 -1423 243 1114
12 1368 -1708 1952
20 -81 -1028 1409
16 -463 -825 1487
1 646 -1189 1740
6 1266 -159 1660
20 -1665 -1957 1480
1 -358 1643 1006
9 -1699 -490 1983
5 -1343 498 1499
6 1619 -1342 1381
14 1040 1756 1719
16 -457 -715 1427
11 -291 -1397 1705
19 -495 -293 1513
12 -1352 -1778 1439
1 846 71 1203
18 -1242 461 1789
19 -1065 446 1681
10 -1555 -1214 1132
16 1435 1285 1817
17 807 1257 1595
12 1678 1480 1593
12 -195 1488 1789
14 763 423 1739
5 -691 -352 1546
20 193 1693 1270
3 -750 -1710 1114
14 -1016 482 1362
9 1799 1357 1592
14 -1211 -228 1938
6 -1795 -1317 1812
8 -1030 78 1505
1 1953 231 1332
6 -1519 1202 1288
17 -1612 -1072 1087
9 -1707 -1703 1655
5 283 1990 1646
17 -1895 -756 1508
5 1450 1638 1409
4 1254 887 1210
2 -1772 -89 1085
10 265 214 1817
9 -1793 -857 1742
1 1334 -1050 1054
7 -660 301 1554
14 -118 1284 1455
1 -1580 -1481 1473
9 702 -1217 1009
20 63 671 1686
7 -1810 -965 1396
6 -1907 1856 1355
11 -1569 -793 1137
2 796 -546 1689
15 -1493 -1914 1496
10 -121 506 1393
19 359 -1207 1581
12 653 780 1208
18 -408 276 1484
16 -1519 171 1247
13 535 192 1397
6 -1141 -336 1850
18 1720 322 1422
13 589 1474 1563
14 1699 -6 1964
13 -440 1658 1824
5 -673 407 1797
11 837 1157 1845
9 1234 990 1437
4 -584 1117 1525
3 248 1533 1067
13 1809 1156 1972
11 -1626 -1550 1937
3 -1142 -738 1519
6 -178 681 1201
11 1058 834 1516
2 1874 -1402 1651
15 -419 1754 1370
16 1646 -984 1459
14 561 -1831 1375
8 1874 -1542 1797
3 -393 -1968 1163
4 -556 1441 1773
9 -1757 -913 1154
1 -348 1678 1167
11 733 -1423 1799
11 716 -818 1114
12 1520 1913 1474
19 -794 1053 1178
15 -669 -1511 1167
4 -135 -1653 1566
8 -1830 -188 1834
8 1702 -1970 1726
20 582 -195 1534
11 -61 -954 1690
12 1523 -1700 1891
4 196 755 1037
1 -1589 -1008 1756
8 509 104 1802
4 -1727 -866 1359
1 1607 502 1394
11 -1329 -224 1744
12 -1906 733 1127
9 -1540 1503 1638
13 -127 1291 1732
12 641 -1931 1788
10 987 -154 1140
18 1728 -644 1676
7 1352 -1795 1216
2 -1081 1175 1060
18 1717 896 1001
15 6 -733 1060
4 -1753 192 1599
17 -1161 -1838 1969
5 -1034 1257 1950
1 -1325 -298 1680
15 -987 608 1373
15 1075 -1993 1249
2 389 -1966 1543
18 -1530 1885 1737
20 -916 1239 1250
2 1288 -937 1873
5 -281 -995 1184
5 -539 -95 1245
11 -190 -1434 1307
18 1977 1692 1046
11 -1501 -756 1480
19 1169 897 1865
17 -436 163 1063
17 58 1453 1845
3 -1679 -1149 1027
10 -751 432 1011
17 -1342 -797 1872
9 -453 -1831 1002
13 1050 146 1302
1 27 138 1929
16 -1027 -1275 1863
2 1781 -203 1061
2 -358 -299 1498
16 1567 941 1103
5 115 -48 1063
14 86 -1692 1441
13 1469 1832 1370
12 952 158 1693
20 -1444 -1244 1446
19 754 318 1418
14 1594 -1444 1006
8 -60 -330 1330
13 -33 -1727 1387
20 -93 -1782 1914
5 -121 -903 1894
16 1718 1685 1820
1 1562 972 1256
10 -683 484 1339
11 -1298 791 1041
1 -215 -1367 1879
3 -76 -714 1964
12 -1088 -1725 1130
3 -1709 1205 1608
18 1166 1985 1016
3 -311 1762 1251
18 1205 1464 1510
10 -128 -1898 1035
19 -244 -62 1759
13 1779 -1775 2000
4 1416 -1597 1131
7 -1260 -1925 1147
17 1551 572 1963
2 -1312 -14 1894
19 -534 1965 1021
2 649 1395 1121
7 -1324 -1192 1630
2 -973 148 1567
6 1109 1682 1346
3 155 122 1465
17 1596 -1969 1791
11 -1656 1386 1525
13 1857 -890 1497
19 16 1906 1407
20 -1150 -1141 1914
19 -498 -824 1753
1 660 1827 1737
5 -752 -768 1229
2 481 1517 1590
9 -598 -539 1382
17 -1795 1933 1323
17 761 1228 1286
14 -1824 -1014 1539
